;MDL File generated by SOEdit Version Next (v0.7m4)
;Model created by: Horten
;Date: Sun Dec  8 20:21:02 2024
;File: C:\Users\Professional\Desktop\mod\1_Pe-2-205\pe2_205.max
;Model create/rebuild by: horten
;Last build date: Monday 8 December 2024 [22:57:11]
{Skeleton
    {Bone "basis"
        {Orientation
            1	0	0
            0	-1	0
            0	0	1
        }
        {Bone "body"
            {Parameters "ID=body;"}
            {Position -16.0683	0.655028	49.0035}
            {VolumeView "body.ply"}
            {Bone "antenna"
                {Parameters "ID=body;"}
                {VolumeView "antenna.ply"}
            }
            {Bone "bomb_00"
                {Parameters "ID=body;"}
                {Position 44.9593	8.59695	-25.3678}
                {VolumeView "bomb_00.ply"}
            }
            {Bone "bomb_01"
                {Parameters "ID=body;"}
                {Position 44.9593	-9.907	-25.3678}
                {VolumeView "bomb_01.ply"}
            }
            {Bone "cockpit"
                {Parameters "ID=body;"}
                {Position 101.081	0	-16.7632}
                {VolumeView "cockpit.ply"}
            }
            {Bone "cockpittop"
                {Parameters "ID=body;"}
                {Position 82.8024	0	5.69939}
                {VolumeView "cockpittop.ply"}
            }
            {Bone "door_central2"
                {Parameters "ID=body;"}
                {Matrix34
                    1	0	0
                    0	0.173648	-0.984808
                    0	0.984808	0.173648
                    -71.6791	-4.81251	-16.5871
                }
                {VolumeView "door_central2.ply"}
            }
            {Bone "door_central1"
                {Parameters "ID=body;"}
                {Matrix34
                    1	0	0
                    0	0.173648	0.984808
                    0	-0.984808	0.173648
                    -71.6791	4.80907	-16.6145
                }
                {VolumeView "door_central1.ply"}
            }
            {Bone "driver"
                {Position 82.8751	-0.655028	-16.5}
            }
            {Bone revolute "elevator1"
                {Parameters "ID=body;"}
                {Matrix34
                    1	0	0
                    0	-0.150825	0.988561
                    0	-0.988561	-0.150825
                    -99.9103	6.1363	-9.59879
                }
                {VolumeView "elevator1.ply"}
            }
            {Bone revolute "elevator2"
                {Parameters "ID=body;"}
                {Matrix34
                    1	0	0
                    0	0.196379	0.980528
                    0	-0.980528	0.196379
                    -99.9103	-7.44347	-9.59858
                }
                {VolumeView "elevator2.ply"}
            }
            {Bone "glass3"
                {Parameters "ID=body;"}
                {Matrix34
                    0	1	0
                    -1	0	0
                    0	0	1
                    39.0823	0	-8.68792
                }
                {VolumeView "glass3.ply"}
            }
            {Bone "glass4"
                {Parameters "ID=body;"}
                {Matrix34
                    0	1	0
                    -1	0	0
                    0	0	1
                    39.0823	0	-8.68792
                }
                {VolumeView "glass4.ply"}
            }
            {Bone "glass5"
                {Parameters "ID=body;"}
                {Matrix34
                    0	1	0
                    -1	0	0
                    0	0	1
                    39.0823	0	-8.68792
                }
                {VolumeView "glass5.ply"}
            }
            {Bone "glass7"
                {Parameters "ID=body;"}
                {Position 45.2808	95.6317	-17.5958}
                {VolumeView "glass7.ply"}
            }
            {Bone revolute "gun_rot1"
                {Position 118.988	3.57321	-4.63257}
                {Bone revolute "gun_rot2"
                    {Orientation
                        1	0	0
                        0	0	1
                        0	-1	0
                    }
                    {Bone "foresight1"
                    }
                }
            }
            {Bone revolute "rudder1"
                {Parameters "ID=body;"}
                {Position -101.813	49.4112	1.51321}
                {VolumeView "rudder1.ply"}
            }
            {Bone revolute "rudder2"
                {Parameters "ID=body;"}
                {Position -101.814	-49.4188	1.51321}
                {VolumeView "rudder2.ply"}
            }
            {Bone "shooter_bb00"
                {Position 44.9503	8.59695	-25.3592}
            }
            {Bone "shooter_bb01"
                {Position 44.9503	-9.907	-25.3592}
            }
            {Bone revolute "turret1"
                {Parameters "ID=body;"}
                {Matrix34
                    -1	0	0
                    0	-1	0
                    0	0	1
                    62.0818	-0.000195503	4.03236
                }
                {VolumeView "turret1.ply"}
                {Bone "glass2"
                    {Parameters "ID=body;"}
                    {Matrix34
                        -1	0	0
                        0	-1	0
                        0	0	1
                        1.03378	0	3.75572
                    }
                    {VolumeView "glass2.ply"}
                }
                {Bone revolute "mg"
                    {Parameters "ID=body;"}
                    {Matrix34
                        1	0	0
                        0	0	1
                        0	-1	0
                        4.14444	0.00372708	1.70815
                    }
                    {VolumeView "mg.ply"}
                    {Bone "foresight6"
                        {Matrix34
                            1	0	0
                            0	0	-1
                            0	1	0
                            19.0515	0.119476	-0.00150526
                        }
                    }
                }
                {Bone "gunner"
                    {Position -0.140236	0.0326799	-19}
                }
            }
            {Bone "visor"
                {Position 91.6913	-0.655028	6.37032}
            }
            {Bone "wingl1"
                {Parameters "ID=wingleft;"}
                {Position 45.2808	19.2831	-17.5958}
                {VolumeView "wingl1.ply"}
                {Bone "wingl2"
                    {Parameters "ID=wingleft;"}
                    {VolumeView "wingl2.ply"}
                    {Bone revolute "alieron1"
                        {Parameters "ID=wingleft;"}
                        {Matrix34
                            0.992404	-0.0868241	0.0871557
                            -0.0868241	0.00759608	0.996195
                            -0.0871557	-0.996195	0
                            -27.1613	83.5835	6.07445
                        }
                        {VolumeView "alieron1.ply"}
                    }
                }
                {Bone "engine1"
                    {Parameters "ID=wingleft;"}
                    {VolumeView "engine1.ply"}
                    {Bone "fxsmoke1"
                        {Matrix34
                            0.96225	-0.0871555	-0.257834
                            0.0841857	0.996195	-0.0225578
                            0.258819	0	0.965926
                            20.5499	36.8799	4.54329
                        }
                    }
                    {Bone "fxsmoke2"
                        {Matrix34
                            0.96225	0.0871557	-0.257834
                            -0.084186	0.996195	0.0225576
                            0.258819	0	0.965926
                            20.5499	18.8223	4.54329
                        }
                    }
                    {Bone "propeller1"
                        {Parameters "ID=propeller1;commonmesh;"}
                        {Position 49.3939	27.9103	1.20346}
                        {VolumeView "propeller1.ply"}
                    }
                    {Bone "door_left1"
                        {Parameters "ID=body;"}
                        {Matrix34
                            1	0	0
                            0	0.173648	0.984808
                            0	-0.984808	0.173648
                            -1.80305	33.7712	-11.872
                        }
                        {VolumeView "door_left1.ply"}
                    }
                    {Bone "door_left2"
                        {Parameters "ID=body;"}
                        {Matrix34
                            1	0	0
                            0	0.173648	-0.984808
                            0	0.984808	0.173648
                            -1.7997	22.0486	-11.8542
                        }
                        {VolumeView "door_left2.ply"}
                    }
                    {Bone "propeller1_work"
                        {Parameters "ID=propeller1;commonmesh;"}
                        {Matrix34
                            0	1	0
                            -1	0	0
                            0	0	1
                            55.2028	27.9223	1.20026
                        }
                        {VolumeView "propeller1_work.ply"}
                    }
                }
            }
            {Bone "wingr1"
                {Parameters "ID=wingright;"}
                {Position 45.2808	-19.2561	-17.5958}
                {VolumeView "wingr1.ply"}
                {Bone "wingr2"
                    {Parameters "ID=wingright;"}
                    {VolumeView "wingr2.ply"}
                    {Bone revolute "alieron2"
                        {Parameters "ID=wingright;"}
                        {Matrix34
                            0.977312	0.114686	0.178069
                            -0.185038	0.0532042	0.98129
                            0.103066	-0.991976	0.0732183
                            -27.3569	-82.4117	6.43825
                        }
                        {VolumeView "alieron2.ply"}
                    }
                }
                {Bone "engine2"
                    {Parameters "ID=wingright;"}
                    {VolumeView "engine2.ply"}
                    {Bone "fxsmoke4"
                        {Matrix34
                            0.96225	0.0871557	-0.257834
                            -0.084186	0.996195	0.0225576
                            0.258819	0	0.965926
                            20.5499	-36.9295	4.54329
                        }
                    }
                    {Bone "fxsmoke3"
                        {Matrix34
                            0.96225	-0.0871555	-0.257834
                            0.0841857	0.996195	-0.0225578
                            0.258819	0	0.965926
                            20.5499	-19.0918	4.54329
                        }
                    }
                    {Bone "propeller2"
                        {Parameters "ID=propeller2;commonmesh;"}
                        {Position 49.394	-27.9393	1.20346}
                        {VolumeView "propeller2.ply"}
                    }
                    {Bone "door_right1"
                        {Parameters "ID=body;"}
                        {Matrix34
                            1	0	0
                            0	0.173648	0.984808
                            0	-0.984808	0.173648
                            -1.80305	-22.0796	-11.872
                        }
                        {VolumeView "door_right1.ply"}
                    }
                    {Bone "door_right2"
                        {Parameters "ID=body;"}
                        {Matrix34
                            1	0	0
                            0	0.173648	-0.984808
                            0	0.984808	0.173648
                            -1.79977	-33.8022	-11.8542
                        }
                        {VolumeView "door_right2.ply"}
                    }
                    {Bone "propeller2_work"
                        {Parameters "ID=propeller2;commonmesh;"}
                        {Matrix34
                            0	1	0
                            -1	0	0
                            0	0	1
                            55.2028	-27.9254	1.20025
                        }
                        {VolumeView "propeller2_work.ply"}
                    }
                }
            }
            {Bone revolute "mgd_rot_v"
                {Matrix34
                    -0.984808	0	-0.173648
                    -0.173648	0	0.984808
                    0	1	0
                    -21.5457	-0.00541925	-18.8212
                }
                {Bone revolute "mg_d"
                    {Parameters "ID=body;"}
                    {Matrix34
                        1	0	0
                        0	0	-1
                        0	1	0
                        0.00343704	0.00330353	0.00632292
                    }
                    {VolumeView "mg_d.ply"}
                    {Bone "foresight3"
                        {Matrix34
                            1	0	0
                            0	0	1
                            0	-1	0
                            18.4557	0.00632286	-2.20612
                        }
                    }
                }
            }
            {Bone revolute "mgl_rot_v"
                {Matrix34
                    0	1	0
                    0	0	1
                    1	0	0
                    -0.758324	11.9631	-6.61648
                }
                {Bone revolute "mg_l"
                    {Parameters "ID=body;"}
                    {Matrix34
                        1	0	0
                        0	0	-1
                        0	1	0
                        0.00427055	-0.00580597	-0.00156784
                    }
                    {VolumeView "mg_l.ply"}
                    {Bone "foresight4"
                        {Position 9.55223	-0.00157166	-0.253613}
                    }
                }
            }
            {Bone revolute "mgr_rot_v"
                {Matrix34
                    0	-1	0
                    0	0	1
                    -1	0	0
                    -0.758324	-11.9739	-6.61648
                }
                {Bone revolute "mg_r"
                    {Parameters "ID=body;"}
                    {Matrix34
                        1	0	0
                        0	0	-1
                        0	1	0
                        0.00967979	0	0.00133896
                    }
                    {VolumeView "mg_r.ply"}
                    {Bone "foresight5"
                        {Position 9.38336	0.00134087	-0.259418}
                    }
                }
            }
            {Bone revolute "gun_rot3"
                {Position 121.965	-4.67083	-6.482}
                {Bone revolute "gun_rot4"
                    {Orientation
                        1	0	0
                        0	0	1
                        0	-1	0
                    }
                    {Bone "foresight2"
                    }
                }
            }
            {Bone "emit1"
                {Matrix34
                    -0.0871559	-0.996195	0
                    0.98106	-0.0858318	-0.173648
                    0.172987	-0.0151345	0.984808
                    -7.43126	22.4036	-45.1785
                }
            }
            {Bone "emit2"
                {Matrix34
                    -0.0871559	-0.996195	0
                    0.98106	-0.0858318	-0.173648
                    0.172987	-0.0151345	0.984808
                    -23.9168	23.8459	-42.2606
                }
            }
            {Bone "gunner2"
                {Matrix34
                    -0.984808	0	-0.173648
                    0	-1	0
                    -0.173648	0	0.984808
                    -9	-0.00542456	-18
                }
            }
            {Bone "gunner1"
                {Matrix34
                    0	1	0
                    -0.996195	0	-0.0871557
                    -0.0871557	0	0.996195
                    3.18527	-0.0054267	-22.5
                }
            }
        }
        {Bone "pivot_back"
            {Position -81.082	0	30.7703}
            {Bone "gearback"
                {Parameters "ID=body;"}
                {Matrix34
                    0	1	0
                    -0.422618	0	-0.906308
                    -0.906308	0	0.422618
                    1.27308	0.654971	1.18556
                }
                {VolumeView "gearback.ply"}
                {Bone revolute "wheelback"
                    {Parameters "ID=body;radius=0.247;support;"}
                    {Matrix34
                        0	-0.422618	-0.906308
                        0	0.906308	-0.422618
                        1	0	0
                        1.62125e-05	10.6204	4.08582
                    }
                    {VolumeView "wheelback.ply"}
                }
            }
        }
        {Bone "pivot_front"
            {Position 40.0964	0	-8.2357}
            {Bone "gear_r"
                {Parameters "ID=gear_r;"}
                {Matrix34
                    -0.342021	0	0.939692
                    0	1	0
                    -0.939692	0	-0.342021
                    0.0253525	-46.5192	27.8356
                }
                {VolumeView "gear_r.ply"}
                {Bone revolute "wheel_r"
                    {Parameters "ID=gear_r;radius=0.477;"}
                    {Matrix34
                        -0.34202	0	-0.939692
                        -0.939692	0	0.34202
                        0	1	0
                        -17.7845	-0.000320435	6.55942
                    }
                    {VolumeView "wheel_r.ply"}
                }
            }
            {Bone "gear_l"
                {Parameters "ID=gear_l;"}
                {Matrix34
                    -0.342021	0	0.939692
                    0	1	0
                    -0.939692	0	-0.342021
                    0.0253258	47.8296	27.8182
                }
                {VolumeView "gear_l.ply"}
                {Bone revolute "wheel_l"
                    {Parameters "ID=gear_l;radius=0.477;"}
                    {Matrix34
                        -0.34202	0	-0.939692
                        -0.939692	0	0.34202
                        0	1	0
                        -17.7845	-0.000335693	6.57673
                    }
                    {VolumeView "wheel_l.ply"}
                }
            }
            {Bone "support1"
                {Matrix34
                    1	0	0
                    0	0	1
                    0	-1	0
                    -0.108074	47.8346	0.391823
                }
            }
            {Bone "support2"
                {Matrix34
                    1	0	0
                    0	0	1
                    0	-1	0
                    -0.108059	-46.5157	0.391838
                }
            }
        }
    }
}
