;Exported by: Sergey
;Date:        Fri Jan 15 22:08:13 2016
;File:        C:\Users\user\Documents\3dsMax\scenes\Reibel_MAC_31_x2_xx.max
{Skeleton
	{bone "basis"
		{Orientation
			1	0	0
			0	-1	0
			0	0	1
		}
		{bone "part4"
			{parameters "ID=body;"}
			{Matrix34
				-0.29517	0	-0.955445
				0	1	0
				0.955445	0	-0.29517
				-7.31118	0	8.34962
			}
			{VolumeView "part4.ply"}
		}
		{bone "part1"
			{parameters "ID=gun;"}
			{Matrix34
				1	0	0
				0	-0.999657	-0.0261799
				0	0.0261744	-0.999657
				-27.3182	-0.497356	0.623891
			}
			{VolumeView "mle31.ply"}
		}
		{bone "part2"
			{parameters "ID=gun;"}
			{Matrix34
				0.994537	0	-0.104385
				0	1	0
				0.104385	0	0.994537
				16.4497	-0.497355	1.95559
			}
			{VolumeView "mle31.ply"}
		}
		{bone "part3"
			{Matrix34
				-0.346513	0.916099	0.20172
				-0.205695	-0.284015	0.936496
				0.915215	0.283015	0.286852
				3.48922	15.8658	-0.148836
			}
			{VolumeView "part3.ply"}
		}
	}
}
{Volume "part1"
	{Box 20.5526 2.12264 1.3231}
	{Bone "part1"}
	{Matrix34
		1	0	0
		0	1	0
		0	0	1
		6.76332	2.48511	0.120153
	}
}
{Volume "part2"
	{Box 20.5526 2.12264 1.3231}
	{Bone "part2"}
	{Matrix34
		1	0	0
		0	1	0
		0	0	1
		6.76332	2.48511	-0.0397664
	}
}
{Volume "part3"
	{Box 22.5548 2.63939 6.97039}
	{Bone "part3"}
	{Matrix34
		-0.346513	-0.205695	0.915215
		0.20172	0.936496	0.286852
		-0.9161	0.284015	-0.283015
		2.26885	0.34293	1.0666
	}
}
{Volume "part4"
	{Cylinder 10.2039 20.4295}
	{Bone "part4"}
	{Position 0	0	10.2148}
}
