;Exported by: Sergey
;Date:        Fri Sep 07 09:38:36 2012
;File:        D:\Documents\3dsmax\scenes\Ckm 7,92 mm wz. 30 Browning\Ckm 7,92 mm wz. 30 Browning_x.max
{Skeleton
	{bone "basis"
		{Orientation
			1	0	0
			0	-1	0
			0	0	1
		}
		{bone "body"
			{parameters "ID=body;"}
			{Matrix34
				0.968461	0	0.249167
				0	1	0
				-0.249167	0	0.968461
				0	0	6.93354
			}
			{VolumeView "body.ply"}
			{bone revolute "turret"
				{parameters "ID=body;"}
				{Position 0	0	1.76183}
				{VolumeView "turret.ply"}
				{bone revolute "gun_root"
					{parameters "ID=body;"}
					{limits -5 20}
					{Matrix34
						1	0	0
						0	0	-1
						0	1	0
						0.000962496	0.000358363	3.80861
					}
					{VolumeView "gun_root.ply"}
					{bone "homut"
						{Matrix34
							0	0	1
							0	-1	0
							1	0	0
							8.54438	0.222259	0.00452423
						}
						{VolumeView "homut.ply"}
					}
					{bone "mgun"
						{Matrix34
							1	0	0
							0	-1	0
							0	0	-1
							-7.98931	2.09227	-0.000354152
						}
					}
				}
			}
			{bone "support1"
				{parameters "ID=body;"}
				{Matrix34
					-0.891833	-0.00789472	0.452295
					-0.452364	0.0155637	-0.891698
					0	0.999848	0.0174515
					-1.47689	-0.000701641	-0.892239
				}
				{VolumeView "support1.ply"}
				{bone "support11"
					{parameters "ID=body;"}
					{Matrix34
						0.580918	-0.813838	0.0142058
						0	0.0174526	0.999848
						-0.813962	-0.580829	0.0101384
						12.1591	8.63387	-0.15069
					}
					{VolumeView "support11.ply"}
				}
			}
			{bone "support2"
				{parameters "ID=body;"}
				{Matrix34
					0.702201	-0.711959	-0.00528094
					0.00871767	0.0160144	-0.999834
					0.711926	0.702038	0.0174519
					1.0482	-1.05245	-0.892239
				}
				{VolumeView "support2.ply"}
				{bone "support21"
					{parameters "ID=body;"}
					{Matrix34
						0.580917	-0.813838	0.0142058
						0	0.0174526	0.999848
						-0.813962	-0.580829	0.0101384
						12.1591	8.63387	-0.150688
					}
					{VolumeView "support21.ply"}
				}
			}
			{bone "support3"
				{parameters "ID=body;"}
				{Matrix34
					0.689908	0.723878	-0.00528093
					-0.0162763	0.00821834	-0.999834
					-0.723714	0.689879	0.0174519
					0.990964	1.02678	-0.892239
				}
				{VolumeView "support3.ply"}
				{bone "support31"
					{parameters "ID=body;"}
					{Matrix34
						0.580918	-0.813839	0.0142057
						0	0.0174526	0.999848
						-0.813962	-0.580829	0.0101384
						12.1591	8.63387	-0.15069
					}
					{VolumeView "support31.ply"}
				}
			}
		}
	}
}
{Volume "body_01"
	{Cylinder 0.762804 14.7792}
	{Bone "support1"}
	{Matrix34
		-0.592597	0.805377	-0.0140023
		9.22927e-005	0.0174513	0.999848
		-0.805499	-0.592506	0.0104159
		5.44579	4.09758	0.0684566
	}
}
{Volume "body_02"
	{Cylinder 0.762804 14.7792}
	{Bone "support2"}
	{Matrix34
		0.567891	-0.767211	0.298138
		-0.177348	0.239654	0.954523
		-0.803771	-0.594939	3.38461e-005
		5.60207	4.07375	-0.30025
	}
}
{Volume "body_03"
	{Cylinder 0.762804 14.7792}
	{Bone "support3"}
	{Matrix34
		0.3136	-0.463465	-0.828767
		0.46494	-0.686066	0.559593
		-0.827941	-0.560816	0.00033316
		4.92478	3.72524	0.00507284
	}
}
{Volume "body_04"
	{Cylinder 1.26589 12.7785}
	{Bone "turret"}
	{Matrix34
		0	-1	0
		0	0	1
		-1	0	0
		4.62643	-0.135652	1.39925
	}
}
{Volume "body"
	{Cylinder 3.36487 2.81651}
	{Bone "body"}
	{Position 0.00298202	-0.00567431	1.46177}
}
