;Exported by:	 TigerF
;Date:			 05.01.2021 19:38:10
;File:			 D:\PROGRAMS\3ds_max\3dsmax9_saves\scenes\Early WW2 tanks\russian\t26_all ver\t26_38\t26_38_xx.max
{skeleton
	{bone "basis"
		{orientation
			1 	 0 	 0
			0 	 -1 	 0
			0 	 0 	 1
		}
		{bone "body"
			{parameters "id=body;"}
			{matrix34
				0.9985 	 0.0436 	 -0.0333
				-0.0424 	 0.9984 	 0.0364
				0.0349 	 -0.0349 	 0.9988
				0.0829 	 -0.002 	 6.1495
			}
			{VolumeView "body.ply"}
			{bone revolute "part4"
				{parameters "id=part4;"}
				{matrix34
					1 	 0 	 0
					0 	 0 	 -1
					0 	 1 	 0
					39.1623 	 20.6286 	 7.7211
				}
				{VolumeView "part4.ply"}
			}
			{bone "part3"
				{parameters "id=part3;"}
				{matrix34
					0.9985 	 -0.0424 	 0.0349
					0.0436 	 0.9984 	 -0.0349
					-0.0333 	 0.0364 	 0.9988
					39.1924 	 -20.9771 	 7.7391
				}
				{VolumeView "part3.ply"}
			}
			{bone "part2"
				{parameters "id=part2;"}
				{matrix34
					0.9985 	 -0.0424 	 0.0349
					0.0436 	 0.9984 	 -0.0349
					-0.0333 	 0.0364 	 0.9988
					-35.5107 	 20.378 	 2.2225
				}
				{VolumeView "part2.ply"}
			}
			{bone revolute "turret"
				{parameters "id=turret;"}
				{matrix34
					0.8528 	 -0.522 	 0.0141
					0.5217 	 0.8528 	 0.0228
					-0.0239 	 -0.0121 	 0.9996
					1.925 	 3.5827 	 22.6658
				}
				{VolumeView "turret.ply"}
				{bone "part1"
					{parameters "id=part1;"}
					{matrix34
						0.9985 	 -0.0424 	 0.0349
						0.0436 	 0.9984 	 -0.0349
						-0.0333 	 0.0364 	 0.9988
						-17.6297 	 -3.7695 	 13.9794
					}
					{VolumeView "part1.ply"}
				}
			}
		}
	}
}
{volume "barrel"
	{polyhedron "barrel.vol"}
	{bone "turret"}
	{matrix34
		0.989 	 0 	 -0.1478
		0 	 1 	 0
		0.1478 	 0 	 0.989
		27.1016 	 0.0526 	 4.7182
	}
}
{volume "body1"
	{polyhedron "body1.vol"}
	{bone "body"}
	{Position 15.4946 	 -0.0336 	 7.7172}
}
{volume "body2"
	{polyhedron "body2.vol"}
	{bone "body"}
	{Position 1.8913 	 -0.0336 	 18.7553}
}
{volume "body3"
	{polyhedron "body3.vol"}
	{bone "body"}
	{Position 15.6898 	 -9.7299 	 18.5767}
}
{volume "body4"
	{polyhedron "body4.vol"}
	{bone "body"}
	{Position 18.4431 	 -9.7299 	 15.6302}
}
{volume "engine"
	{polyhedron "engine.vol"}
	{bone "body"}
	{Position -25.296 	 -0.0336 	 7.7172}
}
{volume "mantlet1"
	{polyhedron "mantlet1.vol"}
	{bone "turret"}
	{matrix34
		0.989 	 0 	 -0.1478
		0 	 1 	 0
		0.1478 	 0 	 0.989
		16.1329 	 0.0586 	 5.6745
	}
}
{volume "mantlet2"
	{polyhedron "mantlet2.vol"}
	{bone "turret"}
	{matrix34
		0.989 	 0 	 -0.1478
		0 	 1 	 0
		0.1478 	 0 	 0.989
		15.1883 	 0.0586 	 2.7855
	}
}
{volume "part1"
	{cylinder 5.26731 0.407793}
	{bone "part1"}
	{matrix34
		-0.0407 	 -0.9984 	 0.0382
		-0.9991 	 0.0405 	 -0.0082
		0.0066 	 -0.0385 	 -0.9992
		-0.6245 	 0.0685 	 0.4117
	}
}
{volume "part2"
	{cylinder 6.2525 4.30804}
	{bone "part2"}
	{matrix34
		0.9989 	 -0.0289 	 -0.0367
		0.0378 	 0.041 	 0.9984
		-0.0274 	 -0.9987 	 0.0421
		0.0734 	 -0.1937 	 -0.0242
	}
}
{volume "part3"
	{cylinder 6.87088 4.30804}
	{bone "part3"}
	{matrix34
		0.9985 	 0.0436 	 -0.0333
		0.0349 	 -0.0349 	 0.9988
		0.0424 	 -0.9984 	 -0.0364
		-0.1118 	 0.649 	 -0.0597
	}
}
{volume "part4"
	{cylinder 6.87088 4.30804}
	{bone "part4"}
	{matrix34
		1 	 0 	 0
		0 	 -1 	 0
		0 	 0 	 -1
		-0.0512 	 0.0681 	 -0.2515
	}
}
{volume "trackleft"
	{polyhedron "trackleft.vol"}
	{bone "body"}
	{matrix34
		0.9985 	 -0.0424 	 0.0349
		0.0436 	 0.9984 	 -0.0349
		-0.0333 	 0.0364 	 0.9988
		2.5684 	 20.9624 	 4.4588
	}
}
{volume "trackright"
	{polyhedron "trackright.vol"}
	{bone "body"}
	{matrix34
		0.9985 	 -0.0424 	 0.0349
		0.0436 	 0.9984 	 -0.0349
		-0.0333 	 0.0364 	 0.9988
		0.7685 	 -20.2613 	 5.8997
	}
}
{volume "turret1"
	{polyhedron "turret1.vol"}
	{bone "turret"}
	{Position 0.2458 	 0.0193 	 0.2385}
}
{volume "turret2"
	{polyhedron "turret2.vol"}
	{bone "turret"}
	{Position 10.9208 	 0.1099 	 7.3021}
}
{volume "turret3"
	{polyhedron "turret3.vol"}
	{bone "turret"}
	{Position -5.0485 	 -0.0513 	 6.7761}
}
