;Exported by: Normand
;Date:        Sun Jul 05 19:08:46 2020
;File:        C:\Users\Normand\french_scout_x.max
{Skeleton
	{bone "basis"
		{parameters "SteerMax=30;WheelRadius=0.18;"}
		{Orientation
			1	0	0
			0	-1	0
			0	0	1
		}
		{bone "body"
			{parameters "ID=body;"}
			{animation
				{sequence "break" {file "body_b.anm"} {speed 0.4}}
			}
			{Position 1.16298	0.0538424	8.5481}
			{VolumeView "body.ply"}
			{bone "motor"
				{parameters "ID=body;"}
				{Position 14.1704	-1.0801	-1.201}
				{VolumeView "motor.ply"}
			}
			{bone revolute "steerrudder"
				{parameters "ID=body;"}
				{Matrix34
					0.449859	0	0.8931
					0	1	0
					-0.8931	0	0.449859
					8.88856	-8.01877	11.0915
				}
				{VolumeView "steerrudder.ply"}
			}
			{bone "wh_sp"
				{parameters "ID=body;"}
				{Position -5.2291	0.253182	7.54205}
				{VolumeView "wh_sp.ply"}
			}
			{bone "wh_sp2"
				{parameters "ID=body;"}
				{Position 1.10854	0.0112816	-1.5795}
				{VolumeView "wh_sp2.ply"}
			}
			{bone "enumerator"
				{parameters "ID=enumerator;"}
				{Position -0.345341	-0.0198825	9.35585}
				{VolumeView "enumerator.ply"}
			}
			{bone "engine"
				{parameters "ID=engine;"}
				{animation
					{sequence "break" {file "engine_b.anm"} {speed 0.4}}
				}
				{VolumeView "engine.ply"}
				{bone "engine_cover2"
					{parameters "ID=engine;"}
					{Matrix34
						0.99294	0	-0.118615
						0	1	0
						0.118615	0	0.99294
						27.9141	0.708138	9.01356
					}
					{VolumeView "engine_cover2.ply"}
				}
				{bone "engine_cover1"
					{parameters "ID=engine;"}
					{Matrix34
						0.99294	0	-0.118615
						0	1	0
						0.118615	0	0.99294
						27.9141	-0.492028	9.01375
					}
					{VolumeView "engine_cover1.ply"}
				}
			}
			{bone "glass1"
				{parameters "ID=glass;"}
				{Matrix34
					0.987701	0	0.156352
					0	1	0
					-0.156352	0	0.987701
					-4.77577	-0.0521601	-53.3032
				}
				{VolumeView "glass1.ply"}
			}
			{bone "glass2"
				{parameters "ID=glass;"}
				{Matrix34
					0.987701	0	0.156352
					0	1	0
					-0.156352	0	0.987701
					-4.77577	-0.0521601	-53.3032
				}
				{VolumeView "glass2.ply"}
			}
		}
		{bone "pivot_front"
			{parameters "ID=body;"}
			{Position 23.1392	-1.76023	5.51054}
			{VolumeView "pivot_front.ply"}
			{bone revolute "steerl"
				{Matrix34
					-1	0	0
					0	1	0
					0	0	1
					-0.00600815	15.6681	-0.0613241
				}
			{bone prizmatic "suspension_l1"
				{limits -0.04 0.03}
				{speed2 0.5}
				{Matrix34
					1   0   0
					0   1   0
					0   0   1
						-0.0975533	0.811659	0.0455198
				}
				{bone revolute "wheell1"
					{parameters "ID=wheelleft1;"}
					{Matrix34
						1	0	0
						0	0	1
						0	1	0
					0   0   0
					}
					{VolumeView "wheell1.ply"}
				}
			}
			}
			{bone revolute "steerr"
				{Matrix34
					-1	0	0
					0	1	0
					0	0	1
					-0.00600052	-12.0131	-0.0613241
				}
			{bone prizmatic "suspension_r1"
				{limits -0.04 0.03}
				{speed2 0.5}
				{Matrix34
					1   0   0
					0   1   0
					0   0   1
						-0.0975456	-0.946516	0.0455236
				}
				{bone revolute "wheelr1"
					{parameters "ID=wheelright1;"}
					{Matrix34
						1	0	0
						0	0	1
						0	1	0
					0   0   0
					}
					{VolumeView "wheelr1.ply"}
				}
			}
			}
			{bone "sping"
				{parameters "ID=body;"}
				{Position 0.347626	1.75197	1.2425}
				{VolumeView "sping.ply"}
			}
		}
		{bone "pivot_back"
			{Position -11.7376	2.16046	5.41437}
			{VolumeView "pivot_back.ply"}
			{bone prizmatic "suspension_l2"
				{limits -0.04 0.03}
				{speed2 0.5}
				{Matrix34
					1   0   0
					0   1   0
					0   0   1
					-9.86225	12.5732	0.0803747
				}
			{bone revolute "wheell2"
				{parameters "ID=wheelleft2;"}
				{Matrix34
					-1	0	0
					0	0	1
					0	1	0
					0   0   0
				}
				{VolumeView "wheell2.ply"}
			}
			}
			{bone prizmatic "suspension_r2"
				{limits -0.04 0.03}
				{speed2 0.5}
				{Matrix34
					1   0   0
					0   1   0
					0   0   1
					-9.86225	-16.9118	0.0803719
				}
			{bone revolute "wheelr2"
				{parameters "ID=wheelright2;"}
				{Matrix34
					-1	0	0
					0	0	1
					0	1	0
					0   0   0
				}
				{VolumeView "wheelr2.ply"}
			}
			}
		}
	}
}
