;Exported by: Normand
;Date:        Tue Oct 09 17:32:32 2018
;File:        C:\Users\Normand\type4_ke_nu_3_xx.max
{Skeleton
	{bone "basis"
		{parameters "WheelRadius=0.3;"}
		{Orientation
			1	0	0
			0	-1	0
			0	0	1
		}
		{Extension "/properties/damage_components.ext"}
		{bone "wheelsl"
			{Position -2.73284	15.5205	6.34498}
			{VolumeView "wheelsl.ply"}
			{bone revolute "wheell5"
				{Matrix34
					-1	0	0
					0	0	1
					0	1	0
					-21.9378	1.97771	-0.627584
				}
				{VolumeView "wheell5.ply"}
			}
			{bone revolute "wheell4"
				{Matrix34
					-1	0	0
					0	0	1
					0	1	0
					-8.22231	1.98543	-0.627533
				}
				{VolumeView "wheell4.ply"}
			}
			{bone revolute "wheell3"
				{Matrix34
					-1	0	0
					0	0	1
					0	1	0
					7.88889	1.9942	-0.627571
				}
				;{VolumeView "wheell3.ply"}
			}
			{bone revolute "wheell2"
				{Matrix34
					-1	0	0
					0	0	1
					0	1	0
					21.109	2.00291	-0.627588
				}
				{VolumeView "wheell2.ply"}
			}
		}
		{bone "body"
			{parameters "ID=body;"}
			{Matrix34
				0.999056	0.00196361	-0.0434004
				0	0.998978	0.0451978
				0.0434448	-0.0451551	0.998035
				-3.61079	-0.395899	15.5358
			}
			{VolumeView "body.ply"}
			{bone revolute "wheell6"
				{Matrix34
					-1	0	0
					0	0	1
					0	1	0
					-33.3218	17.9099	-6.80443
				}
				{VolumeView "wheell6.ply"}
			}
			{bone revolute "wheelr1"
				{Matrix34
					-1	0	0
					0	0	1
					0	1	0
					33.9138	-17.3949	-2.63679
				}
				;{VolumeView "wheelr1.ply"}
			}
			{bone revolute "wheelr6"
				{Matrix34
					-1	0	0
					0	0	1
					0	1	0
					-33.3007	-17.6807	-6.80768
				}
				{VolumeView "wheelr6.ply"}
			}
			{bone revolute "wheell7"
				{Matrix34
					-1	0	0
					0	0	1
					0	1	0
					13.2701	18.3293	-2.03713
				}
				{VolumeView "wheell7.ply"}
			}
			{bone revolute "wheell8"
				{Matrix34
					-1	0	0
					0	0	1
					0	1	0
					-11.9748	17.7125	-3.32098
				}
				{VolumeView "wheell8.ply"}
			}
			{bone revolute "wheelr7"
				{Matrix34
					-1	0	0
					0	0	1
					0	1	0
					13.291	-17.4619	-2.04027
				}
				{VolumeView "wheelr7.ply"}
			}
			{bone revolute "wheelr8"
				{Matrix34
					-1	0	0
					0	0	1
					0	1	0
					-11.9539	-18.0788	-3.32411
				}
				;{VolumeView "wheelr8.ply"}
			}
			{bone revolute "turret"
				{parameters "ID=turret;"}
				{Matrix34
					0.998705	0.00249712	-0.0508211
					0.00036127	0.998422	0.0561574
					0.0508811	-0.056103	0.997128
					5.54893	0.414632	11.9105
				}
				{VolumeView "turret.ply"}
				{bone revolute "gun_rot"
					{Matrix34
						0.988333	-0.12889	-0.0811486
						0.0714696	-0.0780303	0.994386
						-0.134498	-0.988584	-0.0679082
						11.9001	0.0303776	3.21144
					}
					{VolumeView "gun_rot.ply"}
					{bone "gun"
						{parameters "ID=gun;"}
						{Matrix34
							1	0	0
							0	0	-1
							0	1	0
							0.469406	0.711567	-0.00036335
						}
						{VolumeView "gun.ply"}
					}
				}
				{bone revolute "turret_mgun"
					{limits -30 30}
					{Position -17.675	3.79843	3.68297}
					{bone revolute "mgun"
						{limits -30 30}
						{Matrix34
							-1	0	0
							0	0	1
							0	1	0
							-0.000232697	0.00735092	-0.000135422
						}
						{VolumeView "mgun.ply"}
					}
				}
				{bone "cover2"
					{Position -1.08779	3.8056	11.4067}
					{VolumeView "cover2.ply"}
					{bone "cover"
						{Position -0.196877	-12.3363	0.259655}
						{VolumeView "cover.ply"}
					}
				}
			}
			{bone revolute "turret_mgun1"
				{limits -30 30}
				{Position 23.3555	4.20262	7.94056}
				{bone revolute "mgun1"
					{limits -30 30}
					{Matrix34
						1	0	0
						0	0	1
						0	-1	0
						0.00365829	0.00250959	0.0113831
					}
					{VolumeView "mgun1.ply"}
				}
			}
			{bone revolute "wheell1"
				{Matrix34
					-1	0	0
					0	0	1
					0	1	0
					33.9138	17.6651	-2.63679
				}
				{VolumeView "wheell1.ply"}
			}
			{bone "engine"
				{parameters "ID=engine;"}
				{Position -18.333	0.191495	1.26176}
				{bone "engine_cover"
					{Matrix34
						0.859418	0	0.511274
						0	1	0
						-0.511274	0	0.859418
						-0.901649	4.00215	9.71898
					}
					{VolumeView "engine_cover.ply"}
				}
			}
		}
		{bone "wheelsR"
			{parameters "ID=trackright;"}
			{Position -2.73284	-16.0057	7.33131}
			{VolumeView "wheelsr.ply"}
			{bone revolute "wheelr3"
				{parameters "ID=trackright;"}
				{Matrix34
					-1	0	0
					0	0	1
					0	1	0
					7.88891	-2.15921	-0.627573
				}
				{VolumeView "wheelr3.ply"}
			}
			{bone revolute "wheelr4"
				{parameters "ID=trackright;"}
				{Matrix34
					-1	0	0
					0	0	1
					0	1	0
					-8.22229	-2.16798	-0.627535
				}
				{VolumeView "wheelr4.ply"}
			}
			{bone revolute "wheelr5"
				{parameters "ID=trackright;"}
				{Matrix34
					-1	0	0
					0	0	1
					0	1	0
					-21.9378	-2.1757	-0.627586
				}
				;{VolumeView "wheelr5.ply"}
			}
			{bone revolute "wheelr2"
				{parameters "ID=trackright;"}
				{Matrix34
					-1	0	0
					0	0	1
					0	1	0
					21.109	-2.15049	-0.627592
				}
				{VolumeView "wheelr2.ply"}
			}
		}
	}
}
{Volume "body2"
	{Polyhedron "body2.vol"}
	{Bone "body"}
	{Position 4.42321	-0.13178	3.48404}
}
{Volume "body3"
	{Polyhedron "body3.vol"}
	{Bone "body"}
	{Position 19.0021	12.6632	3.4565}
}
{Volume "body4"
	{Polyhedron "body4.vol"}
	{Bone "body"}
	{Position 19.0021	-0.00153404	3.4565}
}
{Volume "body"
	{Polyhedron "body.vol"}
	{Bone "body"}
	{Position 1.24201	0.109216	-10.1448}
}
{Volume "engine"
	{Polyhedron "engine.vol"}
	{Bone "body"}
	{Position -20.9611	0.0457187	2.52406}
}
{Volume "gun"
	{Cylinder 1.18617 16}
	{Bone "gun"}
	{Matrix34
		0	-1	0
		0	0	1
		-1	0	0
		7.73443	-0.0394186	-0.0262524
	}
}
{Volume "gunrot"
	{Box 9.39085 1.6 1.55}
	{Bone "gun_rot"}
	{Matrix34
		1	0	0
		0	0	-1
		0	1	0
		6.01169	-0.794658	0.18866
	}
}
{Volume "mantlet"
	{Box 2 7.74219 7.4}
	{Bone "turret"}
	{Matrix34
		0.987609	0	0.156933
		0	1	0
		-0.156933	0	0.987609
		12.1274	-0.0734124	3.35388
	}
}
{Volume "trackleft"
	{Box 81.0189 5.89456 18}
	{Bone "wheelsl"}
	{Position -0.7336	1.59026	1.66869}
}
{Volume "trackright"
	{Box 81.0189 5.89456 18}
	{Bone "wheelsr"}
	{Position -0.733599	-1.68353	1.66869}
}
{Volume "turret2"
	{Polyhedron "turret2.vol"}
	{Bone "turret"}
	{Position 2.51314	1.44977	4.17261}
}
{Volume "turret3"
	{Polyhedron "turret3.vol"}
	{Bone "turret"}
	{Position -8.98603	1.44977	4.17261}
}
{Volume "turret"
	{Polyhedron "turret.vol"}
	{Bone "turret"}
	{Position 8.93861	1.44977	4.17261}
}

