;Exported by: Sergey
;Date:        Fri Sep 07 03:33:48 2012
;File:        D:\Documents\3dsmax\scenes\Ckm 7,92 mm wz. 30 Browning\Ckm 7,92 mm wz. 30 Browning01.max
{Skeleton
	{animation
		{sequence "close" {speed 0.6}}
	}
	{bone "basis"
		{Orientation
			1	0	0
			0	-1	0
			0	0	1
		}
		{bone "body"
			{parameters "ID=body;"}
			{Position 0	0	9.42714}
			{VolumeView "body.ply"}
			{bone revolute "turret"
				{parameters "ID=body;"}
				{Position 0	0	1.76183}
				{VolumeView "turret.ply"}
				{bone revolute "gun_rot"
					{parameters "ID=body;"}
					{limits -5 20}
					{Matrix34
						1	0	0
						0	0	-1
						0	1	0
						0.000962478	0.000358363	3.80861
					}
					{VolumeView "gun_root.ply"}
					{bone "homut"
						{Matrix34
							0	0	1
							0	-1	0
							1	0	0
							8.54438	0.222259	0.00452423
						}
						{VolumeView "homut.ply"}
					}
					{bone "recoil"
						{Matrix34
							1	0	0
							0	-1	0
							0	0	-1
							-7.98931	2.09227	-0.000354152
						}
						{bone "mgun"
							{bone "visor"
								{Position 25.1312	4.883	0}
							}
						}
					}
				}
				{bone "commander"
					{Position -25.0773	-14.9215	-11.189}
				}
				{bone "gunner"
					{Position -16.5377	0.150654	-11.189}
				}
			}
			{bone "support1"
				{parameters "ID=body;"}
				{Matrix34
					-0.999986	9.20283e-005	-0.00528095
					0.00528175	0.0174514	-0.999834
					0	0.999848	0.0174516
					-1.47689	-0.000701641	-0.892239
				}
				{VolumeView "support1.ply"}
				{bone "support11"
					{parameters "ID=body;"}
					{Matrix34
						0.580917	-0.813838	0.0142058
						0	0.0174526	0.999848
						-0.813962	-0.580829	0.0101384
						12.1591	8.63387	-0.15069
					}
					{VolumeView "support11.ply"}
				}
			}
			{bone "support2"
				{parameters "ID=body;"}
				{Matrix34
					0.702201	-0.711959	-0.00528094
					0.00871763	0.0160144	-0.999834
					0.711926	0.702038	0.0174519
					1.0482	-1.05245	-0.892239
				}
				{VolumeView "support2.ply"}
				{bone "support21"
					{parameters "ID=body;"}
					{Matrix34
						0.580917	-0.813839	0.0142058
						0	0.0174526	0.999848
						-0.813963	-0.580829	0.0101384
						12.1591	8.63387	-0.150689
					}
					{VolumeView "support21.ply"}
				}
			}
			{bone "support3"
				{parameters "ID=body;"}
				{Matrix34
					0.689908	0.723878	-0.00528091
					-0.0162762	0.00821834	-0.999834
					-0.723714	0.689879	0.0174519
					0.990964	1.02678	-0.892239
				}
				{VolumeView "support3.ply"}
				{bone "support31"
					{parameters "ID=body;"}
					{Matrix34
						0.580918	-0.813839	0.0142058
						0	0.0174526	0.999848
						-0.813963	-0.580829	0.0101384
						12.1591	8.63387	-0.15069
					}
					{VolumeView "support31.ply"}
				}
			}
		}
		{bone "emit1"
			{Position -40.2019	-0.015311	0}
		}
		{bone "emit2"
			{Position -50.3258	5.29555	0}
		}
		{bone "driver1"
			{Position 5.77017	3.46994	0}
		}
		{bone "driver2"
			{Position -14.8094	-0.181275	0}
		}
	}
}
{Volume "body_01"
	{Cylinder 0.762804 14.7792}
	{Bone "support1"}
	{Matrix34
		-0.592597	0.805377	-0.0140023
		9.2289e-005	0.0174513	0.999848
		-0.805499	-0.592506	0.0104159
		5.44579	4.09758	0.0684566
	}
}
{Volume "body_02"
	{Cylinder 0.762804 14.7792}
	{Bone "support2"}
	{Matrix34
		0.567891	-0.767211	0.298138
		-0.177348	0.239654	0.954523
		-0.803771	-0.594939	3.41341e-005
		5.60207	4.07375	-0.300248
	}
}
{Volume "body_03"
	{Cylinder 0.762804 14.7792}
	{Bone "support3"}
	{Matrix34
		0.3136	-0.463465	-0.828767
		0.46494	-0.686066	0.559593
		-0.827941	-0.560816	0.000333141
		4.92478	3.72524	0.00507361
	}
}
{Volume "body_04"
	{Cylinder 1.26589 12.7785}
	{Bone "turret"}
	{Matrix34
		0	-1	0
		0	0	1
		-1	0	0
		4.62643	-0.135652	1.39925
	}
}
{Volume "body"
	{Cylinder 3.36487 2.81651}
	{Bone "body"}
	{Position 0.00298203	-0.00567431	1.46177}
}
