;Exported by: alfor
;Date:        Wed Aug 16 20:16:45 2023
;File:        C:\Users\alfor\OneDrive\Documents\3dsMax\scenes\kugalblitz.max
{Skeleton
	{animation
		{sequence "open_driver" {resume}}
		{sequence "open_gunner" {resume}}
		{sequence "open_commander" {resume}}
		{sequence "fire"}
		{sequence "start"}
		{sequence "stop"}
	}
	{bone "basis"
		{parameters "Wheelradius=0.6;"}
		{Orientation
			1	0	0
			0	-1	0
			0	0	1
		}
		{bone "body"
			{parameters "ID=body;"}
			{Matrix34
				0.808833	0	-0.588038
				0	1	0
				0.588038	0	0.808833
				0.259064	-0.23803	17.6398
			}
			{VolumeView "body.ply"}
			{bone "shieldl4"
				{parameters "ID=shieldl4;"}
				{Matrix34
					0.760055	-0.34202	0.552575
					0.276637	0.939693	0.201121
					-0.588038	0	0.808833
					28.8022	31.6328	19.9376
				}
				{VolumeView "shieldl4.ply"}
			}
			{bone "shieldl1"
				{parameters "ID=shieldl1;"}
				{Matrix34
					0.733052	0.422618	0.532944
					-0.341828	0.906308	-0.248516
					-0.588038	0	0.808833
					-26.2076	31.6715	-18.5065
				}
				{VolumeView "shieldl1.ply"}
			}
			{bone "shieldl2"
				{parameters "ID=shieldl2;"}
				{Matrix34
					0.808833	0	0.588038
					0	1	0
					-0.588038	0	0.808833
					-5.40548	31.9361	-6.66228
				}
				{VolumeView "shieldl2.ply"}
			}
			{bone "shieldr1"
				{parameters "ID=shieldr1;"}
				{Matrix34
					0.733051	-0.422618	0.532944
					-0.341828	-0.906308	-0.248516
					-0.588038	0	0.808833
					-26.2076	-30.8674	-18.5065
				}
				{VolumeView "shieldr1.ply"}
			}
			{bone "shieldl3"
				{parameters "ID=shieldl3;"}
				{Matrix34
					0.808833	0	0.588038
					0	1	0
					-0.588038	0	0.808833
					11.2952	31.9361	5.47951
				}
				{VolumeView "shieldl3.ply"}
			}
			{bone "shieldr3"
				{parameters "ID=shieldr3;"}
				{Matrix34
					0.808833	0	0.588038
					0	-1	0
					-0.588038	0	0.808833
					11.2951	-31.0933	5.47946
				}
				{VolumeView "shieldr3.ply"}
			}
			{bone "shieldr4"
				{parameters "ID=shieldr4;"}
				{Matrix34
					0.760054	0.34202	0.552575
					0.276637	-0.939693	0.201121
					-0.588039	0	0.808833
					28.8022	-30.79	19.9376
				}
				{VolumeView "shieldr4.ply"}
			}
			{bone "shieldr2"
				{parameters "ID=shieldr2;"}
				{Matrix34
					0.808833	0	0.588038
					0	-1	0
					-0.588038	0	0.808833
					-5.40554	-31.0933	-6.66218
				}
				{VolumeView "shieldr2.ply"}
			}
			{bone revolute "wheell11"
				{parameters "ID=trackleft;Radius=0.41;"}
				{Matrix34
					0.808833	0	0.588039
					0.588039	0	-0.808833
					0	1	0
					-22.8595	23.1661	-17.6601
				}
				{VolumeView "wheell11.ply"}
			}
			{bone revolute "wheell12"
				{parameters "ID=trackleft;Radius=0.41;"}
				{Matrix34
					0.808833	0	0.588039
					0.588039	0	-0.808833
					0	1	0
					-7.63029	23.1661	-6.58807
				}
				{VolumeView "wheell12.ply"}
			}
			{bone revolute "wheell13"
				{parameters "ID=trackleft;Radius=0.41;"}
				{Matrix34
					0.808833	0	0.588039
					0.588039	0	-0.808833
					0	1	0
					7.71599	23.1661	4.56894
				}
				{VolumeView "wheell13.ply"}
			}
			{bone revolute "wheell14"
				{parameters "ID=trackleft;Radius=0.41;"}
				{Matrix34
					0.808833	0	0.588039
					0.588039	0	-0.808833
					0	1	0
					21.8349	23.1661	14.8337
				}
				{VolumeView "wheell14.ply"}
			}
			{bone revolute "wheelr11"
				{parameters "ID=trackright;Radius=0.41;"}
				{Matrix34
					0.808833	0	0.588039
					0.588039	0	-0.808833
					0	1	0
					-22.8595	-22.433	-17.6602
				}
				{VolumeView "wheelr11.ply"}
			}
			{bone revolute "wheelr14"
				{parameters "ID=trackright;Radius=0.41;"}
				{Matrix34
					0.808833	0	0.588039
					0.588039	0	-0.808833
					0	1	0
					21.8349	-22.4394	14.8337
				}
				{VolumeView "wheelr14.ply"}
			}
			{bone revolute "wheelr13"
				{parameters "ID=trackright;Radius=0.41;"}
				{Matrix34
					0.808833	0	0.588039
					0.588039	0	-0.808833
					0	1	0
					7.71596	-22.4394	4.56894
				}
				{VolumeView "wheelr13.ply"}
			}
			{bone revolute "wheelr12"
				{parameters "ID=trackright;Radius=0.41;"}
				{Matrix34
					0.808833	0	0.588039
					0.588039	0	-0.808833
					0	1	0
					-7.63029	-22.4394	-6.58807
				}
				{VolumeView "wheelr12.ply"}
			}
			{bone revolute "wheell1"
				{parameters "ID=trackleft;Radius=0.41;"}
				{Matrix34
					0.808833	0	0.588039
					0.588039	0	-0.808833
					0	1	0
					-33.4994	25.9539	-32.3699
				}
				{VolumeView "wheell1.ply"}
			}
			{bone revolute "wheell10"
				{parameters "ID=trackleft;Radius=0.41;"}
				{Matrix34
					0.808833	0	0.588039
					0.588039	0	-0.808833
					0	1	0
					38.3479	22.6111	22.687
				}
				{VolumeView "wheell10.ply"}
			}
			{bone revolute "wheelr1"
				{parameters "ID=trackright;Radius=0.41;"}
				{Matrix34
					0.808833	0	0.588039
					0.588039	0	-0.808833
					0	1	0
					-33.4994	-25.2273	-32.3698
				}
				{VolumeView "wheelr1.ply"}
			}
			{bone revolute "wheelr10"
				{parameters "ID=trackright;Radius=0.41;"}
				{Matrix34
					0.808833	0	0.588039
					0.588039	0	-0.808833
					0	1	0
					38.4135	-24.5045	22.7177
				}
				{VolumeView "wheelr10.ply"}
			}
			{bone revolute "mgun1_rot"
				{parameters "speed=0.009;"}
				{limits -15 15}
				{Matrix34
					0.808833	0	0.588038
					0	-1	0
					0.588038	0	-0.808833
					25.4884	-13.7279	29.3923
				}
				{bone revolute "mgun_1"
					{limits -10 10}
					{Matrix34
						1	0	0
						0	0	-1
						0	1	0
						-0.000171661	-0.000198364	0.00468826
					}
					{VolumeView "mgun_1.ply"}
					{bone revolute "foresight4"
						{limits 0 0}
						{Matrix34
							1	0	0
							0	0	-1
							0	1	0
							7.99374	0.00468254	0.0181999
						}
					}
				}
			}
			{bone "fxsmoke1"
				{Matrix34
					-0.345339	0.809389	0.475006
					0.475951	0.587273	-0.654662
					-0.808834	0	-0.588037
					-42.5088	-0.221152	-24.7689
				}
			}
			{bone "visor2"
				{Matrix34
					0.808834	0	0.588037
					-0.588037	0	0.808834
					0	-1	0
					18.0246	13.9297	29.4608
				}
			}
			{bone "headlightl"
				{Matrix34
					0.808834	0	0.588037
					-0.588037	0	0.808834
					0	-1	0
					32.8207	25.4957	34.6843
				}
			}
			{bone "seat06"
				{Matrix34
					0	1	0
					-0.857006	0	-0.515306
					-0.515306	0	0.857006
					-40.2226	18.3523	-19.2161
				}
			}
			{bone "seat05"
				{Matrix34
					0	1	0
					-0.857006	0	-0.515306
					-0.515306	0	0.857006
					-40.2165	-16.4093	-19.2244
				}
			}
			{bone "seat04"
				{Matrix34
					0.351627	-0.86273	0.363395
					0.70047	0.5	0.509256
					-0.621048	0.075479	0.78013
					-27.024	-20.3099	-9.62049
				}
			}
			{bone "seat03"
				{Matrix34
					-0.0512508	-0.996195	0.0704948
					0.808833	0	0.588039
					-0.585801	0.087156	0.805755
					-37.536	-20.3099	-17.2629
				}
			}
			{bone "seat02"
				{Matrix34
					-0.0512507	0.996195	0.0704943
					-0.808834	0	-0.588038
					-0.5858	-0.0871555	0.805756
					-37.536	22.2464	-17.263
				}
			}
			{bone "seat01"
				{Matrix34
					0.157294	0.96225	0.222111
					-0.781273	0.258819	-0.568
					-0.604045	-0.0841857	0.792491
					-30.0501	22.3045	-11.8204
				}
			}
			{bone "fxfire1"
				{Matrix34
					-0.58804	0	0.808832
					-0.808832	0	-0.58804
					0	-1	0
					12.3086	13.3305	23.9824
				}
			}
			{bone "driver"
				{Matrix34
					0.808833	0	0.588038
					-0.588038	0	0.808833
					0	-1	0
					16.839	14.2423	16.958
				}
			}
			{bone "emit1"
				{parameters "sphere;"}
				{Matrix34
					-0.808833	0	-0.588038
					0	-1	0
					-0.588038	0	0.808833
					56.6095	-13.4118	22.0436
				}
			}
			{bone "emit2"
				{parameters "sphere;"}
				{Matrix34
					0	1	0
					-0.808833	0	-0.588038
					-0.588038	0	0.808833
					1.01894	-36.2709	-18.3844
				}
			}
			{bone "fxfire2"
				{Matrix34
					-0.754505	0	-0.656294
					0.656294	0	-0.754505
					0	-1	0
					-33.3538	8.73513	-7.36304
				}
			}
			{bone "emit0"
				{parameters "sphere;"}
				{Matrix34
					-0.808834	0	-0.588037
					0	-1	0
					-0.588037	0	0.808834
					56.4852	15.6765	21.9531
				}
			}
			{bone "emit6"
				{parameters "sphere;"}
				{Matrix34
					0	1	0
					-0.808833	0	-0.588038
					-0.588038	0	0.808833
					-13.6566	-39.8377	-29.0412
				}
			}
			{bone "emit3"
				{parameters "sphere;"}
				{Matrix34
					0	-1	0
					0.808833	0	0.588038
					-0.588038	0	0.808833
					-13.8366	42.9471	-29.1846
				}
			}
			{bone "emit5"
				{parameters "sphere;"}
				{Matrix34
					0	1	0
					-0.808833	0	-0.588038
					-0.588038	0	0.808833
					-25.8047	-39.8377	-37.873
				}
			}
			{bone "emit4"
				{parameters "sphere;"}
				{Matrix34
					0	-1	0
					0.808833	0	0.588038
					-0.588038	0	0.808833
					-25.9845	42.9535	-38.0165
				}
			}
			{bone "gunner2"
				{Matrix34
					0	1	0
					-0.588038	0	0.808834
					0.808834	0	0.588038
					17.5568	-10.7461	20.6984
				}
			}
			{bone "gunner"
				{Matrix34
					0	1	0
					-0.808833	0	-0.588038
					-0.588038	0	0.808833
					0.843366	12.8808	-0.439833
				}
			}
			{bone "loader"
				{Matrix34
					0	1	0
					-0.588037	0	0.808834
					0.808834	0	0.588037
					1.53286	-1.72949	9.34993
				}
			}
			{bone "commander"
				{Matrix34
					0	1	0
					-0.808833	0	-0.588038
					-0.588038	0	0.808833
					-9.47608	1.54234	3.23089
				}
			}
			{bone revolute "turret"
				{parameters "ID=turret;"}
				{Matrix34
					0.808833	0	0.588038
					0	1	0
					-0.588038	0	0.808833
					-11.0319	1.32293	11.5186
				}
				{VolumeView "turret.ply"}
				{bone revolute "gun_rot"
					{parameters "ID=gun_rot;"}
					{limits -9 85}
					{Matrix34
						1	0	0
						0	0	1
						0	-1	0
						-0.381397	-0.17041	3.35973
					}
					{VolumeView "gun_rot.ply"}
					{bone "cover4"
						{parameters "ID=cover4;"}
						{Matrix34
							1	0	0
							0	0	-1
							0	1	0
							-1.33219	12.0645	-4.7078
						}
						{VolumeView "cover4.ply"}
					}
					{bone "cover1"
						{parameters "ID=cover1;"}
						{Matrix34
							1	0	0
							0	0	-1
							0	1	0
							-1.0258	12.0479	4.53962
						}
						{VolumeView "cover1.ply"}
					}
					{bone "gun2"
						{parameters "ID=gun;"}
						{Matrix34
							1	0	0
							0	0	-1
							0	1	0
							35.823	3.39722	-4.23347
						}
						{VolumeView "gun2.ply"}
						{bone "shooter01"
							{Matrix34
								1	0	0
								0	0	1
								0	-1	0
								8.51239	0.0458984	-0.0302658
							}
						}
					}
					{bone "gun"
						{parameters "ID=gun;"}
						{Matrix34
							1	0	0
							0	0	-1
							0	1	0
							35.823	3.39331	3.83453
						}
						{VolumeView "gun.ply"}
						{bone "shooter00"
							{Matrix34
								1	0	0
								0	0	1
								0	-1	0
								8.51239	-0.00878906	-0.0264893
							}
						}
					}
					{bone "foresight1"
						{Matrix34
							1	0	0
							0	1	0
							0	0	1
							44.3354	3.36694	0.0971048
						}
						{bone "flashbarrel00"
							{Position 0	0	3.74615}
						}
						{bone "fire_barrel01"
							{Position 0	0	-4.37633}
						}
						{bone "fire_barrel00"
							{Position 0	0	3.74615}
						}
						{bone "flashbarrel01"
							{Position 0	0	-4.37633}
						}
						{bone "fx_ground"
							{Matrix34
								1	0	0
								0	1	0
								0	0	1
								1.90735e-05	-37.6567	-0.000105679
							}
						}
					}
					{bone "fxfire3"
						{Matrix34
							0	1	0
							-1	0	0
							0	0	1
							-5.46886	11.7256	0.443016
						}
					}
					{bone "visor3"
						{Matrix34
							-1	0	0
							0	0	-1
							0	-1	0
							0.20738	12.6643	9.19922
						}
					}
					{bone "visor1"
						{Matrix34
							1	0	0
							0	1	0
							0	0	1
							-0.0061357	12.6797	-10.5784
						}
					}
				}
			}
			{bone "cover3"
				{parameters "ID=cover3;"}
				{Matrix34
					0.858741	0	0.51241
					-0.51241	0	0.858741
					0	-1	0
					15.8772	-12.0999	26.9446
				}
				{VolumeView "cover3.ply"}
			}
			{bone "cover2"
				{parameters "ID=cover2;"}
				{Matrix34
					0.858741	0	0.51241
					-0.51241	0	0.858741
					0	-1	0
					15.8772	12.7066	26.9446
				}
				{VolumeView "cover2.ply"}
			}
		}
		{bone "wheelsl"
			{parameters "wheelsl;"}
			{Matrix34
				-0.808833	0	-0.588038
				0	1	0
				-0.588038	0	0.808833
				25.0195	20.1585	4.74938
			}
			{VolumeView "wheelsl.ply"}
			{bone "fxtracel1"
				{Matrix34
					0.997586	0	-0.0694456
					-0.0694456	0	-0.997586
					0	-1	0
					61.8327	3.9434	49.9452
				}
			}
			{bone "trackl"
				{parameters "ID=trackleft;"}
				{Matrix34
					0.808833	0	0.588038
					0	-1	0
					-0.588038	0	0.808833
					17.8323	3.55577	19.5613
				}
				{VolumeView "trackl.ply"}
			}
			{bone prizmatic "suspension_l8"
				{limits -0.1 0.1}
				{Matrix34
					-0.808832	0	-0.58804
					0	1	0
					-0.58804	0	0.808832
					46.5422	7.69879	34.4707
				}
				{bone revolute "wheell2"
					{parameters "ID=trackleft;Radius=0.41;"}
					{Matrix34
						1	0	0
						0	0	-1
						0	1	0
						-0.000175476	-4.5435	-4.33922e-05
					}
					{VolumeView "wheell2.ply"}
				}
			}
			{bone prizmatic "suspension_l7"
				{limits -0.1 0.1}
				{Matrix34
					-0.808832	0	-0.58804
					0	1	0
					-0.58804	0	0.808832
					38.8799	7.70525	28.8999
				}
				{bone revolute "wheell3"
					{parameters "ID=trackleft;Radius=0.41;"}
					{Matrix34
						1	0	0
						0	0	-1
						0	1	0
						0.0384769	-4.54976	6.38962e-05
					}
					{VolumeView "wheell3.ply"}
				}
			}
			{bone prizmatic "suspension_l5"
				{limits -0.1 0.1}
				{Matrix34
					-0.808832	0	-0.58804
					0	1	0
					-0.58804	0	0.808832
					23.3165	7.69879	17.5851
				}
				{bone revolute "wheell5"
					{parameters "ID=trackleft;Radius=0.41;"}
					{Matrix34
						1	0	0
						0	0	-1
						0	1	0
						-0.00018549	-3.88491	0
					}
					{VolumeView "wheell5.ply"}
				}
			}
			{bone prizmatic "suspension_l6"
				{limits -0.1 0.1}
				{Matrix34
					-0.808832	0	-0.58804
					0	1	0
					-0.58804	0	0.808832
					31.0102	7.69234	23.1785
				}
				{bone revolute "wheell4"
					{parameters "ID=trackleft;Radius=0.41;"}
					{Matrix34
						1	0	0
						0	0	-1
						0	1	0
						-0.0001688	-3.87865	3.62396e-05
					}
					{VolumeView "wheell4.ply"}
				}
			}
			{bone prizmatic "suspension_l4"
				{limits -0.1 0.1}
				{Matrix34
					-0.808832	0	-0.58804
					0	1	0
					-0.58804	0	0.808832
					15.6039	7.70525	11.9779
				}
				{bone revolute "wheell6"
					{parameters "ID=trackleft;Radius=0.41;"}
					{Matrix34
						1	0	0
						0	0	-1
						0	1	0
						-0.000236034	-3.89159	2.14577e-05
					}
					{VolumeView "wheell6.ply"}
				}
			}
			{bone prizmatic "suspension_l3"
				{limits -0.1 0.1}
				{Matrix34
					-0.808832	0	-0.58804
					0	1	0
					-0.58804	0	0.808832
					7.91024	7.69879	6.38443
				}
				{bone revolute "wheell7"
					{parameters "ID=trackleft;Radius=0.41;"}
					{Matrix34
						1	0	0
						0	0	-1
						0	1	0
						-0.000239372	-3.88491	2.6226e-05
					}
					{VolumeView "wheell7.ply"}
				}
			}
			{bone prizmatic "suspension_l1"
				{limits -0.1 0.1}
				{Matrix34
					-0.808832	0	-0.58804
					0	1	0
					-0.58804	0	0.808832
					-7.43189	7.69879	-4.76951
				}
				{bone revolute "wheell9"
					{parameters "ID=trackleft;Radius=0.41;"}
					{Matrix34
						1	0	0
						0	0	-1
						0	1	0
						7.24792e-05	-3.88491	-5.24521e-05
					}
					{VolumeView "wheell9.ply"}
				}
			}
			{bone prizmatic "suspension_l2"
				{limits -0.1 0.1}
				{Matrix34
					-0.808832	0	-0.58804
					0	1	0
					-0.58804	0	0.808832
					0.261864	7.69879	0.823869
				}
				{bone revolute "wheell8"
					{parameters "ID=trackleft;Radius=0.41;"}
					{Matrix34
						1	0	0
						0	0	-1
						0	1	0
						0.000171661	-5.38859	2.86102e-05
					}
					{VolumeView "wheell8.ply"}
				}
			}
		}
		{bone "wheelsr"
			{parameters "wheelsr;"}
			{Matrix34
				-0.808833	0	-0.588038
				0	-1	0
				-0.588038	0	0.808833
				29.0415	-18.7611	8.66156
			}
			{VolumeView "wheelsr.ply"}
			{bone "fxtracer1"
				{Matrix34
					0.997586	0	-0.0694458
					-0.0694458	0	-0.997586
					0	1	0
					67.4647	5.0904	49.2283
				}
			}
			{bone prizmatic "suspension_r8"
				{limits -0.1 0.1}
				{Matrix34
					-0.808832	0	-0.588039
					0	-1	0
					-0.588039	0	0.808832
					52.0711	8.65388	33.7056
				}
				{bone revolute "wheelr2"
					{parameters "ID=trackright;Radius=0.41;"}
					{Matrix34
						1	0	0
						0	0	-1
						0	1	0
						-6.10352e-05	4.34286	-0.0424304
					}
					{VolumeView "wheelr2.ply"}
				}
			}
			{bone prizmatic "suspension_r7"
				{limits -0.1 0.1}
				{Matrix34
					-0.808832	0	-0.588039
					0	-1	0
					-0.588039	0	0.808832
					44.3774	8.64743	28.1122
				}
				{bone revolute "wheelr3"
					{parameters "ID=trackright;Radius=0.41;"}
					{Matrix34
						1	0	0
						0	0	-1
						0	1	0
						-0.000202179	4.33661	-0.0424991
					}
					{VolumeView "wheelr3.ply"}
				}
			}
			{bone prizmatic "suspension_r6"
				{limits -0.1 0.1}
				{Matrix34
					-0.808832	0	-0.588039
					0	-1	0
					-0.588039	0	0.808832
					36.539	8.65388	22.4135
				}
				{bone revolute "wheelr4"
					{parameters "ID=trackright;Radius=0.41;"}
					{Matrix34
						1	0	0
						0	0	-1
						0	1	0
						-0.000166893	5.18829	-0.0424709
					}
					{VolumeView "wheelr4.ply"}
				}
			}
			{bone prizmatic "suspension_r5"
				{limits -0.1 0.1}
				{Matrix34
					-0.808832	0	-0.588039
					0	-1	0
					-0.588039	0	0.808832
					28.8454	8.65388	16.8201
				}
				{bone revolute "wheelr5"
					{parameters "ID=trackright;Radius=0.41;"}
					{Matrix34
						1	0	0
						0	0	-1
						0	1	0
						-0.000188351	5.18829	-0.0424433
					}
					{VolumeView "wheelr5.ply"}
				}
			}
			{bone prizmatic "suspension_r3"
				{limits -0.1 0.1}
				{Matrix34
					-0.808832	0	-0.588039
					0	-1	0
					-0.588039	0	0.808832
					13.4396	8.65388	5.61973
				}
				{bone revolute "wheelr7"
					{parameters "ID=trackright;Radius=0.41;"}
					{Matrix34
						1	0	0
						0	0	-1
						0	1	0
						0.000256538	3.68485	-0.0424485
					}
					{VolumeView "wheelr7.ply"}
				}
			}
			{bone prizmatic "suspension_r4"
				{limits -0.1 0.1}
				{Matrix34
					-0.808832	0	-0.588039
					0	-1	0
					-0.588039	0	0.808832
					21.1328	8.64743	11.2129
				}
				{bone revolute "wheelr6"
					{parameters "ID=trackright;Radius=0.41;"}
					{Matrix34
						1	0	0
						0	0	-1
						0	1	0
						-0.000226498	5.18203	-0.0424705
					}
					{VolumeView "wheelr6.ply"}
				}
			}
			{bone prizmatic "suspension_r2"
				{limits -0.1 0.1}
				{Matrix34
					-0.808832	0	-0.588039
					0	-1	0
					-0.588039	0	0.808832
					5.79088	8.64743	0.0589619
				}
				{bone revolute "wheelr8"
					{parameters "ID=trackright;Radius=0.41;"}
					{Matrix34
						1	0	0
						0	0	-1
						0	1	0
						0.000114441	5.18203	-0.0425067
					}
					{VolumeView "wheelr8.ply"}
				}
			}
			{bone prizmatic "suspension_r1"
				{limits -0.1 0.1}
				{Matrix34
					-0.808832	0	-0.588039
					0	-1	0
					-0.588039	0	0.808832
					-1.90262	8.65388	-5.5345
				}
				{bone revolute "wheelr9"
					{parameters "ID=trackright;Radius=0.41;"}
					{Matrix34
						1	0	0
						0	0	-1
						0	1	0
						0.000270844	3.68485	-0.0423779
					}
					{VolumeView "wheelr9.ply"}
				}
			}
			{bone "trackr"
				{parameters "ID=trackRight;"}
				{Matrix34
					0.808833	0	0.588038
					0	1	0
					-0.588038	0	0.808833
					23.386	4.9755	18.7622
				}
				{VolumeView "trackr.ply"}
			}
		}
	}
}
{Volume "ammo"
	{Polyhedron "ammo.vol"}
	{Bone "body"}
	{Matrix34
		0.808833	0	0.588038
		-0.588038	0	0.808833
		0	-1	0
		7.52546	-7.05835	9.3149
	}
}
{Volume "body1"
	{Polyhedron "body1.vol"}
	{Bone "body"}
	{Matrix34
		0.808833	0	0.588038
		0	1	0
		-0.588038	0	0.808833
		11.7074	1.38403	-4.94337
	}
}
{Volume "body2"
	{Polyhedron "body2.vol"}
	{Bone "body"}
	{Matrix34
		0.808833	0	0.588038
		0	1	0
		-0.588038	0	0.808833
		-40.6388	5.18164	-20.4949
	}
}
{Volume "body"
	{Polyhedron "body.vol"}
	{Bone "body"}
	{Matrix34
		0.808833	0	0.588038
		0	1	0
		-0.588038	0	0.808833
		6.05708	1.41626	10.7593
	}
}
{Volume "inventory"
	{Polyhedron "inventory.vol"}
	{Bone "body"}
	{Matrix34
		0.808833	0	0.588038
		-0.588038	0	0.808833
		0	-1	0
		-18.1099	0.043457	-9.32255
	}
}
{Volume "shieldl1"
	{Polyhedron "shieldl1.vol"}
	{Bone "shieldl1"}
	{Matrix34
		0.906308	-0.422618	0
		-0.422618	-0.906308	0
		0	0	1
		2.91138	-1.09424	-8.30731
	}
}
{Volume "shieldl2"
	{Box 32.4348 0.837158 23.646}
	{Bone "shieldl2"}
	{Matrix34
		0.626162	0	0
		0	0.397277	0
		0	0	0.622525
		0.029206	-0.0322266	-0.0388246
	}
}
{Volume "shieldl3"
	{Box 32.4348 0.837158 23.646}
	{Bone "shieldl3"}
	{Matrix34
		0.626162	0	0
		0	0.397277	0
		0	0	0.622525
		0.0273637	-0.0322266	-0.0389647
	}
}
{Volume "shieldl4"
	{Polyhedron "shieldl4.vol"}
	{Bone "shieldl4"}
	{Matrix34
		0.939693	0.34202	0
		0.34202	-0.939693	0
		0	0	1
		-2.07324	-0.452393	-8.79826
	}
}
{Volume "shieldr1"
	{Polyhedron "shieldr1.vol"}
	{Bone "shieldr1"}
	{Matrix34
		0.906308	-0.422618	0
		-0.422618	-0.906308	0
		0	0	1
		2.91394	-1.08813	-8.30718
	}
}
{Volume "shieldr2"
	{Box 32.4348 0.837158 23.646}
	{Bone "shieldr2"}
	{Matrix34
		0.626162	0	0
		0	-0.397277	0
		0	0	0.622525
		0.0291674	0.0261195	-0.0389223
	}
}
{Volume "shieldr3"
	{Box 32.4348 0.837158 23.646}
	{Bone "shieldr3"}
	{Matrix34
		0.626162	0	0
		0	-0.397277	0
		0	0	0.622525
		0.0273822	0.0261195	-0.0389442
	}
}
{Volume "shieldr4"
	{Polyhedron "shieldr4.vol"}
	{Bone "shieldr4"}
	{Matrix34
		0.939693	0.34202	0
		0.34202	-0.939693	0
		0	0	1
		-2.08655	-0.416016	-8.79832
	}
}
{Volume "shieldr5"
	{Polyhedron "shieldr5.vol"}
	{Bone "turret"}
	{Position 7.70092e-05	0	-1.67299}
}
{Volume "trackleft"
	{Polyhedron "trackleft.vol"}
	{Bone "trackl"}
	{Matrix34
		-1	0	0
		0	-1	0
		0	0	1
		1.65329	-0.759033	-7.92308
	}
}
{Volume "trackright"
	{Polyhedron "trackright.vol"}
	{Bone "trackr"}
	{Matrix34
		-1	0	0
		0	-1	0
		0	0	1
		1.65317	-0.775146	-7.9231
	}
}
{Volume "turret1"
	{Polyhedron "turret1.vol"}
	{Bone "gun_rot"}
	{Matrix34
		1	0	0
		0	0	-1
		0	1	0
		4.87061	-3.99365	0
	}
}
{Volume "turret"
	{Polyhedron "turret.vol"}
	{Bone "gun_rot"}
	{Matrix34
		1	0	0
		0	-1	0
		0	0	-1
		-2.40803e-05	-0.0178223	14.6917
	}
}
