;Exported by: Normand
;Date:        Wed Jan 05 17:12:29 2022
;File:        C:\Users\Normand\150mm_type96.max
{Skeleton
	{bone revolute "basis"
		{speed 0.002}
		{Orientation
			1	0	0
			0	-1	0
			0	0	1
		}
		{bone "pivot_front"
			{Position 0.0237266	-0.0507106	10.0085}
			{bone revolute "wheell"
				{parameters "ID=wheelleft;"}
				{Matrix34
					-1	0	0
					0	0	1
					0	1	0
					0.0024804	16.0447	1.83683
				}
				{VolumeView "wheell.ply"}
			}
			{bone revolute "wheelr"
				{parameters "ID=wheelright;"}
				{Matrix34
					-1	0	0
					0	0	1
					0	1	0
					0.00246514	-16.1311	1.83683
				}
				{VolumeView "wheelr.ply"}
			}
		}
		{bone "body"
			{parameters "ID=body;"}
			{Matrix34
				0.999691	0.000741277	-0.0248325
				0.00103562	0.997443	0.071466
				0.024822	-0.0714696	0.997134
				0.0582986	-0.112198	11.2744
			}
			{VolumeView "body.ply"}
			{bone revolute "turret"
				{parameters "ID=turret;"}
				{Matrix34
					0.99666	0	-0.0816588
					0	1	0
					0.0816587	0	0.99666
					-0.152361	0.0148315	3.3258
				}
				{VolumeView "turret.ply"}
				{bone revolute "gun_rot"
					{parameters "ID=gun;"}
					{Matrix34
						1	0	0
						0	0	1
						0	-1	0
						-6.39924	0.00621974	9.13851
					}
					{VolumeView "gun_rot.ply"}
					{bone "gun"
						{parameters "ID=gun;"}
						{Matrix34
							1	0	0
							0	0	-1
							0	1	0
							-9.10889	2.11696	0.00669479
						}
						{VolumeView "gun.ply"}
					}
				}
			}
			{bone "part1"
				{parameters "ID=body;"}
				{Position -4.12911	8.39816	-0.352472}
				{VolumeView "standl.ply"}
			}
			{bone "part2"
				{parameters "ID=body;"}
				{Position -4.12686	-8.36524	-0.352473}
				{VolumeView "standr.ply"}
			}
		}
	}
}
{Volume "body"
	{Box 4.90004 20.4168 5.53523}
	{Bone "body"}
	{Position 0.617201	-0.101966	-0.184254}
}
{Volume "gun_rot"
	{Box 60 6 4}
	{Bone "gun_rot"}
	{Matrix34
		1	0	0
		0	0	-1
		0	1	0
		-2.99631	-2.51253	0.0398861
	}
}
{Volume "gun"
	{Cylinder 2.4 65.5}
	{Bone "gun"}
	{Matrix34
		0	-1	0
		0	0	1
		-1	0	0
		12.0642	-0.0154767	0.124799
	}
}
{Volume "shield1"
	{Box 32 21 0.5}
	{Bone "turret"}
	{Matrix34
		0	-1	0
		-0.422371	0	0.906423
		-0.906423	0	-0.422371
		-4.24014	0.118546	12.7892
	}
}
{Volume "part1"
	{Box 72 4 4}
	{Bone "part1"}
	{Matrix34
		0.959746	-0.241713	0.143047
		0.245302	0.969416	-0.00774576
		-0.1368	0.0425239	0.989685
		-38.1183	9.85354	-5.22555
	}
}
{Volume "part2"
	{Box 72 4 4}
	{Bone "part2"}
	{Matrix34
		0.957698	0.249765	0.142941
		-0.253389	0.967336	0.00743982
		-0.136413	-0.0433448	0.989703
		-38.2498	-9.86474	-5.17647
	}
}
{Volume "turret"
	{Box 17 11.5 8}
	{Bone "body"}
	{Matrix34
		0	0	1
		0	1	0
		-1	0	0
		-7.62734	0.0364901	2.35672
	}
}
{Volume "wheelleft"
	{Cylinder 12.1726 2.93228}
	{Bone "wheell"}
	{Matrix34
		-1	0	0
		0	1	0
		0	0	-1
		-0.0165073	0.0294261	0.45941
	}
}
{Volume "wheelright"
	{Cylinder 12.1726 2.93228}
	{Bone "wheelr"}
	{Matrix34
		-1	0	0
		0	1	0
		0	0	-1
		-0.0165223	0.0294261	-0.341499
	}
}
