;MDL File generated by SOEdit Version Next (v0.7m4)
;Model created by: ART
;Date: Sun Feb 07 17:23:37 2021
;File: E:\Autodesk\Low poly\freelance\Carlos\Tanks\PzKpfw V Panther\Export\Panther G_xx.max
;Model create/rebuild by: horten
;Last build date: Thursday 18 September 2024 [13:04:32]
{Skeleton
    {Bone "basis"
        {Orientation
            1	0	0
            0	-1	0
            0	0	1
        }
        {Bone "body"
            {Parameters "ID=body;"}
            {Matrix34
                0.999387	-0.00099169	-0.0350016
                7.5043e-05	0.999657	-0.0261803
                0.0350156	0.0261616	0.999044
                -6.02814	0	19.671
            }
            {LODView
                {VolumeView "body.ply"}
                {VolumeView "body_lod1.ply"}
            }
            {Bone "part1"
                {Parameters "ID=shieldL1;"}
                {Position 60.1849	25.0921	7.80619}
                {VolumeView "part1.ply"}
            }
            {Bone revolute "wheelr11"
                {Parameters "ID=trackRight;Radius=0.10;"}
                {Matrix34
                    1	0	0
                    0	0	-1
                    0	1	0
                    48.1929	-20.6495	-0.903141
                }
                {VolumeView "wheelr11.ply"}
            }
            {Bone revolute "wheell11"
                {Parameters "ID=trackleft;Radius=0.34;"}
                {Matrix34
                    1	0	0
                    0	0	-1
                    0	1	0
                    48.176	21.474	-0.903143
                }
                {VolumeView "wheell11.ply"}
            }
            {Bone "detail3"
                {Parameters "ID=body;"}
                {Position 34.4775	29.7896	9.28051}
                {LODView
                    {VolumeView "detail3.ply"}
                    {VolumeView "detail3_lod1.ply"}
                }
            }
            {Bone "part3"
                {Parameters "ID=body;"}
                {Position 2.78076	29.1712	13.5517}
                {VolumeView "part3.ply"}
            }
            {Bone "part4"
                {Parameters "ID=body;"}
                {Position -38.5861	29.664	12.3861}
                {VolumeView "part4.ply"}
            }
            {Bone "detail9"
                {Parameters "ID=body;"}
                {Position -7.67407	-22.4455	15.519}
                {LODView
                    {VolumeView "detail9.ply"}
                    {VolumeView "detail9_lod1.ply"}
                }
            }
            {Bone "detail10"
                {Parameters "ID=body;"}
                {Position -9.81094	-26.1942	14.7792}
                {LODView
                    {VolumeView "detail10.ply"}
                    {VolumeView "detail10_lod1.ply"}
                }
            }
            {Bone "engine"
                {Parameters "ID=engine;"}
                {LODView
                    {VolumeView "engine.ply"}
                    {VolumeView "engine_lod1.ply"}
                }
                {Bone "engine_hatch"
                    {Parameters "ID=engine;"}
                    {Matrix34
                        1	0	0
                        0	0.909961	0.414693
                        0	-0.414693	0.909961
                        -36.1432	-7.62834	16.368
                    }
                    {LODView
                        {VolumeView "engine_hatch.ply"}
                        {VolumeView "engine_hatch_lod1.ply"}
                    }
                }
            }
            {Bone "suspension_arms"
                {Parameters "ID=body;"}
                {Position 3.86079	0.412225	-8.56124}
                {VolumeView "suspension_arms.ply"}
            }
            {Bone revolute "mgun_h_rot1"
                {Limits -15 15}
                {Matrix34
                    -1	0	0
                    0	0	1
                    0	1	0
                    48.95	-9.84896	9.73861
                }
                {Bone revolute "mgun_h_rot2"
                    {Parameters "ID=body;"}
                    {Limits -10 10}
                    {Orientation
                        -0.979951	-0.191403	-0.0553269
                        -0.0109194	-0.225679	0.974141
                        -0.19894	0.955214	0.219064
                    }
                    {VolumeView "mgun_h_rot2.ply"}
                }
            }
            {Bone "driver_hatch"
                {Parameters "ID=body;"}
                {Matrix34
                    1	0	0
                    0	0.942642	-0.333807
                    0	0.333807	0.942641
                    30.3166	17.9171	16.4443
                }
                {LODView
                    {VolumeView "driver_hatch.ply"}
                    {VolumeView "driver_hatch_lod1.ply"}
                }
            }
            {Bone revolute "part2"
                {Parameters "ID=trackleft;Radius=0.42;"}
                {Matrix34
                    1	0	0
                    0	0	-1
                    0	1	0
                    57.0186	26.0629	-4.49566
                }
                {VolumeView "part2.ply"}
            }
            {Bone revolute "wheell10"
                {Parameters "ID=trackleft;Radius=0.32;"}
                {Matrix34
                    1	0	0
                    0	0	-1
                    0	1	0
                    -45.4613	26.0451	-6.32686
                }
                {LODView
                    {VolumeView "wheell10.ply"}
                    {VolumeView "wheell10_lod1.ply"}
                }
            }
            {Bone revolute "wheelr1"
                {Parameters "ID=trackRight;Radius=0.42;"}
                {Matrix34
                    1	0	0
                    0	0	-1
                    0	1	0
                    57.0186	-25.2547	-4.49566
                }
                {LODView
                    {VolumeView "wheelr1.ply"}
                    {VolumeView "wheelr1_lod1.ply"}
                }
            }
            {Bone revolute "wheelr10"
                {Parameters "ID=trackRight;Radius=0.32;"}
                {Matrix34
                    1	0	0
                    0	0	-1
                    0	1	0
                    -45.478	-25.2369	-6.32952
                }
                {LODView
                    {VolumeView "wheelr10.ply"}
                    {VolumeView "wheelr10_lod1.ply"}
                }
            }
            {Bone revolute "turret"
                {Parameters "ID=turret;"}
                {Speed 0.005}
                {Matrix34
                    0.953691	0.300698	-0.00736004
                    -0.300659	0.953713	0.00593842
                    0.00880504	-0.00345056	0.999955
                    -5.04381	0.397026	17.228
                }
                {LODView
                    {VolumeView "turret.ply"}
                    {VolumeView "turret_lod1.ply"}
                }
                {Bone "cage"
                    {Parameters "ID=turret;"}
                    {Position -13.6158	-4.54514	14.7785}
                    {VolumeView "cage.ply"}
                }
                {Bone "part5"
                    {Parameters "ID=turret;"}
                    {Matrix34
                        -0.48481	-0.87462	0
                        0.87462	-0.48481	0
                        0	0	1
                        -7.03468	12.9119	20.8699
                    }
                    {VolumeView "part5.ply"}
                }
                {Bone revolute "gun_rot"
                    {Parameters "id=turret;"}
                    {Limits -8 18}
                    {Speed 0.005}
                    {Matrix34
                        1	0	0
                        0	0	1
                        0	-1	0
                        21.3183	-0.3149	7.036
                    }
                    {LODView
                        {VolumeView "gun_rot.ply"}
                    }
                    {Bone "gun"
                        {Parameters "id=gun;"}
                        {Matrix34
                            1	0	0
                            0	0	-1
                            0	1	0
                            48.9	0.0348	0
                        }
                        {LODView
                            {VolumeView "gun.ply"}
                            {VolumeView "gun_lod1.ply"}
                        }
                    }
                }
                {Bone "turret_armor1"
                    {Parameters "id=turret;"}
                    {Matrix34
                        -0.9962	-0.087	0.0041
                        0.083	-0.9622	-0.2594
                        0.0266	-0.258	0.9658
                        -3.505	-18.2605	10.6724
                    }
                    {LODView
                        {VolumeView "turret_armor1.ply"}
                        {VolumeView "turret_armor1_lod1.ply"}
                    }
                }
                {Bone "turret_armor2"
                    {Parameters "id=turret;"}
                    {Matrix34
                        -0.9973	-0.0696	0.0215
                        0.0617	-0.9634	-0.2609
                        0.0389	-0.2589	0.9651
                        9.798	-17.2507	10.3722
                    }
                    {LODView
                        {VolumeView "turret_armor2.ply"}
                        {VolumeView "turret_armor2_lod1.ply"}
                    }
                }
                {Bone "turret_armor3"
                    {Parameters "id=turret;"}
                    {Matrix34
                        0.9969	-0.0786	-0.0046
                        0.0747	0.9631	-0.2586
                        0.0247	0.2575	0.966
                        -3.5271	18.2473	10.6708
                    }
                    {LODView
                        {VolumeView "turret_armor3.ply"}
                        {VolumeView "turret_armor3_lod1.ply"}
                    }
                }
                {Bone "turret_armor4"
                    {Parameters "id=turret;"}
                    {Matrix34
                        0.9961	-0.0785	-0.0392
                        0.0652	0.9611	-0.2684
                        0.0588	0.2648	0.9625
                        9.7932	17.321	10.3814
                    }
                    {LODView
                        {VolumeView "turret_armor4.ply"}
                        {VolumeView "turret_armor4_lod1.ply"}
                    }
                }
                {Bone "turret_armor5"
                    {Parameters "id=turret;"}
                    {Matrix34
                        0.8091	0.5877	-0.0046
                        -0.5687	0.7809	-0.2586
                        -0.1484	0.2118	0.966
                        -16.0018	15.3075	10.6708
                    }
                    {LODView
                        {VolumeView "turret_armor5.ply"}
                        {VolumeView "turret_armor5_lod1.ply"}
                    }
                }
                {Bone "detail15"
                    {Parameters "id=turret;"}
                    {Position -16.6673	-17.3852	7.157}
                    {LODView
                        {VolumeView "detail15.ply"}
                        {VolumeView "detail15_lod1.ply"}
                    }
                }
            }
            {Bone "part6"
                {Parameters "ID=engine;LastPose = undefined;"}
                {VolumeView "part6.ply"}
            }
            {Bone "part7"
                {Parameters "ID=engine;LastPose = undefined;"}
                {VolumeView "part7.ply"}
            }
        }
        {Bone "wheelsl"
            {Parameters "wheelsL;ID=trackLeft;"}
            {Position -8.87875	25.7016	0}
            {Bone prizmatic "suspension_l1"
                {Limits -0.2 0.225}
                {Speed2 2}
                {Position 45.5584	-3.11726	10.1076}
            }
            {Bone prizmatic "suspension_l2"
                {Limits -0.2 0.225}
                {Speed2 2}
                {Position 34.5364	-3.11726	10.1033}
            }
            {Bone prizmatic "suspension_l3"
                {Limits -0.2 0.225}
                {Speed2 2}
                {Position 23.8243	-3.11726	10.1033}
                {Bone revolute "wheell4"
                    {Parameters "ID=trackleft;Radius=0.515;"}
                    {Matrix34
                        -0.829038	0	0.559193
                        0.559193	0	0.829038
                        0	1	0
                        0	3.82719	0
                    }
                    {LODView
                        {VolumeView "wheell4.ply"}
                        {VolumeView "wheell4_lod1.ply"}
                    }
                }
            }
            {Bone prizmatic "suspension_l4"
                {Limits -0.2 0.225}
                {Speed2 2}
                {Position 12.8022	-3.11726	10.1033}
                {Bone revolute "wheell5"
                    {Parameters "ID=trackleft;Radius=0.515;"}
                    {Matrix34
                        0.0610485	0	0.998135
                        0.998135	0	-0.0610485
                        0	1	0
                        0	3.45064	0
                    }
                    {LODView
                        {VolumeView "wheell5.ply"}
                        {VolumeView "wheell5_lod1.ply"}
                    }
                }
            }
            {Bone prizmatic "suspension_l5"
                {Limits -0.2 0.225}
                {Speed2 2}
                {Position 1.89158	-3.11726	10.1033}
                {Bone revolute "wheell6"
                    {Parameters "ID=trackleft;Radius=0.515;"}
                    {Matrix34
                        0.522499	0	0.85264
                        0.85264	0	-0.522499
                        0	1	0
                        1.95503e-05	3.8272	0
                    }
                    {LODView
                        {VolumeView "wheell4.ply"}
                        {VolumeView "wheell4_lod1.ply"}
                    }
                }
            }
            {Bone prizmatic "suspension_l6"
                {Limits -0.2 0.225}
                {Speed2 2}
                {Position -9.13042	-3.11726	10.1033}
                {Bone revolute "wheell7"
                    {Parameters "ID=trackleft;Radius=0.515;"}
                    {Matrix34
                        -0.469472	0	-0.882947
                        -0.882947	0	0.469472
                        0	1	0
                        -3.62396e-05	3.45064	0
                    }
                    {LODView
                        {VolumeView "wheell5.ply"}
                        {VolumeView "wheell5_lod1.ply"}
                    }
                }
            }
            {Bone prizmatic "suspension_l7"
                {Limits -0.2 0.225}
                {Speed2 2}
                {Position -19.7712	-3.11726	10.1033}
                {Bone revolute "wheell8"
                    {Parameters "ID=trackleft;Radius=0.515;"}
                    {Matrix34
                        0.0958456	0	-0.995396
                        -0.995396	0	-0.0958456
                        0	1	0
                        0	3.8272	0
                    }
                    {LODView
                        {VolumeView "wheell4.ply"}
                        {VolumeView "wheell4_lod1.ply"}
                    }
                }
            }
            {Bone prizmatic "suspension_l8"
                {Limits -0.2 0.225}
                {Speed2 2}
                {Position -30.7933	-3.11726	10.1033}
                {Bone revolute "wheell9"
                    {Parameters "ID=trackleft;Radius=0.515;"}
                    {Matrix34
                        0.566406	0	0.824126
                        0.824126	0	-0.566406
                        0	1	0
                        3.43323e-05	3.45064	0
                    }
                    {LODView
                        {VolumeView "wheell5.ply"}
                        {VolumeView "wheell5_lod1.ply"}
                    }
                }
            }
            {Bone "trackl"
                {Parameters "ID=trackleft;"}
                {Position 9.08	0.142944	12.3965}
                {VolumeView "trackl.ply"}
            }
        }
        {Bone "wheelsr"
            {Parameters "wheelsR;ID=trackright;"}
            {Position -8.87875	-25.7224	0}
            {Bone prizmatic "suspension_r1"
                {Limits -0.2 0.225}
                {Speed2 2}
                {Position 45.5584	-2.6854	10.1033}
                {Bone revolute "wheelr2"
                    {Parameters "ID=trackRight;Radius=0.515;"}
                    {Matrix34
                        1	0	0
                        0	0	-1
                        0	1	0
                        0.0109863	2.80565	0
                    }
                    {LODView
                        {VolumeView "wheelr2.ply"}
                        {VolumeView "wheelr2_lod1.ply"}
                    }
                }
            }
            {Bone prizmatic "suspension_r2"
                {Limits -0.2 0.225}
                {Speed2 2}
                {Position 34.5364	-2.6854	10.1033}
                {Bone revolute "part8"
                    {Parameters "ID=trackRight;Radius=0.515;"}
                    {Matrix34
                        -0.62932	0	0.777146
                        0.777146	0	0.62932
                        0	1	0
                        -0.00362396	3.1822	0.00705528
                    }
                    {LODView
                        {VolumeView "part8.ply"}
                        {VolumeView "part8_lod1.ply"}
                    }
                }
            }
            {Bone prizmatic "suspension_r3"
                {Limits -0.2 0.225}
                {Speed2 2}
                {Position 23.8243	-2.6854	10.1033}
                {Bone revolute "wheelr4"
                    {Parameters "ID=trackRight;Radius=0.515;"}
                    {Matrix34
                        -0.14781	0	-0.989016
                        -0.989016	0	0.14781
                        0	1	0
                        0.0109797	2.80566	0
                    }
                    {LODView
                        {VolumeView "wheelr2.ply"}
                        {VolumeView "wheelr2_lod1.ply"}
                    }
                }
            }
            {Bone prizmatic "suspension_r4"
                {Limits -0.2 0.225}
                {Speed2 2}
                {Position 12.8022	-2.6854	10.1033}
                {Bone revolute "wheelr5"
                    {Parameters "ID=trackRight;Radius=0.515;"}
                    {Matrix34
                        -0.500001	0	0.866025
                        0.866025	0	0.500001
                        0	1	0
                        -0.00362229	3.1822	0
                    }
                    {LODView
                        {VolumeView "wheelr5.ply"}
                        {VolumeView "part8_lod1.ply"}
                    }
                }
            }
            {Bone prizmatic "suspension_r5"
                {Limits -0.2 0.225}
                {Speed2 2}
                {Position 1.89158	-2.6854	10.1033}
                {Bone revolute "wheelr6"
                    {Parameters "ID=trackRight;Radius=0.515;"}
                    {Matrix34
                        0.422618	0	-0.906308
                        -0.906308	0	-0.422618
                        0	1	0
                        0.011003	2.80565	0
                    }
                    {LODView
                        {VolumeView "wheelr2.ply"}
                        {VolumeView "wheelr2_lod1.ply"}
                    }
                }
            }
            {Bone prizmatic "suspension_r6"
                {Limits -0.2 0.225}
                {Speed2 2}
                {Position -9.13042	-2.6854	10.1033}
            }
            {Bone prizmatic "suspension_r7"
                {Limits -0.2 0.225}
                {Speed2 2}
                {Position -19.7712	-2.6854	10.1033}
                {Bone revolute "wheelr8"
                    {Parameters "ID=trackRight;Radius=0.515;"}
                    {Matrix34
                        -0.566406	0	-0.824126
                        -0.824126	0	0.566406
                        0	1	0
                        0.0109901	2.80565	0
                    }
                    {LODView
                        {VolumeView "wheelr2.ply"}
                        {VolumeView "wheelr2_lod1.ply"}
                    }
                }
            }
            {Bone prizmatic "suspension_r8"
                {Limits -0.2 0.225}
                {Speed2 2}
                {Position -30.7933	-2.6854	10.1033}
                {Bone revolute "wheelr9"
                    {Parameters "ID=trackRight;Radius=0.515;"}
                    {Matrix34
                        0.34202	0	0.939693
                        0.939693	0	-0.34202
                        0	1	0
                        -0.00359344	3.18221	0
                    }
                    {LODView
                        {VolumeView "wheelr5.ply"}
                        {VolumeView "part8_lod1.ply"}
                    }
                }
            }
            {Bone "trackr"
                {Parameters "ID=trackRight;"}
                {Position 9.08	0.693481	12.3965}
                {VolumeView "trackr.ply"}
            }
        }
    }
}
{Volume "barrel"
    {Cylinder 1.92843 83.1036}
    {Bone "gun"}
    {Matrix34
        0	1	0
        0	0	1
        1	0	0
        -2.4081	-0.0119943	0.0237247
    }
}
{Volume "body1"
    {Polyhedron "body1.vol"}
    {Bone "body"}
    {Matrix34
        -1	0	0
        0	0	1
        0	1	0
        21.297	0.403747	-1.5664
    }
}
{Volume "body2"
    {Polyhedron "body2.vol"}
    {Bone "body"}
    {Matrix34
        -1	0	0
        0	0	1
        0	1	0
        21.297	0.403747	-1.5664
    }
}
{Volume "body3"
    {Polyhedron "body3.vol"}
    {Bone "body"}
    {Matrix34
        -1	0	0
        0	0	1
        0	1	0
        15.7069	0.403746	10.0674
    }
}
{Volume "body4"
    {Polyhedron "body4.vol"}
    {Bone "body"}
    {Matrix34
        0	1	0
        -0.803857	0	0.594823
        0.594823	0	0.803857
        48.3047	-9.65801	9.29962
    }
}
{Volume "breach"
    {Box 25.0591 7.87402 7.87402}
    {Bone "gun_rot"}
    {Matrix34
        1	0	0
        0	0	-1
        0	1	0
        -14.5238	0.0141258	-0.317079
    }
}
{Volume "cupola"
    {Polyhedron "cupola.vol"}
    {Bone "turret"}
    {Position -7.54289	6.87021	15.2281}
}
{Volume "engine1"
    {Polyhedron "engine1.vol"}
    {Bone "engine"}
    {Matrix34
        -1	0	0
        0	0	1
        0	1	0
        -37.8531	0.403753	-3.23518
    }
}
{Volume "engine2"
    {Polyhedron "engine2.vol"}
    {Bone "engine"}
    {Matrix34
        -1	0	0
        0	0	1
        0	1	0
        -41.6912	0.403752	9.46508
    }
}
{Volume "mantlet2"
    {Polyhedron "mantlet2.vol"}
    {Bone "gun_rot"}
    {Matrix34
        0	0	-1
        0	1	0
        1	0	0
        5.62091	0.134327	-0.301265
    }
}
{Volume "mantlet"
    {Polyhedron "mantlet.vol"}
    {Bone "gun_rot"}
    {Matrix34
        -1	0	0
        0	1	0
        0	0	-1
        4.58558	0.0789528	0.0820966
    }
}
{Volume "part1"
    {Polyhedron "part1.vol"}
    {Bone "part1"}
    {Matrix34
        -1	0	0
        0	0	1
        0	1	0
        -0.360168	-7.40239	-1.81294
    }
}
{Volume "part2"
    {Cylinder 8.45625 7.48424}
    {Bone "part2"}
    {Matrix34
        0.998445	0.0102882	0.0547929
        -0.00684096	0.998007	-0.0627332
        -0.0553291	0.0622608	0.996525
        -0.17959	-0.0571519	-0.0421491
    }
}
{Volume "part3"
    {Cylinder 2.21061 40.2269}
    {Bone "part3"}
    {Matrix34
        -0.000991645	0.999657	0.0261616
        -0.000102293	-0.0261617	0.999658
        1	0.00098863	0.000128169
        0.0297413	0.00557203	0.19752
    }
}
{Volume "part4"
    {Box 1.43438 7.0935 12.9786}
    {Bone "part4"}
    {Matrix34
        0	0.861629	0.507538
        0	-0.507538	0.861629
        1	0	0
        -0.0194836	-0.556318	0.0907043
    }
}
{Volume "part5"
    {Cylinder 4.89978 2.35275}
    {Bone "part5"}
    {Matrix34
        -0.200754	0.979605	-0.00851882
        -0.979159	-0.200921	-0.0296496
        -0.0307564	0.00238901	0.999524
        -0.671529	-5.82717	0.210798
    }
}
{Volume "part6"
    {Polyhedron "part6.vol"}
    {Bone "part6"}
    {Matrix34
        -0.87457	0.0118188	-0.484756
        -0.484842	-0.00591072	0.874582
        0.00747123	0.999913	0.0108996
        -58.7354	11.7472	7.7777
    }
}
{Volume "part7"
    {Box 5.56113 4.38653 15.4265}
    {Bone "part7"}
    {Matrix34
        0.765979	-0.016059	0.642666
        0.110656	0.988061	-0.107198
        -0.633272	0.153226	0.75861
        -62.5893	-6.40133	11.7997
    }
}
{Volume "part8"
    {Cylinder 8.82221 11.2627}
    {Bone "part8"}
    {Matrix34
        0.62932	-0.777146	0
        0.777146	0.62932	0
        0	0	1
        -0.050301	0.0133587	0.412931
    }
}
{Volume "trackleft"
    {Polyhedron "trackleft.vol"}
    {Bone "wheelsl"}
    {Matrix34
        -1	0	0
        0	0	1
        0	1	0
        10.4986	3.27939	10.6029
    }
}
{Volume "trackright"
    {Polyhedron "trackright.vol"}
    {Bone "wheelsr"}
    {Matrix34
        -1	0	0
        0	0	1
        0	1	0
        10.4986	3.83702	10.6029
    }
}
{Volume "turret2"
    {Polyhedron "turret2.vol"}
    {Bone "turret"}
    {Matrix34
        -0.986286	0	-0.165048
        -0.165048	0	0.986286
        0	1	0
        21.2984	-0.39703	7.16131
    }
}
{Volume "turret"
    {Polyhedron "turret.vol"}
    {Bone "turret"}
    {Position -1.39494	0.00302362	6.80182}
}
