;Exported by: Mauzer
;Date:        Fri Jun 18 16:01:38 2010
;File:        E:\Autodesk\Low poly\freelance\DMS\Churchill Mk VII + Crocodile variant + AVRE variant\Churchill Mk VII_xx.max
{Skeleton
	{bone "basis"
		{Orientation
			1	0	0
			0	-1	0
			0	0	1
		}
		{bone "body"
			{parameters "ID=body;"}
			{Matrix34
				0.999848	-0.000762434	-0.0174356
				0	-0.999048	0.0436191
				0.0174523	0.0436124	0.998896
				-0.405998	-0.254998	16.6975
			}
			{VolumeView "body.ply"}
			{bone "cover1r"
				{parameters "ID=body;"}
				{Matrix34
					1	0	0
					0	0	1
					0	-1	0
					18.0	-25.6	3.723
				}
				{VolumeView "cover1r.ply"}
			}
			{bone "cover1l"
				{parameters "ID=body;"}
				{Matrix34
					1	0	0
					0	0	1
					0	1	0
					18.0	25.7	3.723
				}
				{VolumeView "cover1l.ply"}
			}
			{bone "hull"
				{Matrix34
					1	0	0
					0	-1	0
					0	0	1
					-4.45431	-0.07	12.7969
				}
				{VolumeView "hull.ply"}
				{bone revolute "gun_rot"
					{Position 43.0646	5.58186	0.24054}
					{bone revolute "mantlet"
						{Orientation
							0.998136	0.000607883	-0.0610332
							0.0609963	0.026224	0.997793
							0.00220708	-0.999656	0.0261381
						}
						{bone "mantlet_view"
							{Matrix34
								1	0	0
								0	0	-1
								0	1	0
								43.4844	-0.0275421	-0.00114441
							}
							{VolumeView "mantlet.ply"}
							{bone "gun"
								{Position -37.6219	0.0221825	0.40295}
								{VolumeView "gun.ply"}
								{bone "foresight1"
									{Matrix34
										1	0	0
										0	1	0
										0	0	1
										39.8504	-0.0233431	-0.340117
									}
								}
								{bone "visor1"
									{Position 20.0	0.0	2.0}
								}
							}
						}
					}
				}
				{bone "cover1"
					{Position 22.6494	-5.33416	18.5351}
					{VolumeView "cover1.ply"}
				}
				{bone "cover2"
					{Position 12.6604	-5.33401	18.5353}
					{VolumeView "cover2.ply"}
				}
			}
			{bone "shieldr1"
				{parameters "ID=shieldR1;"}
				{Position 64.0763	20.3548	6.74044}
				{VolumeView "shieldr1.ply"}
			}
			{bone "shieldl1"
				{parameters "ID=shieldL1;"}
				{Position 64.0763	-20.3548	6.74044}
				{VolumeView "shieldl1.ply"}
			}
			{bone "shieldr2"
				{parameters "ID=shieldR2;"}
				{Position -64.6304	21.0529	8.29955}
				{VolumeView "shieldr2.ply"}
			}
			{bone "shieldl2"
				{parameters "ID=shieldL2;"}
				{Position -64.6304	-21.0529	8.29954}
				{VolumeView "shieldl2.ply"}
			}
			{bone revolute "wheell1"
				{parameters "ID=trackleft;Radius=0.4;"}
				{Matrix34
					1	0.000913231	2.39573e-005
					-2.38661e-005	0.0523285	-0.99863
					0.000913233	-0.99863	-0.0523285
					59.0148	-21.0317	4.09098
				}
				{VolumeView "wheell1.ply"}
			}
			{bone revolute "part3"
				{parameters "ID=trackleft;Radius=0.42;"}
				{Matrix34
					1	0	0
					0	0	-1
					0	-1	0
					-59.4342	-21.0233	4.03081
				}
				{VolumeView "part3.ply"}
			}
			{bone revolute "part1"
				{parameters "ID=trackRight;Radius=0.4;"}
				{Matrix34
					0.999049	0.0435705	-0.00191921
					-0.00188608	-0.000801694	-0.999998
					-0.0435719	0.99905	-0.000718754
					59.0148	21.0316	4.091
				}
				{VolumeView "part1.ply"}
			}
			{bone revolute "wheelr13"
				{parameters "ID=trackRight;Radius=0.42;"}
				{Matrix34
					1	0	0
					0	0	-1
					0	1	0
					-59.4342	21.0233	4.03082
				}
				{VolumeView "wheelr13.ply"}
			}
			{bone revolute "wheell12"
				{parameters "ID=trackleft;Radius=0.16;"}
				{Matrix34
					0.976956	-0.0917109	-0.192732
					-0.194839	-0.0145154	-0.980728
					-0.0871458	-0.99568	0.0320498
					-51.2406	-21.19	-8.45592
				}
				{VolumeView "wheell12.ply"}
			}
			{bone revolute "wheelr2"
				{parameters "ID=trackRight;Radius=0.16;"}
				{Matrix34
					0.987876	-0.148724	-0.0445315
					-0.0540308	-0.0604528	-0.996708
					0.145543	0.987029	-0.0677555
					51.188	21.1901	-9.66614
				}
				{VolumeView "wheelr2.ply"}
			}
			{bone revolute "wheelr12"
				{parameters "ID=trackRight;Radius=0.16;"}
				{Matrix34
					1	0	0
					0	0	-1
					0	1	0
					-51.2322	21.1901	-8.43484
				}
				{VolumeView "wheelr2.ply"}
			}
			{bone "object02"
				{parameters "CommonMesh;ID=engine;"}
				{Matrix34
					0.999401	0.00451454	0.034305
					-0.00451944	-0.965926	0.25878
					0.0343044	-0.25878	-0.965327
					-58.7041	6.85564	13.1247
				}
				{VolumeView "object02.ply"}
			}
			{bone "object01"
				{parameters "CommonMesh;ID=engine;"}
				{Matrix34
					0.999984	-0.00553748	0.000901224
					0.00553733	0.948324	-0.317256
					0.000902157	0.317256	0.948339
					-58.7041	-6.84959	13.1247
				}
				{VolumeView "object01.ply"}
			}
			{bone "object05"
				{parameters "CommonMesh;ID=engine;"}
				{Matrix34
					0.99998	0.00625432	0.00115968
					-0.00625456	0.93358	0.358313
					0.00115837	-0.358313	0.933601
					-26.8507	-10.8976	13.4104
				}
				{VolumeView "object05.ply"}
			}
			{bone "object03"
				{parameters "CommonMesh;ID=engine;"}
				{Matrix34
					0.999988	0.00481074	0.000676634
					-0.00481092	0.961262	0.275595
					0.000675401	-0.275595	0.961273
					-38.544	-10.8976	13.4104
				}
				{VolumeView "object03.ply"}
			}
			{bone "engine"
				{parameters "CommonMesh;ID=engine;"}
				{Matrix34
					0.99999	-0.00451659	0.000594616
					0.00451661	0.965926	-0.258779
					0.000594443	0.258779	0.965936
					-26.8507	10.8796	13.404
				}
				{VolumeView "engine.ply"}
			}
			{bone "part7"
				{Position 1.44354	-20.7048	10.9185}
				{VolumeView "part7.ply"}
			}
			{bone "part8"
				{parameters "ID=body;"}
				{Position 1.44355	20.7048	10.9185}
				{VolumeView "part8.ply"}
			}
		}
		{bone "wheelsr"
			{parameters "wheelsR;"}
			{Matrix34
				1	0	0
				0	-1	0
				0	0	1
				-0.0311508	-21.4451	9.94119
			}
			{VolumeView "wheelsr.ply"}
			{bone revolute "wheelr11"
				{parameters "ID=trackRight;Radius=0.16;"}
				{Matrix34
					1	0	0
					0	0	-1
					0	1	0
					-40.1184	1.71661e-005	-5.42791
				}
				{VolumeView "wheelr2.ply"}
			}
			{bone revolute "wheelr7"
				{parameters "ID=trackRight;Radius=0.16;"}
				{Matrix34
					0.994522	0.104528	0
					0	0	-1
					-0.104528	0.994522	0
					-1.96866	1.14441e-005	-5.42791
				}
				{VolumeView "wheelr2.ply"}
			}
			{bone revolute "wheelr5"
				{parameters "ID=trackRight;Radius=0.16;"}
				{Matrix34
					1	0	0
					0	-0.12187	-0.992546
					0	0.992546	-0.12187
					16.9666	0	-5.42791
				}
				{VolumeView "wheelr2.ply"}
			}
			{bone revolute "wheelr3"
				{parameters "ID=trackRight;Radius=0.16;"}
				{Matrix34
					1	0	0
					0	0	-1
					0	1	0
					36.7364	0	-5.42791
				}
				{VolumeView "wheelr2.ply"}
			}
		}
		{bone "wheelsl"
			{parameters "wheelsL;"}
			{Matrix34
				0.999391	0	-0.0348985
				0	-1	0
				0.0348985	0	0.999391
				-0.0311527	20.9351	9.9412
			}
			{VolumeView "wheelsl.ply"}
			{bone revolute "wheell4"
				{parameters "ID=trackleft;Radius=0.16;"}
				{Matrix34
					0.993916	0.104528	0.0347074
					0.0348985	0	-0.999391
					0.104464	-0.994522	0.00364734
					26.5808	0	-4.50821
				}
				{VolumeView "wheell12.ply"}
			}
			{bone revolute "wheell5"
				{parameters "ID=trackleft;Radius=0.16;"}
				{Matrix34
					0.999391	0	0.0348985
					0.0348985	0	-0.999391
					0	-1	0
					17.1653	0	-4.837
				}
				{VolumeView "wheell12.ply"}
			}
			{bone revolute "wheell9"
				{parameters "ID=trackleft;Radius=0.16;"}
				{Matrix34
					0.999353	0.00872594	0.0348971
					0.0342051	0.0697544	-0.996978
					0.0111338	-0.997526	-0.0694108
					-20.6631	2.28882e-005	-6.15796
				}
				{VolumeView "wheell12.ply"}
			}
		}
	}
}
{Volume "body2"
	{Polyhedron "body2.vol"}
	{Bone "body"}
	{Matrix34
		-1	0	0
		0	0	1
		0	-1	0
		-15.0885	-0.254995	2.80544
	}
}
{Volume "body3"
	{Polyhedron "body3.vol"}
	{Bone "body"}
	{Matrix34
		-1	0	0
		0	0	1
		0	-1	0
		-15.0885	-0.254995	2.80544
	}
}
{Volume "body4"
	{Polyhedron "body4.vol"}
	{Bone "body"}
	{Matrix34
		1	0	0
		0	-1	0
		0	0	1
		17.8263	-0.809176	13.6729
	}
}
{Volume "body"
	{Polyhedron "body.vol"}
	{Bone "body"}
	{Matrix34
		-1	0	0
		0	0	1
		0	-1	0
		-15.0885	-0.254995	2.80544
	}
}
{Volume "engine"
	{Polyhedron "engine.vol"}
	{Bone "body"}
	{Matrix34
		-1	0	0
		0	0	1
		0	-1	0
		-51.7197	-1.23999	7.23515
	}
}
{Volume "gum"
	{Cylinder 1.96529 43.5}
	{Bone "gun"}
	{Matrix34
		0	1	0
		0	0	1
		1	0	0
		17.779	-0.0222275	-0.378351
	}
}
{Volume "mantlet"
	{Cylinder 5.25 2.9969}
	{Bone "mantlet_view"}
	{Matrix34
		0	1	0
		0	0	1
		1	0	0
		-42.0043	-0.006949	0.020462
	}
}
{Volume "part1"
	{Cylinder 7.85381 8.04844}
	{Bone "part1"}
	{Matrix34
		-1	0	0
		0	-1	0
		0	0	-1
		0	0	0.0590739
	}
}
{Volume "part3"
	{Cylinder 8.51537 8.20652}
	{Bone "part3"}
	{Position 0	0	0.0716825}
}
{Volume "part4"
	{Cylinder 3.32204 8.51315}
	{Bone "wheell9"}
	{Position 0	0	-0.0671573}
}
{Volume "part7"
	{Box 115.783 12.743 7.2844}
	{Bone "part7"}
	{Matrix34
		0.999962	0.00022729	-0.00872601
		0.000151155	-0.999962	-0.00872509
		0.00872766	-0.00872348	0.999924
		0.136638	0.0218544	0.658624
	}
}
{Volume "part8"
	{Box 115.783 12.743 7.2844}
	{Bone "part8"}
	{Matrix34
		0.999962	0.000227527	-0.008726
		0.000151395	-0.999962	-0.00872511
		0.00872767	-0.00872346	0.999923
		0.140147	0.156242	0.46015
	}
}
{Volume "shieldl1"
	{Polyhedron "shieldl1.vol"}
	{Bone "shieldl1"}
	{Matrix34
		-1	0	0
		0	0	1
		0	-1	0
		-2.46415	-2.35309	-3.44057
	}
}
{Volume "shieldr1"
	{Polyhedron "shieldr1.vol"}
	{Bone "shieldr1"}
	{Matrix34
		-1	0	0
		0	0	1
		0	-1	0
		-2.46413	-1.81064	-3.44057
	}
}
{Volume "shieldl2"
	{Polyhedron "shieldl2.vol"}
	{Bone "shieldl2"}
	{Matrix34
		-1	0	0
		0	0	1
		0	-1	0
		4.41091	6.81091	-3.08659
	}
}
{Volume "shieldr2"
	{Polyhedron "shieldr2.vol"}
	{Bone "shieldr2"}
	{Matrix34
		-1	0	0
		0	0	1
		0	-1	0
		4.41093	6.62868	-3.08659
	}
}
{Volume "trackleft"
	{Polyhedron "trackleft.vol"}
	{Bone "wheelsl"}
	{Matrix34
		-0.999391	0	-0.034898
		-0.034898	0	0.999391
		0	-1	0
		-0.7772	-0.028944	5.68847
	}
}
{Volume "trackright"
	{Polyhedron "trackright.vol"}
	{Bone "wheelsr"}
	{Matrix34
		-1	0	0
		0	0	1
		0	-1	0
		-0.578207	-0.131435	5.71213
	}
}