;Exported by: Normand
;Date:        Fri May 08 19:42:23 2020
;File:        C:\Users\Normand\praga_rv_x.max
{Skeleton
	{bone "basis"
		{parameters "SteerMax=30;WheelRadius=0.3;"}
		{Orientation
			1	0	0
			0	-1	0
			0	0	1
		}
		{bone "pivot_front"
			{parameters "ID=body;"}
			{Matrix34
				1	0	0
				0	0.99999	-0.00447319
				0	0.00447319	0.99999
				38.9658	-0.493171	8.98232
			}
			{VolumeView "pivot_front.ply"}
			{bone revolute "steerl"
				{Matrix34
					-1	0	0
					0	1	0
					0	0	1
					1.0633	14.5269	-0.26757
				}
				{VolumeView "steerl.ply"}
				{bone revolute "wheell1"
					{Matrix34
						1	0	0
						0	0	1
						0	1	0
						-0.0626869	0.306856	-0.227195
					}
					{VolumeView "wheell1.ply"}
				}
			}
			{bone revolute "steerr"
				{Matrix34
					-1	0	0
					0	1	0
					0	0	1
					1.06333	-14.5258	-0.392587
				}
				{VolumeView "steerr.ply"}
				{bone revolute "wheelr1"
					{Matrix34
						1	0	0
						0	0	1
						0	1	0
						-0.100208	-0.370358	-0.102181
					}
					{VolumeView "wheelr1.ply"}
				}
			}
		}
		{bone "pivot_back"
			{parameters "ID=body;"}
			{Matrix34
				1	0	0
				0	0.99999	-0.00447319
				0	0.00447319	0.99999
				-42.6868	-0.494118	8.6512
			}
			{VolumeView "pivot_back.ply"}
			{bone "spring"
				{parameters "ID=body;"}
				{Matrix34
					-0.99982	0	0.0189561
					0	1	0
					0.0189561	0	0.99982
					9.53854	-0.00685149	3.69628
				}
				{VolumeView "spring.ply"}
			}
			{bone revolute "wheelr3"
				{Matrix34
					-1	0	0
					0	0	1
					0	1	0
					-0.202171	-15.5697	-0.168587
				}
				{VolumeView "wheelr3.ply"}
			}
			{bone revolute "wheell3"
				{Matrix34
					-1	0	0
					0	0	1
					0	1	0
					-0.239716	15.5062	-0.168583
				}
				{VolumeView "wheell3.ply"}
			}
			{bone revolute "wheell2"
				{Matrix34
					-1	0	0
					0	0	1
					0	1	0
					18.7656	15.5062	-0.168581
				}
				{VolumeView "wheell2.ply"}
			}
			{bone revolute "wheelr2"
				{Matrix34
					-1	0	0
					0	0	1
					0	1	0
					18.8031	-15.5697	-0.168586
				}
				{VolumeView "wheelr2.ply"}
			}
		}
		{bone "body"
			{parameters "ID=body;"}
			{animation
				{sequence "break" {file "body_b.anm"} {speed 0.4}}
			}
			{Matrix34
				-1	0	0
				0	0.00447336	0.99999
				0	0.99999	-0.00447336
				-4.38664	-0.417444	16.9203
			}
			{VolumeView "body.ply"}
			{bone "body_back"
				{parameters "ID=body;"}
				{Matrix34
					-1	0	0
					0	0	1
					0	1	0
					21.8537	14.4002	0
				}
				{VolumeView "body_back.ply"}
				{bone "seats"
					{parameters "ID=body;"}
					{Position 20.412	-0.0974874	-0.470184}
					{VolumeView "seats.ply"}
				}
			}
			{bone "cabin"
				{parameters "ID=cabin;"}
				{animation
					{sequence "break" {file "cabin_b.anm"} {speed 0.4}}
				}
				{Matrix34
					-1	0	0
					0	0	1
					0	1	0
					-30.4625	7.21453	-0.682315
				}
				{VolumeView "cabin.ply"}
				{bone "fender"
					{parameters "ID=body;"}
					{Position 13.2724	0.68233	-9.95353}
					{VolumeView "fender.ply"}
				}
				{bone "glass_back2"
					{parameters "ID=glass;"}
					{Position -20.0055	6.02048	14.0611}
					{VolumeView "glass_back.ply"}
				}
				{bone "doorl"
					{parameters "ID=cabin;"}
					{Position -0.0324726	18.3527	1.62989}
					{VolumeView "doorl.ply"}
					{bone "glass_doorl"
						{parameters "ID=glass;"}
						{Position -0.850592	0.292263	9.35853}
						{VolumeView "glass_dl.ply"}
					}
				}
				{bone "doorr"
					{parameters "ID=cabin;"}
					{Position -0.0324345	-17.0398	1.62992}
					{VolumeView "doorr.ply"}
					{bone "glass_doorr"
						{parameters "ID=glass;"}
						{Position -0.850584	-0.240543	9.35853}
						{VolumeView "glass_dr.ply"}
					}
				}
				{bone "glass_frame1"
					{parameters "ID=cabin;"}
					{Matrix34
						0	1	0
						-0.202609	0	0.97926
						0.97926	0	0.202609
						-0.314054	-6.71282	13.9379
					}
					{VolumeView "glass_frame1.ply"}
					{bone "glass_front"
						{parameters "ID=glass;"}
						{Position 0	-3.36907	-0.15451}
						{VolumeView "glass_front1.ply"}
					}
				}
				{bone "glass_frame2"
					{parameters "ID=cabin;"}
					{Matrix34
						0	-1	0
						-0.202609	0	0.97926
						0.97926	0	0.202609
						-0.314051	8.09797	13.9379
					}
					{VolumeView "glass_frame2.ply"}
					{bone "glass_back"
						{parameters "ID=glass;"}
						{Position 0	-3.36908	-0.154518}
						{VolumeView "glass_front2.ply"}
					}
				}
			}
			{bone "engine"
				{parameters "ID=engine;"}
				{animation
					{sequence "break" {file "engine_b.anm"} {speed 0.4}}
				}
				{Matrix34
					-1	0	0
					0	0	1
					0	1	0
					-44.2791	1.2724	0
				}
				{VolumeView "engine.ply"}
				{bone "coverr"
					{parameters "ID=engine;"}
					{Matrix34
						0.9985	0	-0.0547545
						0	1	0
						0.0547545	0	0.9985
						-0.627174	-0.780008	10.871
					}
					{VolumeView "coverr.ply"}
					{bone "coverr2"
						{parameters "ID=engine;"}
						{Matrix34
							0.966583	0.250814	0.0530042
							-0.250438	0.968035	-0.0137332
							-0.0547544	0	0.9985
							0.282906	-10.1628	-3.84842
						}
						{VolumeView "coverr2.ply"}
					}
				}
				{bone "coverl"
					{parameters "ID=engine;"}
					{Matrix34
						0.9985	0	-0.0547545
						0	1	0
						0.0547545	0	0.9985
						-0.627174	0.76854	10.871
					}
					{VolumeView "coverl.ply"}
					{bone "coverl2"
						{parameters "ID=engine;"}
						{Matrix34
							0.963159	-0.263695	0.0528166
							0.263299	0.964606	0.0144386
							-0.0547546	0	0.9985
							0.282875	10.1743	-3.84843
						}
						{VolumeView "coverl2.ply"}
					}
				}
			}
		}
	}
}