;Exported by: Normand
;Date:        Fri May 08 19:52:23 2020
;File:        C:\Users\Normand\praga_rv.max
{Skeleton
	{animation
		{sequence "start" {speed 0.4}}
		{sequence "stop"{speed 0.4}}
		{sequence "doorright" {speed 0.27}}
		{sequence "doorleft" {speed 0.27}}
	}
	{bone "basis"
		{parameters "SteerMax=30;WheelRadius=0.43;"}
		{Orientation
			1	0	0
			0	-1	0
			0	0	1
		}
		{bone "link2"
			{Matrix34
				-1	0	0
				0	-0.99999	0.00447305
				0	0.00447304	0.99999
				-61.4334	0.142983	13.016
			}
		}
		{bone "emit2"
			{Matrix34
				0.00884067	-0.999951	0.00447319
				0.999961	0.00884065	-2.38416e-005
				-1.57055e-005	0.00447323	0.99999
				11.4833	32.8836	-0.0417008
			}
		}
		{bone "emit1"
			{Matrix34
				-0.00400451	0.999992	0
				-0.999982	-0.00400447	-0.00445746
				-0.00445742	-1.78499e-005	0.99999
				11.4163	-34.858	0.269561
			}
		}
		{bone "emit4"
			{Matrix34
				1	0	0
				0	0.99999	-0.00447319
				0	0.00447319	0.99999
				-78.6577	-12.5746	-0.0625128
			}
		}
		{bone "emit3"
			{Matrix34
				1	0	0
				0	0.99999	-0.00447319
				0	0.00447319	0.99999
				-78.2593	13.6999	-0.180043
			}
		}
		{bone "pivot_front"
			{Matrix34
				1	0	0
				0	0.99999	-0.00447319
				0	0.00447319	0.99999
				38.9658	-0.493171	8.98232
			}
			{VolumeView "pivot_front.ply"}
			{bone revolute "steerl"
				{Matrix34
					-1	0	0
					0	1	0
					0	0	1
					1.0633	14.5269	-0.26757
				}
				{VolumeView "steerl.ply"}
				{bone revolute "wheell1"
					{Matrix34
						1	0	0
						0	0	1
						0	1	0
						-0.0626869	0.306856	-0.227195
					}
					{VolumeView "wheell1.ply"}
				}
				{bone "fxtracel1"
					{Matrix34
						-1	0	0
						0	1	0
						0	0	1
						-0.432991	-0.0293207	-8.71226
					}
				}
			}
			{bone revolute "steerr"
				{Matrix34
					-1	0	0
					0	1	0
					0	0	1
					1.06333	-14.5258	-0.392587
				}
				{VolumeView "steerr.ply"}
				{bone revolute "wheelr1"
					{Matrix34
						1	0	0
						0	0	1
						0	1	0
						-0.100208	-0.370358	-0.102181
					}
					{VolumeView "wheelr1.ply"}
				}
				{bone "fxtracer1"
					{Matrix34
						-1	0	0
						0	1	0
						0	0	1
						-0.3899	-0.055006	-8.5905
					}
				}
			}
		}
		{bone "pivot_back"
			{Matrix34
				1	0	0
				0	0.99999	-0.00447319
				0	0.00447319	0.99999
				-42.6868	-0.494118	8.6512
			}
			{VolumeView "pivot_back.ply"}
			{bone "spring"
				{Matrix34
					-0.99982	0	0.0189561
					0	1	0
					0.0189561	0	0.99982
					9.53854	-0.00685149	3.69628
				}
				{VolumeView "spring.ply"}
			}
			{bone revolute "wheelr3"
				{Matrix34
					-1	0	0
					0	0	1
					0	1	0
					-0.202171	-15.5697	-0.168587
				}
				{VolumeView "wheelr3.ply"}
			}
			{bone revolute "wheell3"
				{Matrix34
					-1	0	0
					0	0	1
					0	1	0
					-0.239716	15.5062	-0.168583
				}
				{VolumeView "wheell3.ply"}
			}
			{bone "fxtracel2"
				{Matrix34
					1	0	0
					0	0	1
					0	-1	0
					-0.178101	15.5655	-8.73542
				}
			}
			{bone "fxtracer2"
				{Matrix34
					1	0	0
					0	0	1
					0	-1	0
					-0.174538	-15.4122	-8.73543
				}
			}
			{bone revolute "wheell2"
				{Matrix34
					-1	0	0
					0	0	1
					0	1	0
					18.7656	15.5062	-0.168581
				}
				{VolumeView "wheell2.ply"}
			}
			{bone revolute "wheelr2"
				{Matrix34
					-1	0	0
					0	0	1
					0	1	0
					18.8031	-15.5697	-0.168586
				}
				{VolumeView "wheelr2.ply"}
			}
		}
		{bone "body"
			{parameters "ID=body;"}
			{animation
				{sequence "repair" {file "body_r.anm"} {speed 0.4}}
			}
			{Matrix34
				-1	0	0
				0	0.00447336	0.99999
				0	0.99999	-0.00447336
				-4.38664	-0.417444	16.9203
			}
			{VolumeView "body.ply"}
			{bone "visor"
				{Position -32.0551	17.9611	-6.86415}
			}
			{bone "fxfire1"
				{Position -43.5704	6.53388	-0.0987911}
			}
			{bone "fxsmoke1"
				{Matrix34
					-0.816275	-0.527769	-0.234851
					0.542954	-0.839762	0
					-0.197219	-0.127514	0.972031
					28.9717	-5.68433	10.0057
				}
			}
			{bone "fxlight"
				{Position -94.1066	-4.83396	0.478731}
			}
			{bone "body_back"
				{parameters "ID=body;"}
				{Matrix34
					-1	0	0
					0	0	1
					0	1	0
					21.8537	14.4002	0
				}
				{VolumeView "body_back.ply"}
				{bone "seats"
					{parameters "ID=body;"}
					{Position 20.412	-0.0974874	-0.470184}
					{VolumeView "seats.ply"}
					{bone "seat01"
						{Matrix34
							-1	0	0
							0	-1	0
							0	0	1
							0.102424	7.97736	-9.04465
						}
					}
					{bone "seat02"
						{Matrix34
							-1	0	0
							0	-1	0
							0	0	1
							0.102424	-5.08076	-9.04465
						}
					}
					{bone "seat04"
						{Position -13.7901	12.1644	-9.04465}
					}
					{bone "seat03"
						{Position -13.7901	0.537198	-9.04465}
					}
					{bone "seat05"
						{Position -13.7901	-12.1201	-9.04465}
					}
					{bone "seat06"
						{Position -40.3426	7.97736	-9.04465}
					}
					{bone "seat07"
						{Position -40.3426	-5.08076	-9.04465}
					}
					{bone "seat08"
						{Position -28.4501	12.3644	-9.04465}
					}
					{bone "seat09"
						{Position -28.4501	0.537198	-9.04465}
					}
					{bone "seat10"
						{Position -28.4501	-12.7201	-9.04465}
					}
				}
			}
			{bone "cabin"
				{parameters "ID=cabin;"}
				{animation
					{sequence "repair" {file "cabin_r.anm"} {speed 0.4}}
				}
				{Matrix34
					-1	0	0
					0	0	1
					0	1	0
					-30.4625	7.21453	-0.682315
				}
				{VolumeView "cabin.ply"}
				{bone "fender"
					{parameters "ID=body;"}
					{Position 13.2724	0.68233	-9.95353}
					{VolumeView "fender.ply"}
				}
				{bone "glass_back2"
					{parameters "ID=glass;"}
					{Position -20.0055	6.02048	14.0611}
					{VolumeView "glass_back.ply"}
				}
				{bone "doorl"
					{parameters "ID=cabin;"}
					{Position -0.0324726	18.3527	1.62989}
					{VolumeView "doorl.ply"}
					{bone "glass_doorl"
						{parameters "ID=glass;"}
						{Position -0.850592	0.292263	9.35853}
						{VolumeView "glass_dl.ply"}
					}
				}
				{bone "doorr"
					{parameters "ID=cabin;"}
					{Position -0.0324345	-17.0398	1.62992}
					{VolumeView "doorr.ply"}
					{bone "glass_doorr"
						{parameters "ID=glass;"}
						{Position -0.850584	-0.240543	9.35853}
						{VolumeView "glass_dr.ply"}
					}
				}
				{bone "headlightr"
					{Position 26.1634	-11.0286	-4.86861}
				}
				{bone "headlightl"
					{Position 26.1546	12.4222	-4.8497}
				}
				{bone "driver"
					{Matrix34
						0.901597	0.00181448	0.432574
						7.42974e-005	0.999991	-0.00434944
						-0.432577	0.00395358	0.901588
						-4.50922	-5.62965	-11.8707
					}
				}
				{bone "commander"
					{Matrix34
						0.901596	0.00125258	0.432578
						-0.000764296	0.999999	-0.00130264
						-0.432579	0.000843837	0.901595
						-4.62698	8.23341	-11.8531
					}
				}
				{bone "glass_frame1"
					{parameters "ID=cabin;"}
					{Matrix34
						0	1	0
						-0.202609	0	0.97926
						0.97926	0	0.202609
						-0.314054	-6.71282	13.9379
					}
					{VolumeView "glass_frame1.ply"}
					{bone "glass_front"
						{parameters "ID=glass;"}
						{Position 0	-3.36907	-0.15451}
						{VolumeView "glass_front1.ply"}
					}
				}
				{bone "glass_frame2"
					{parameters "ID=cabin;"}
					{Matrix34
						0	-1	0
						-0.202609	0	0.97926
						0.97926	0	0.202609
						-0.314051	8.09797	13.9379
					}
					{VolumeView "glass_frame2.ply"}
					{bone "glass_back"
						{parameters "ID=glass;"}
						{Position 0	-3.36908	-0.154518}
						{VolumeView "glass_front2.ply"}
					}
				}
			}
			{bone "engine"
				{parameters "ID=engine;"}
				{animation
					{sequence "repair" {file "engine_r.anm"} {speed 0.4}}
				}
				{Matrix34
					-1	0	0
					0	0	1
					0	1	0
					-44.2791	1.2724	0
				}
				{VolumeView "engine.ply"}
				{bone "coverr"
					{parameters "ID=engine;"}
					{Matrix34
						0.9985	0	-0.0547545
						0	1	0
						0.0547545	0	0.9985
						-0.627174	-0.780008	10.871
					}
					{VolumeView "coverr.ply"}
					{bone "coverr2"
						{parameters "ID=engine;"}
						{Matrix34
							0.966583	0.250814	0.0530042
							-0.250438	0.968035	-0.0137332
							-0.0547544	0	0.9985
							0.282906	-10.1628	-3.84842
						}
						{VolumeView "coverr2.ply"}
					}
				}
				{bone "coverl"
					{parameters "ID=engine;"}
					{Matrix34
						0.9985	0	-0.0547545
						0	1	0
						0.0547545	0	0.9985
						-0.627174	0.76854	10.871
					}
					{VolumeView "coverl.ply"}
					{bone "coverl2"
						{parameters "ID=engine;"}
						{Matrix34
							0.963159	-0.263695	0.0528166
							0.263299	0.964606	0.0144386
							-0.0547546	0	0.9985
							0.282875	10.1743	-3.84843
						}
						{VolumeView "coverl2.ply"}
					}
				}
			}
		}
	}
}
{Volume "body"
	{Box 106.362 16.533 2.34217}
	{Bone "body"}
	{Matrix34
		-1	0	0
		0	0	1
		0	1	0
		-2.38506	-4.14268	-0.239499
	}
}
{Volume "bodyback"
	{Box 61.046 39.177 15.0861}
	{Bone "body_back"}
	{Position 0.554677	-0.179897	-1.76889}
}
{Volume "cabin"
	{Polyhedron "cabin.vol"}
	{Bone "cabin"}
	{Position -9.06985	0.582569	-10.0961}
}
{Volume "engine"
	{Polyhedron "engine.vol"}
	{Bone "engine"}
	{Position -0.774158	0.147984	-4.34665}
}
{Volume "fuel"
	{Box 16.795 12.1433 6}
	{Bone "body"}
	{Matrix34
		-1	0	0
		0	0	1
		0	1	0
		-0.351891	-5.38351	14.1241
	}
}
{Volume "glass_doorl"
	{Box 14.4664 8.95737 0.5}
	{Bone "glass_doorl"}
	{Matrix34
		0.996733	-0.080353	0.00811568
		0.0160911	0.0991112	-0.994946
		0.0791426	0.991827	0.10008
		-7.81986	-0.335415	-0.123562
	}
}
{Volume "glass_doorr"
	{Box 14.4664 8.95737 0.5}
	{Bone "glass_doorr"}
	{Matrix34
		0.996734	0.0803497	-0.00810943
		0	0.100416	0.994946
		0.0807578	-0.991696	0.100088
		-7.81951	0.258941	-0.123576
	}
}
{Volume "glass_front"
	{Box 13.6819 8.66101 0.5}
	{Bone "glass_front"}
	{Matrix34
		1	0	0
		0	0.99999	-0.0044665
		0	0.0044665	0.99999
		-0.121923	-0.47025	0.471494
	}
}
{Volume "glass_back"
	{Box 13.6819 8.66101 0.5}
	{Bone "glass_back"}
	{Matrix34
		-1	0	0
		0	0.99999	-0.00446644
		0	0.00446644	0.99999
		-0.108225	-0.470258	0.471506
	}
}
{Volume "wheelleft1"
	{Cylinder 8.55 4}
	{Bone "wheell1"}
	{Matrix34
		-1	0	0
		0	1	0
		0	0	-1
		-0.00615788	-0.0280253	-0.0915937
	}
}
{Volume "wheelleft2"
	{Cylinder 8.55 7.9}
	{Bone "wheell2"}
	{Matrix34
		-1	0	0
		0	1	0
		0	0	-1
		-0.12463	0.109986	0.216222
	}
}
{Volume "wheelleft3"
	{Cylinder 8.55 7.9}
	{Bone "wheell3"}
	{Matrix34
		-1	0	0
		0	1	0
		0	0	-1
		-0.124634	0.109986	0.216223
	}
}
{Volume "wheelright1"
	{Cylinder 8.55 4}
	{Bone "wheelr1"}
	{Matrix34
		-1	0	0
		0	1	0
		0	0	-1
		0.0313805	-0.0280244	0.493512
	}
}
{Volume "wheelright2"
	{Cylinder 8.55 7.9}
	{Bone "wheelr2"}
	{Matrix34
		-1	0	0
		0	1	0
		0	0	-1
		-0.0870914	0.109987	0.0114334
	}
}
{Volume "wheelright3"
	{Cylinder 8.55 7.9}
	{Bone "wheelr3"}
	{Matrix34
		-1	0	0
		0	1	0
		0	0	-1
		-0.0870934	0.109988	0.0114324
	}
}
