;Exported by: Normand
;Date:        Wed Mar 17 16:56:38 2021
;File:        C:\Users\Normand\Type92_10cm.max
{Skeleton
	{bone revolute "basis"
	        	{limits}
		{speed 0.003}
		{Orientation
			1	0	0
			0	-1	0
			0	0	1
		}
		{bone "pivot_front"
			{Matrix34
				-1	0	0
				0	0	1
				0	1	0
				0.00934834	-0.0196362	11.6723
			}
			{VolumeView "pivot_front.ply"}
			{bone revolute "wheelleft"
				{Position 0	0	15.1414}
				{VolumeView "wheelleft.ply"}
			}
			{bone revolute "wheelright"
				{Position 0	0	-15.1414}
				{VolumeView "wheelright.ply"}
			}
		}
		{bone "body"
			{parameters "ID=body;"}
			{Position -0.211312	-0.0189268	13.8145}
			{VolumeView "body.ply"}
			{bone "part1"
				{parameters "ID=body;"}
				{Position 0.968166	8.40004	-2.56227}
				{VolumeView "standl.ply"}
			}
			{bone "part2"
				{parameters "ID=body;"}
				{Position 0.972638	-8.40812	-2.56223}
				{VolumeView "standr.ply"}
			}
			{bone revolute "turret"
				{parameters "ID=turret;"}
				{Position -2.75845	-0.0069806	7.09506}
				{VolumeView "turret.ply"}
				{bone revolute "gun_rot"
					{parameters "ID=gun;"}
					{Matrix34
						1	0	0
						0	0	1
						0	-1	0
						-3.83084	0.0473953	0.785751
					}
					{VolumeView "gun_rot.ply"}
					{bone "gun"
						{parameters "ID=gun;"}
						{Matrix34
							1	0	0
							0	0	-1
							0	1	0
							15.8112	3.478	0.259529
						}
						{VolumeView "gun.ply"}
					}
				}
				{bone "part3"
					{Position 0	0	0}
					{VolumeView "shield.ply"}
				}
			}
		}
	}
}
{Volume "body"
	{Box 7.91645 16.6419 5}
	{Bone "body"}
	{Position 0.13727	-0.086788	-0.611419}
}
{Volume "gun"
	{Cylinder 2 91}
	{Bone "gun"}
	{Matrix34
		0	-1	0
		0	0	1
		-1	0	0
		15.7071	0.204212	-0.0567079
	}
}
{Volume "gunrot"
	{Box 51.4039 5.53188 3}
	{Bone "gun_rot"}
	{Matrix34
		1	0	0
		0	0	-1
		0	1	0
		-1.53917	-0.22073	0.073612
	}
}
{Volume "shield1"
	{Box 32.8816 13.5 0.5}
	{Bone "part3"}
	{Matrix34
		0	-1	0
		-0.463096	0	0.886308
		-0.886308	0	-0.463096
		-0.0547381	0.568718	9.04022
	}
}
{Volume "shield2"
	{Box 21.022 8.4088 0.5}
	{Bone "part3"}
	{Matrix34
		0	-1	0
		-0.473853	0	0.880604
		-0.880604	0	-0.473853
		5.04389	0.573679	-0.604889
	}
}
{Volume "part1"
	{Box 69.4349 3.5 4}
	{Bone "part1"}
	{Matrix34
		0.959145	-0.242377	0.145926
		0.245405	0.969416	-0.00284643
		-0.140773	0.0385411	0.989292
		-40.2668	10.3868	-5.36095
	}
}
{Volume "part2"
	{Box 69.4349 3.5 4}
	{Bone "part2"}
	{Matrix34
		0.95778	0.246936	0.147239
		-0.249397	0.9684	-0.0018059
		-0.143033	-0.0349913	0.989099
		-40.2662	-10.3919	-5.41622
	}
}
{Volume "turret1"
	{Box 16.4034 10.9772 5}
	{Bone "turret"}
	{Matrix34
		0.145424	0	0.989369
		0	1	0
		-0.989369	0	0.145424
		-7.25526	-0.0395895	-6.28839
	}
}
{Volume "turret2"
	{Box 6.62632 11.0014 6}
	{Bone "turret"}
	{Position -0.953017	-0.0452357	-1.12579}
}
{Volume "wheelleft"
	{Cylinder 12.4 3}
	{Bone "wheelleft"}
	{Matrix34
		-1	0	0
		0	1	0
		0	0	-1
		0.00280661	-0.0371633	0.341936
	}
}
{Volume "wheelright"
	{Cylinder 12.4 3}
	{Bone "wheelright"}
	{Matrix34
		-1	0	0
		0	1	0
		0	0	-1
		0.00280864	-0.0371623	-0.458991
	}
}
