;Exported by: Normand
;Date:        Thu Jul 02 00:24:20 2020
;File:        C:\Users\Normand\french_at_xx.max
{Skeleton
	{bone "basis"
		{parameters "SteerMax=30;WheelRadius=0.13;"}
		{Orientation
			1	0	0
			0	-1	0
			0	0	1
		}
		{bone "body"
			{parameters "ID=body;"}
			{Matrix34
				0.999156	-0.0117607	0.0393647
				0.0108399	0.999665	0.0235223
				-0.0396282	-0.0230757	0.998948
				1.16298	0.0538424	8.5481
			}
			{VolumeView "body.ply"}
			{bone revolute "turret"
				{parameters "ID=turret;"}
				{limits -34 34}
				{speed 0.004}
				{Matrix34
					-1	0	0
					0	-1	0
					0	0	1
					-28.6866	0.0172486	9.26143
				}
				{VolumeView "turret.ply"}
				{bone revolute "gun_rot"
					{parameters "ID=gun;"}
					{limits -13 16}
					{speed 0.003}
					{Matrix34
						0.906784	0	-0.421596
						0.421596	0	0.906784
						0	-1	0
						-1.03791	1.50177	5.77647
					}
					{VolumeView "gun_rot.ply"}
					{bone "gun"
						{parameters "ID=gun;"}
						{Matrix34
							1	0	0
							0	0	-1
							0	1	0
							10.3194	-0.831683	1.04168
						}
						{VolumeView "gun.ply"}
					}
				}
				{bone "shield"
					{parameters "ID=turret;"}
					{Position -0.54194	-0.401183	8.04581}
					{VolumeView "shield.ply"}
					{bone "shieldr2"
						{parameters "ID=shield;"}
						{Matrix34
							0.70372	-0.710477	0
							0.710477	0.70372	0
							0	0	1
							0.486986	-11.7196	-5.93283
						}
						{VolumeView "shieldr2.ply"}
					}
					{bone "shieldl2"
						{parameters "ID=shield;"}
						{Matrix34
							0.70372	0.710477	0
							0.710477	-0.70372	0
							0	0	1
							0.486986	11.5596	-5.93283
						}
						{VolumeView "shieldl2.ply"}
					}
				}
			}
			{bone "motor"
				{parameters "ID=engine;"}
				{Position 14.1704	-1.0801	-1.201}
				{VolumeView "motor.ply"}
			}
			{bone revolute "steerrudder"
				{parameters "ID=body;"}
				{Matrix34
					0.449859	0	0.8931
					0	1	0
					-0.8931	0	0.449859
					8.88856	-8.01877	11.0915
				}
				{VolumeView "steerrudder.ply"}
			}
			{bone "wh_sp"
				{parameters "ID=body;"}
				{Position -5.2291	0.253182	7.54205}
				{VolumeView "wh_sp.ply"}
			}
			{bone "wh_sp2"
				{parameters "ID=body;"}
				{Position 1.10854	0.0112816	-1.5795}
				{VolumeView "wh_sp2.ply"}
			}
			{bone "engine"
				{parameters "ID=engine;"}
				{VolumeView "engine.ply"}
				{bone "engine_cover2"
					{parameters "ID=engine;"}
					{Matrix34
						0.99294	0	-0.118615
						0.046717	0.919173	0.391074
						0.109028	-0.393854	0.912684
						27.9141	0.708138	9.01356
					}
					{VolumeView "engine_cover2.ply"}
				}
				{bone "engine_cover1"
					{parameters "ID=engine;"}
					{Matrix34
						0.99294	0	-0.118615
						-0.0358313	0.953282	-0.299948
						0.113074	0.302081	0.946552
						27.9141	-0.492028	9.01374
					}
					{VolumeView "engine_cover1.ply"}
				}
			}
			{bone "shieldl1"
				{parameters "ID=shieldL1;"}
				{Position 13.1213	0.00130998	16.5437}
				{VolumeView "shieldl1.ply"}
			}
			{bone "shieldr1"
				{parameters "ID=shieldR1;"}
				{Position 1.13756	0.00131856	22.4359}
				{VolumeView "shieldr1.ply"}
				{bone revolute "mgun_turret"
					{parameters "ID=body;"}
					{limits -25 25}
					{Position -10.7423	-0.100883	1.03069}
					{VolumeView "mgun_turret.ply"}
				}
			}
		}
		{bone "pivot_front"
			{parameters "ID=body;"}
			{Position 23.1392	-1.76023	5.51054}
			{VolumeView "pivot_front.ply"}
			{bone revolute "steerl"
				{Matrix34
					-1	0	0
					0	1	0
					0	0	1
					-0.0060091	15.6681	-0.0613241
				}
				{bone revolute "wheell1"
					{parameters "ID=wheelleft1;"}
					{Matrix34
						1	0	0
						0	0	1
						0	1	0
						-0.0975533	0.811659	0.0455198
					}
					{VolumeView "wheell1.ply"}
				}
			}
			{bone revolute "steerr"
				{Matrix34
					-1	0	0
					0	1	0
					0	0	1
					-0.00600147	-12.0131	-0.0613241
				}
				{bone revolute "wheelr1"
					{parameters "ID=wheelright1;"}
					{Matrix34
						1	0	0
						0	0	1
						0	1	0
						-0.0975456	-0.946516	0.0455236
					}
					{VolumeView "wheelr1.ply"}
				}
			}
			{bone "sping"
				{parameters "ID=body;"}
				{Position 0.347626	1.75197	1.2425}
				{VolumeView "sping.ply"}
			}
		}
		{bone "pivot_back"
			{parameters "ID=body;"}
			{Position -22.7037	2.16046	5.41437}
			{VolumeView "pivot_back.ply"}
			{bone revolute "wheell3"
				{parameters "ID=wheelleft3;"}
				{Matrix34
					-1	0	0
					0	0	1
					0	1	0
					-9.86225	12.5732	0.0803747
				}
				{VolumeView "wheell3.ply"}
			}
			{bone revolute "wheell2"
				{parameters "ID=wheelleft2;"}
				{Matrix34
					-1	0	0
					0	0	1
					0	1	0
					9.75415	12.5732	0.0803747
				}
				{VolumeView "wheell2.ply"}
			}
			{bone revolute "wheelr3"
				{parameters "ID=wheelright3;"}
				{Matrix34
					-1	0	0
					0	0	1
					0	1	0
					-9.86225	-16.9118	0.0803719
				}
				{VolumeView "wheelr3.ply"}
			}
			{bone revolute "wheelr2"
				{parameters "ID=wheelright2;"}
				{Matrix34
					-1	0	0
					0	0	1
					0	1	0
					9.75415	-16.9118	0.0803719
				}
				{VolumeView "wheelr2.ply"}
			}
		}
	}
}
{Volume "body2"
	{Polyhedron "body2.vol"}
	{Bone "body"}
	{Position -0.211327	0.0222552	-0.291893}
}
{Volume "body"
	{Box 73.5294 12.4567 2.59515}
	{Bone "body"}
	{Position -3.43545	0.169335	-0.25723}
}
{Volume "engine"
	{Polyhedron "engine.vol"}
	{Bone "engine"}
	{Position 25.8335	-0.00320148	-0.320313}
}
{Volume "gun_rot"
	{Box 25 4 5.5}
	{Bone "gun_rot"}
	{Matrix34
		1	0	0
		0	0	-1
		0	1	0
		-0.421253	-0.0862942	1.37037
	}
}
{Volume "gun"
	{Cylinder 1.2 45}
	{Bone "gun"}
	{Matrix34
		0	-1	0
		0	0	1
		-1	0	0
		2.16128	-0.0154748	-0.246096
	}
}
{Volume "sheildl1"
	{Box 0.75 26.1482 10}
	{Bone "shieldl1"}
	{Position 0.0643864	-0.0056651	-0.708061}
}
{Volume "shieldl2"
	{Box 5.6 12.6458 0.15}
	{Bone "shieldl2"}
	{Matrix34
		-0.00202259	0.999998	0
		0	0	1
		-0.999998	-0.00202259	0
		-0.00876622	-3.1726	5.08712
	}
}
{Volume "shieldr1"
	{Polyhedron "shieldr1.vol"}
	{Bone "shieldr1"}
	{Matrix34
		0.994416	0	-0.10553
		0	1	0
		0.10553	0	0.994416
		2.673	-0.233165	-0.43708
	}
}
{Volume "shieldr2"
	{Box 5.6 12.6458 0.15}
	{Bone "shieldr2"}
	{Matrix34
		-0.00202027	0.999998	0
		0	0	1
		0.999998	0.00202027	0
		-0.0100355	-3.02247	5.08713
	}
}
{Volume "shield1"
	{Polyhedron "shield1.vol"}
	{Bone "shield"}
	{Matrix34
		0	-1	0
		0.00112398	0	0.999999
		-0.999999	0	0.00112398
		1.08563	-0.0533729	-1.80021
	}
}
{Volume "shield"
	{Box 24.5 6.5 0.5}
	{Bone "shield"}
	{Matrix34
		0	-1	0
		-0.445161	0	0.895451
		-0.895451	0	-0.445161
		-0.445575	-0.0533731	4.31258
	}
}
{Volume "turret"
	{Box 8.5 8.5 2.5}
	{Bone "turret"}
	{Position -0.0841606	-0.00288609	-0.28103}
}
{Volume "wheelleft1"
	{Cylinder 5.75 4}
	{Bone "wheell1"}
	{Matrix34
		-1	0	0
		0	1	0
		0	0	-1
		0.0417366	0.00555307	-0.485339
	}
}
{Volume "wheelleft2"
	{Cylinder 5.75 4}
	{Bone "wheell2"}
	{Matrix34
		-1	0	0
		0	1	0
		0	0	-1
		-0.0117406	0.00555212	-0.499418
	}
}
{Volume "wheelleft3"
	{Cylinder 5.75 4}
	{Bone "wheell3"}
	{Matrix34
		-1	0	0
		0	1	0
		0	0	-1
		0.00690846	0.00555212	-0.499419
	}
}
{Volume "wheelright1"
	{Cylinder 5.75 4}
	{Bone "wheelr1"}
	{Matrix34
		-1	0	0
		0	1	0
		0	0	-1
		0.0417366	0.00554878	0.511345
	}
}
{Volume "wheelright2"
	{Cylinder 5.75 4}
	{Bone "wheelr2"}
	{Matrix34
		-1	0	0
		0	1	0
		0	0	-1
		-0.0117416	0.00554878	0.542809
	}
}
{Volume "wheelright3"
	{Cylinder 5.75 4}
	{Bone "wheelr3"}
	{Matrix34
		-1	0	0
		0	1	0
		0	0	-1
		0.00690846	0.00554926	0.54281
	}
}
