;Exported by: Kislov_A
;Date:        Tue Jan 13 11:06:58 2009
;File:        E:\Black\DESIGN~1\Art\Models\Technics\ARTILL~1\75MMSH~1\001_75~1\75MM_S~1.MAX
{Skeleton
	{bone revolute "basis"
		{speed 0.01}
		{Orientation
			1	0	0
			0	-1	0
			0	0	1
		}
		{bone "body"
			{parameters "ID=body;"}
			{Matrix34
				1	0	0
				0	1	0
				0	0	1
				-0.00648904	0.0589892	13.8731
			}
			{VolumeView "body.ply"}
			{bone "turret"
				{parameters "id=turret;"}
				{Position 0	0	-0.000686635}
				{VolumeView "turret.ply"}
				{bone revolute "gun_rot"
					{parameters "ID=gun;"}
					{limits -16 6}
					{speed 0.08}
					{Matrix34
						1	0	0
						0	0	-1
						0	1	0
						0	0	-0.0206537
					}
					{VolumeView "gun_rot.ply"}
					{bone "gun"
						{parameters "ID=gun;"}
						{Matrix34
							0	1	0
							0	0	1
							1	0	0
							0.578919	-3.2405	-0.264388
						}
						{VolumeView "gun.ply"}
					}
				}
			}
			{bone "pivot_front"
				{parameters "ID=body;"}
				{Position 0	0	-1.06342}
				{VolumeView "pivot_front.ply"}
				{bone revolute "wheelr"
					{parameters "ID=wheelright;Radius=0.65;support=1;"}
					{Matrix34
						1	0	0
						0	0	-1
						0	1	0
						0	-13.2733	0
					}
					{VolumeView "wheelr.ply"}
				}
				{bone revolute "wheell"
					{parameters "ID=wheelleft;Radius=0.65;support=1;"}
					{Matrix34
						1	0	0
						0	0	-1
						0	1	0
						0	13.265	0
					}
					{VolumeView "wheell.ply"}
				}
			}
		}
	}
}
{Obstacle "obstacle"
	{Obb2
		{Center 3.68866 0.717041}
		{Extent 9.72797 15.8389}
		{Axis -0.999982 -9.49707e-007}
	}
	{Rotate}
}
{Volume "body"
	{Polyhedron "body.vol"}
	{Bone "body"}
	{Matrix34
		0.979949	0	0.199248
		0	1	0
		-0.199248	0	0.979949
		-25.6161	1.79862	-9.66221
	}
}
{Volume "gun"
	{Polyhedron "gun.vol"}
	{Bone "gun"}
	{Matrix34
		0.0118728	-0.999929	0.000360963
		-0.999929	-0.0118727	0.000358967
		-0.000354663	-0.000365204	-1
		-0.77465	0.256117	-7.23223
	}
}
{Volume "turret"
	{Polyhedron "turret.vol"}
	{Bone "turret"}
	{Matrix34
		0.999539	0	0.0303494
		-0.0303472	-0.0118772	0.999469
		0.000360685	-0.999929	-0.0118717
		0.0953704	-0.713297	0.846584
	}
}
{Volume "wheelleft"
	{Polyhedron "wheelleft.vol"}
	{Bone "wheell"}
	{Matrix34
		0.999982	-0.00603529	0
		-0.00603529	-0.999982	0
		0	0	-1
		0.0500967	0.125792	0.317697
	}
}
{Volume "wheelright"
	{Polyhedron "wheelright.vol"}
	{Bone "wheelr"}
	{Matrix34
		0.999982	-0.00603529	0
		-0.00603529	-0.999982	0
		0	0	-1
		0.0500934	0.125811	-1.84899
	}
}