;Exported by: Admin
;Date:        Wed Oct 16 05:23:58 2013
;File:        C:\Documents and Settings\Admin\Мои документы\3dsmax\scenes\37mm_type94.max
{Skeleton
	{animation
		{sequence "recoil" {speed 0.6}}
		{sequence "close" {speed 0.6}}
	}
	{bone revolute "basis"
		{speed 0.01}
		{Orientation
			1	0	0
			0	-1	0
			0	0	1
		}
		{bone "commander"
			{Position -17.4914	-5.72878	0.148793}
		}
		{bone "gunner"
			{Position -16.7924	4.10295	0.148793}
		}
		{bone "emit2"
			{Matrix34
				0.276314	-0.961068	0
				0.961068	0.276314	0
				0	0	1
				-13.9124	8.56586	0.148793
			}
			{visibility 0}
		}
		{bone "emit1"
			{Matrix34
				0.198857	0.980028	0
				-0.980028	0.198857	0
				0	0	1
				-13.9124	-7.91658	0.148793
			}
			{visibility 0}
		}
		{bone "driver1"
			{Position -16.4789	8.15239	0.148793}
		}
		{bone "driver2"
			{Position -16.4789	-8.01834	0.148793}
		}
		{bone "body"
			{parameters "ID=body;"}
			{Matrix34
				0.999992	-0.00174521	-0.00349065
				0.00175131	0.999997	0.00174532
				0.0034876	-0.00175142	0.999992
				0.424046	0	7.39295
			}
			{VolumeView "body.ply"}
			{bone revolute "turret"
				{parameters "ID=turret;"}
				{limits -20 20}
				{speed 0.01}
				{Matrix34
					0.999925	2.14565e-005	0.0122172
					-2.14574e-005	1	0
					-0.0122172	0	0.999925
					-0.10658	-0.078528	0.138434
				}
				{VolumeView "turret.ply"}
				{bone revolute "gun_rot"
					{parameters "ID=gun;"}
					{limits -8 20}
					{Matrix34
						0.99996	0.00172942	-0.00872935
						0.00871476	0.00827353	0.999928
						0.00180152	-0.999964	0.00825813
						0.432064	0.0805096	0.676979
					}
					{VolumeView "gun_rot.ply"}
					{bone "gun"
						{parameters "ID=gun;"}
						{Matrix34
							0	-0.00652817	0.999979
							0	0.999979	0.00652817
							-1	0	0
							-6.56712	2.12601	0.0138817
						}
						{VolumeView "gun.ply"}
						{bone "fx_invers"
							{Matrix34
								0	0	1
								1	0	0
								0	1	0
								0.0138798	-0.136843	2.81683
							}
						}
						{bone "foresight1"
							{parameters "Vis;"}
							{Matrix34
								0	0	-1
								-1	0	0
								0	1	0
								0.00661659	0.013135	-28.2598
							}
						}
						{bone "visor"
							{parameters "vis;"}
							{Matrix34
								0	0	-1
								-1	0	0
								0	1	0
								-4.2459	5.40568	-7.10052
							}
						}
						{bone "visor2"
							{parameters "vis;"}
							{Matrix34
								0	0	-1
								-1	0	0
								0	1	0
								0.00483084	5.40568	-7.65793
							}
						}
					}
				}
			}
			{bone "pivot_front"
				{parameters "ID=body;"}
				{Matrix34
					0.999992	0.00175143	0.00348758
					-0.00174531	0.999997	-0.00175141
					-0.00349064	0.00174531	0.999992
					-0.20925	-0.000847511	-0.275204
				}
				{bone revolute "wheelleft"
					{parameters "ID=wheelleft;Support=1;Radius=0.45;"}
					{Matrix34
						1	0	0
						0	0	-1
						0	-1	0
						-0.00717923	9.21518	1.38356
					}
					{VolumeView "wheelleft.ply"}
				}
				{bone revolute "wheelright"
					{parameters "ID=wheelright;Support=1;Radius=0.45;"}
					{Matrix34
						-1	0	0
						0	0	1
						0	1	0
						-0.00717872	-9.24174	1.38356
					}
					{VolumeView "wheelright.ply"}
				}
				{bone "fxtracer1"
					{Matrix34
						-1	0	0
						0	-1	0
						0	0	1
						-4.77792	-9.309	-6.96968
					}
				}
				{bone "fxtracel1"
					{Matrix34
						-1	0	0
						0	-1	0
						0	0	1
						-4.77792	9.28517	-6.96968
					}
				}
			}
			{bone "pivot_back"
				{Matrix34
					0.999992	0.00175143	0.00348758
					-0.00174531	0.999997	-0.00175141
					-0.00349064	0.00174531	0.999992
					-38.4361	-0.0800058	-7.37824
				}
			}
			{bone "support2"
				{Matrix34
					0.999992	0.00175143	0.00348758
					-0.00174531	0.999997	-0.00175141
					-0.00349064	0.00174531	0.999992
					-38.3174	-8.86051	-7.3625
				}
			}
			{bone "support1"
				{Matrix34
					0.999992	0.00175143	0.00348758
					-0.00174531	0.999997	-0.00175141
					-0.00349064	0.00174531	0.999992
					-38.3546	8.73393	-7.39334
				}
			}
			{bone "standl"
				{Matrix34
					0.987949	0.00558221	0.154679
					-0.0107692	0.999407	0.0327165
					-0.154404	-0.033988	0.987423
					-0.52729	4.19966	-0.728511
				}
				{VolumeView "standl.ply"}
				{bone "clinl"
					{Matrix34
						0.992744	-0.11522	-0.0344075
						0.113848	0.992713	-0.0394856
						0.0387063	0.0352819	0.998628
						-38.5687	4.5722	-0.883397
					}
					{VolumeView "clinl.ply"}
				}
			}
			{bone "standr"
				{Matrix34
					0.987962	0.00199523	0.154685
					-0.0017453	0.999997	-0.00175154
					-0.154688	0.00146048	0.987962
					-0.493323	-4.14818	-0.631231
				}
				{VolumeView "standr.ply"}
				{bone "clinr"
					{Matrix34
						0.993633	0.102317	-0.0471756
						-0.102202	0.994752	0.00485307
						0.0474245	0	0.998875
						-38.6143	-4.71559	-0.79988
					}
					{VolumeView "clinr.ply"}
				}
			}
			{bone "link1"
				{Matrix34
					-0.999992	-0.00175062	-0.0034876
					0.0017445	-0.999997	0.00175141
					-0.00349065	0.00174532	0.999992
					-41.2894	-0.0137531	6.70415
				}
			}
		}
		{bone "emit3"
			{Matrix34
				0.198857	0.980028	0
				-0.980028	0.198857	0
				0	0	1
				-29.5725	-7.91658	0.148793
			}
			{visibility 0}
		}
		{bone "emit4"
			{Matrix34
				0.276314	-0.961068	0
				0.961068	0.276314	0
				0	0	1
				-25.4828	7.90214	0.148793
			}
			{visibility 0}
		}
		{bone "seat1"
			{Matrix34
				0	-1	0
				1	0	0
				0	0	1
				-33.9915	-2.63883	2.80564
			}
		}
		{bone "seat2"
			{Matrix34
				0	1	0
				-1	0	0
				0	0	1
				-25.5713	2.90585	1.9327
			}
		}
	}
}
{Area "close"
	{Obb2
		{Center -24.1789 -0}
		{Extent 16.5355 3.48504}
		{Axis 1 0}
	}
	{Tags  "close"}
	{Rotate}
}
{Area "obstacle"
	{Obb2
		{Center 0.196851 0}
		{Extent 8.40551 9.74409}
		{Axis 1 0}
	}
	{Rotate}
}
{Area "openl"
	{Obb2
		{Center -20.1876 -6.59219}
		{Extent 16.5395 0.67311}
		{Axis 0.992554 0.121808}
	}
	{Tags  "open"}
	{Rotate}
}
{Area "openlr"
	{Obb2
		{Center -22.2229 6.83155}
		{Extent 0.539215 16.5358}
		{Axis 0.122598 0.992456}
	}
	{Tags  "open"}
	{Rotate}
}
{Volume "body"
	{Box 1.18207 15.8822 1.74133}
	{Bone "body"}
	{Matrix34
		0.98583	0.00201426	0.167732
		-0.00174519	0.999997	-0.00175152
		-0.167735	0.00143398	0.985831
		0.0066099	-0.000928851	-0.536978
	}
}
{Volume "gun"
	{Cylinder 0.958644 27.5591}
	{Bone "gun"}
	{Position 0	0.00213526	-13.79}
}
{Volume "gun_rot"
	{Cylinder 0.824489 14.4094}
	{Bone "gun_rot"}
	{Matrix34
		0	-0.00652769	0.999979
		0	0.999979	0.00652769
		-1	0	0
		-0.250473	0.383284	-0.0178314
	}
}
{Volume "standl"
	{Box 39.3701 0.963489 1.47458}
	{Bone "standl"}
	{Matrix34
		0.993017	-0.117959	0.00171806
		0.117968	0.992785	-0.0214784
		0.000827953	0.0215311	0.999768
		-19.5174	2.32151	0.0305778
	}
}
{Volume "standr"
	{Box 39.3701 0.963489 1.47458}
	{Bone "standr"}
	{Matrix34
		0.992036	0.125954	-0.000889301
		-0.125953	0.991924	-0.0149559
		-0.00100166	0.0149488	0.999888
		-19.541	-2.42679	0.0388586
	}
}
{Volume "turret"
	{Box 0.518037 16.5653 11.9435}
	{Bone "turret"}
	{Matrix34
		0.985553	0.00201284	0.169355
		-0.001745	0.999997	-0.00173035
		-0.169358	0.00140983	0.985554
		0.202724	0.031411	6.25926
	}
}
{Volume "wheelleft"
	{Cylinder 8.64173 0.984252}
	{Bone "wheelleft"}
	{Matrix34
		1	0	0
		0	-1	0
		0	0	1
		-0.00558641	0.00810437	-0.00602317
	}
}
{Volume "wheelright"
	{Cylinder 8.64173 0.984252}
	{Bone "wheelright"}
	{Position -0.00558811	-0.00810723	0.00380057}
}
