;Exported by: Shinelon
;Date:        Wed Mar 11 22:23:55 2020
;File:        E:\SteamLibrary\steamapps\common\Men of War Assault Squad 2\mods\max\ft17-1_xx.max
{Skeleton
	{bone "basis"
		{Orientation
			1	0	0
			0	-1	0
			0	0	1
		}
		{bone "emit1"
			{Matrix34
				-1	0	0
				0	-1	0
				0	0	1
				51.9831	0	-1.5419e-005
			}
		}
		{bone "body"
			{parameters "ID=body;"}
			{Matrix34
				0.999848	0	-0.0174525
				0	1	0
				0.0174525	0	0.999848
				4.40948	0	17.5376
			}
			{VolumeView "body.ply"}
			{bone "hull_top"
				{parameters "ID=body;"}
				{Position 10.0	-0.1	17.3}
				{VolumeView "hull_top.ply"}
				{bone revolute "gun_rot"
					{limits -15 15}
					{Position 9.12266	-2.08395	-0.526733}
					{bone revolute "gun"
						{parameters "ID=gun;"}
						{limits -15 15}
						{Matrix34
							1	0	0
							0	0	1
							0	-1	0
							0.00142097	-0.00110602	-0.00105286
						}
						{VolumeView "gun_75.ply"}
					}
				}
				{bone "cover2"
					{parameters "ID=body;"}
					{Matrix34
						0.98295	0.120009	-0.139309
						-0.103928	0.987621	0.117488
						0.151684	-0.101006	0.983255
						-9.81174	6.46517	-0.579987
					}
					{VolumeView "cover2.ply"}
				}
				{bone "cover1"
					{parameters "ID=body;"}
					{Matrix34
						0.910281	-0.409232	-0.0625898
						0.413991	0.899818	0.137622
						0	-0.151187	0.988505
						0.700397	10.4278	-0.575104
					}
					{VolumeView "cover1.ply"}
				}
			}
			{bone "fxsmoke1"
				{Matrix34
					-0.876738	0	0.480969
					0	-1	0
					0.480969	0	0.876738
					-27.2518	-12.2832	4.15336
				}
			}
			{bone "fxsmoke2"
				{Matrix34
					-0.876738	0	0.480969
					0	-1	0
					0.480969	0	0.876738
					-27.2518	-12.2825	4.15333
				}
			}
			{bone "visor2"
				{Position 22.7644	0	6.44024}
			}
			{bone "fxfire1"
				{Matrix34
					-1	0	0
					0	-1	0
					0	0	1
					-10.7754	1.99969e-005	8.43724
				}
			}
		}
		{bone "wheelsr"
			{parameters "ID=trackright;"}
			{Position 10.2855	-13.75	6.74214}
			{VolumeView "wheelsr.ply"}
			{bone revolute "wheelr1"
				{parameters "ID=trackright;"}
				{Matrix34
					-1	0	0
					0	0	1
					0	1	0
					19.8819	-0.00984097	-3.40551
				}
				{VolumeView "wheelr1.ply"}
			}
			{bone revolute "wheelr2"
				{parameters "ID=trackright;"}
				{Matrix34
					-1	0	0
					0	0	1
					0	1	0
					15.0886	-0.00984097	-3.40551
				}
				{VolumeView "wheelr2.ply"}
			}
			{bone revolute "wheelr3"
				{parameters "ID=trackright;"}
				{Matrix34
					-1	0	0
					0	0	1
					0	1	0
					10.128	-0.00984097	-3.40551
				}
				{VolumeView "wheelr3.ply"}
			}
			{bone revolute "wheelr4"
				{parameters "ID=trackright;"}
				{Matrix34
					-1	0	0
					0	0	1
					0	1	0
					5.02953	-0.00984097	-3.40551
				}
				{VolumeView "wheelr4.ply"}
			}
			{bone revolute "wheelr5"
				{parameters "ID=trackright;"}
				{Matrix34
					-1	0	0
					0	0	1
					0	1	0
					0.0787411	0.00984287	-3.40551
				}
				{VolumeView "wheelr5.ply"}
			}
			{bone revolute "wheelr6"
				{parameters "ID=trackright;"}
				{Matrix34
					-1	0	0
					0	0	1
					0	1	0
					-5	-0.00984097	-3.40551
				}
				{VolumeView "wheelr6.ply"}
			}
			{bone revolute "wheelr7"
				{parameters "ID=trackright;"}
				{Matrix34
					-1	0	0
					0	0	1
					0	1	0
					-9.96063	-0.00984097	-3.40551
				}
				{VolumeView "wheelr7.ply"}
			}
			{bone revolute "wheelr8"
				{parameters "ID=trackright;"}
				{Matrix34
					-1	0	0
					0	0	1
					0	1	0
					-14.9114	-0.00984097	-3.40551
				}
				{VolumeView "wheelr8.ply"}
			}
			{bone revolute "wheelr9"
				{parameters "ID=trackright;"}
				{Matrix34
					-1	0	0
					0	0	1
					0	1	0
					-19.8622	-0.00984097	-3.40551
				}
				{VolumeView "wheelr9.ply"}
			}
			{bone "trackr"
				{parameters "ID=trackright;"}
				{Position 1.64353	-3.52859e-005	4.79335}
				{VolumeView "trackr.ply"}
				{bone "fxtracer1"
					{Matrix34
						-1	0	0
						0	-1	0
						0	0	1
						18.3839	2.09808e-005	-11.5355
					}
				}
				{bone "fxtracer2"
					{Matrix34
						-0.985528	0	0.169514
						0	-1	0
						0.169514	0	0.985528
						-19.498	1.71661e-005	-11.5355
					}
				}
			}
		}
		{bone "wheelsl"
			{parameters "ID=trackleft;"}
			{Position 10.2854	13.7501	6.74216}
			{VolumeView "wheelsl.ply"}
			{bone revolute "wheell9"
				{parameters "ID=trackleft;"}
				{Matrix34
					-1	0	0
					0	0	1
					0	1	0
					-19.8622	0.00984669	-3.40551
				}
				{VolumeView "wheell9.ply"}
			}
			{bone revolute "wheell8"
				{parameters "ID=trackleft;"}
				{Matrix34
					-1	0	0
					0	0	1
					0	1	0
					-14.9114	0.00984669	-3.40551
				}
				{VolumeView "wheell8.ply"}
			}
			{bone revolute "wheell7"
				{parameters "ID=trackleft;"}
				{Matrix34
					-1	0	0
					0	0	1
					0	1	0
					-9.96063	0.00984478	-3.40551
				}
				{VolumeView "wheell7.ply"}
			}
			{bone revolute "wheell6"
				{parameters "ID=trackleft;"}
				{Matrix34
					-1	0	0
					0	0	1
					0	1	0
					-5	0.00984287	-3.40551
				}
				{VolumeView "wheell6.ply"}
			}
			{bone revolute "wheell5"
				{parameters "ID=trackleft;"}
				{Matrix34
					-1	0	0
					0	0	1
					0	1	0
					0.078743	-0.00984097	-3.40551
				}
				{VolumeView "wheell5.ply"}
			}
			{bone revolute "wheell4"
				{parameters "ID=trackleft;"}
				{Matrix34
					-1	0	0
					0	0	1
					0	1	0
					5.02953	0.00984287	-3.40551
				}
				{VolumeView "wheell4.ply"}
			}
			{bone revolute "wheell3"
				{parameters "ID=trackleft;"}
				{Matrix34
					-1	0	0
					0	0	1
					0	1	0
					10.128	0.00984097	-3.40551
				}
				{VolumeView "wheell3.ply"}
			}
			{bone revolute "wheell2"
				{parameters "ID=trackleft;"}
				{Matrix34
					-1	0	0
					0	0	1
					0	1	0
					15.0886	0.00983906	-3.40551
				}
				{VolumeView "wheell2.ply"}
			}
			{bone revolute "wheell1"
				{parameters "ID=trackleft;"}
				{Matrix34
					-1	0	0
					0	0	1
					0	1	0
					19.8819	0.00983906	-3.40551
				}
				{VolumeView "wheell1.ply"}
			}
			{bone "trackl"
				{parameters "ID=trackleft;"}
				{Position 2.07661	-8.10623e-005	4.79334}
				{VolumeView "trackl.ply"}
				{bone "fxtracel1"
					{Matrix34
						-1	0	0
						0	-1	0
						0	0	1
						17.9508	7.05719e-005	-11.5355
					}
				}
				{bone "fxtracel2"
					{Matrix34
						-0.985528	0	0.169514
						0	-1	0
						0.169514	0	0.985528
						-19.9311	-9.34601e-005	-11.5355
					}
				}
			}
		}
		{bone "emit2"
			{Matrix34
				0.43998	-0.898007	0
				0.898007	0.43998	0
				0	0	1
				-3.02233	24.3535	0
			}
		}
	}
}
{Volume "body"
	{Polyhedron "body1.vol"}
	{Bone "body"}
	{Position 1.38549	1.91221e-005	0.792669}
}
{Volume "gun"
	{Cylinder 1.05 6.40976}
	{Bone "gun"}
	{Matrix34
		0	0	1
		0	1	0
		-1	0	0
		4.77455	-0.806458	0.101624
	}
}
{Volume "hull"
	{Polyhedron "hull.vol"}
	{Bone "hull_top"}
	{Position -0.0723457	0.391502	-6.83571}
}
{Volume "mantlet"
	{Polyhedron "mantlet.vol"}
	{Bone "gun"}
	{Matrix34
		0	0	1
		-0.148422	0.988924	0
		-0.988924	-0.148422	0
		2.77054	0.224304	0.0335693
	}
}
{Volume "shieldr1"
	{Polyhedron "shieldr2.vol"}
	{Bone "body"}
	{Matrix34
		0.503317	0	0.864102
		0	1	0
		-0.864102	0	0.503317
		-45.1711	-0.137799	-13.9381
	}
}
{Volume "trackleft"
	{Polyhedron "trackleft.vol"}
	{Bone "trackl"}
	{Position -0.113934	8.58307e-005	0.0646076}
}
{Volume "trackright"
	{Polyhedron "trackright.vol"}
	{Bone "trackr"}
	{Position 0.319126	3.62396e-005	0.0646038}
}
