;Exported by: Normand
;Date:        Sun Jul 05 19:08:46 2020
;File:        C:\Users\Normand\french_scout.max
{Skeleton
	{animation
		{sequence "start" {speed 0.4}}
		{sequence "stop" {speed 0.4}}
	}
	{bone "basis"
		{parameters "SteerMax=30;WheelRadius=0.43;"}
		{Orientation
			1	0	0
			0	-1	0
			0	0	1
		}
		{bone "body"
			{parameters "ID=body;"}
			{animation
				{sequence "repair" {file "body_r.anm"} {speed 0.4}}
			}
			{Position 1.16298	0.0538423	13.1982}
			{VolumeView "body.ply"}
			{bone "motor"
				{parameters "ID=body;"}
				{Position 14.1704	-1.0801	-1.201}
				{VolumeView "motor.ply"}
			}
			{bone revolute "steerrudder"
				{parameters "ID=body;"}
				{Matrix34
					0.449859	0	0.8931
					0	1	0
					-0.8931	0	0.449859
					8.88856	-8.01877	11.0915
				}
				{VolumeView "steerrudder.ply"}
			}
			{bone "headlightl"
				{Position 37.8371	10.8056	4.97586}
			}
			{bone "headlightr"
				{Position 37.8606	-10.5408	4.95487}
			}
			{bone "fx_light"
				{Position 71.6029	0.0160494	-3.61195}
			}
			{bone "fxstop2"
				{Matrix34
					-1	0	0
					0	-1	0
					0	0	1
					-39.1128	-12.7703	5.92423
				}
			}
			{bone "fxsmoke1"
				{Matrix34
					-0.976543	0.173649	-0.12732
					-0.172191	-0.984808	-0.0224498
					-0.129284	0	0.991608
					-31.2656	7.50191	-4.61484
				}
			}
			{bone "visor1"
				{Position 15.179	5.49755	15.6702}
			}
			{bone "fxfire1"
				{Position 27.9697	-0.0473737	-0.6631}
			}
			{bone "commander"
				{Matrix34
					0.907399	0	0.420269
					0	1	0
					-0.420269	0	0.907399
					5.8551	8.6703	-1.5751038
				}
			}
			{bone "driver"
				{Matrix34
					0.907399	0	0.420269
					0	1	0
					-0.420269	0	0.907399
					5.7641	-9.0872	-1.534942
				}
			}
			{bone "wh_sp"
				{parameters "ID=body;"}
				{Position -5.2291	0.253182	7.54205}
				{VolumeView "wh_sp.ply"}
			}
			{bone "wh_sp2"
				{parameters "ID=body;"}
				{Position 1.10854	0.0112816	-1.5795}
				{VolumeView "wh_sp2.ply"}
			}
			{bone "enumerator"
				{parameters "ID=enumerator;"}
				{Position -0.345341	-0.0198825	9.35585}
				{VolumeView "enumerator.ply"}
			}
			{bone "engine"
				{parameters "ID=engine;"}
				{animation
					{sequence "repair" {file "engine_r.anm"} {speed 0.4}}
				}
				{VolumeView "engine.ply"}
				{bone "engine_cover2"
					{parameters "ID=engine;"}
					{Matrix34
						0.99294	0	-0.118615
						0	1	0
						0.118615	0	0.99294
						27.9141	0.708138	9.01356
					}
					{VolumeView "engine_cover2.ply"}
				}
				{bone "engine_cover1"
					{parameters "ID=engine;"}
					{Matrix34
						0.99294	0	-0.118615
						0	1	0
						0.118615	0	0.99294
						27.9141	-0.492028	9.01375
					}
					{VolumeView "engine_cover1.ply"}
				}
			}
			{bone "glass1"
				{parameters "ID=glass;"}
				{Matrix34
					0.987701	0	0.156352
					0	1	0
					-0.156352	0	0.987701
					-4.77577	-0.0521601	-53.3032
				}
				{VolumeView "glass1.ply"}
			}
			{bone "glass2"
				{parameters "ID=glass;"}
				{Matrix34
					0.987701	0	0.156352
					0	1	0
					-0.156352	0	0.987701
					-4.77577	-0.0521601	-53.3032
				}
				{VolumeView "glass2.ply"}
			}
			{bone "link2"
				{Matrix34
					-1	0	0
					0	-1	0
					0	0	1
					-34.3624	-0.349362	-1.27228
				}
			}
			{bone "seat02"
				{Matrix34
					-0.648688	0.692973	0.31463
					-0.730049	-0.683395	0
					0.215016	-0.229695	0.949215
					-11.7595	7.96863	0.304207
				}
			}
			{bone "seat01"
				{Matrix34
					-0.912823	0	0.408356
					0	-1	0
					0.408356	0	0.912823
					-15.7028	-4.25464	0.304207
				}
			}
		}
		{bone "pivot_front"
			{parameters "ID=body;"}
			{Position 23.1392	-1.76023	8.60061}
			{VolumeView "pivot_front.ply"}
			{bone revolute "steerl"
				{Matrix34
					-1	0	0
					0	1	0
					0	0	1
					-0.00600815	15.6681	-0.0613241
				}
				{bone "fxtracel1"
					{Matrix34
						1	0	0
						0	-1	0
						0	0	1
						-0.0455875	0.230066	-8.53929
					}
				}
			{bone prizmatic "suspension_l1"
				{limits -0.09 0.06}
				{speed2 0.5}
				{Matrix34
					1   0   0
					0   1   0
					0   0   1
						-0.0975533	0.811659	0.0455198
				}
				{bone revolute "wheell1"
					{parameters "ID=wheelleft1;"}
					{Matrix34
						1	0	0
						0	0	1
						0	1	0
					0   0   0
					}
					{VolumeView "wheell1.ply"}
				}
			}
			}
			{bone revolute "steerr"
				{Matrix34
					-1	0	0
					0	1	0
					0	0	1
					-0.00600052	-12.0131	-0.0613241
				}
				{bone "fxtracer1"
					{Matrix34
						1	0	0
						0	-1	0
						0	0	1
						-0.0455761	-0.431255	-8.53929
					}
				}
			{bone prizmatic "suspension_r1"
				{limits -0.09 0.06}
				{speed2 0.5}
				{Matrix34
					1   0   0
					0   1   0
					0   0   1
						-0.0975456	-0.946516	0.0455236
				}
				{bone revolute "wheelr1"
					{parameters "ID=wheelright1;"}
					{Matrix34
						1	0	0
						0	0	1
						0	1	0
					0   0   0
					}
					{VolumeView "wheelr1.ply"}
				}
			}
			}
			{bone "sping"
				{parameters "ID=body;"}
				{Position 0.347626	1.75197	1.2425}
				{VolumeView "sping.ply"}
			}
		}
		{bone "pivot_back"
			{Position -11.7376	2.16046	8.50444}
			{VolumeView "pivot_back.ply"}
			{bone "fxtracer2"
				{Matrix34
					-1	0	0
					0	-1	0
					0	0	1
					-9.92144	-16.4834	-8.50444
				}
			}
			{bone "fxtracel2"
				{Matrix34
					-1	0	0
					0	-1	0
					0	0	1
					-9.89689	12.0887	-8.50443
				}
			}
			{bone prizmatic "suspension_l2"
				{limits -0.09 0.06}
				{speed2 0.5}
				{Matrix34
					1   0   0
					0   1   0
					0   0   1
					-9.86225	12.5732	0.0803747
				}
			{bone revolute "wheell2"
				{parameters "ID=wheelleft2;"}
				{Matrix34
					-1	0	0
					0	0	1
					0	1	0
					0   0   0
				}
				{VolumeView "wheell2.ply"}
			}
			}
			{bone prizmatic "suspension_r2"
				{limits -0.09 0.06}
				{speed2 0.5}
				{Matrix34
					1   0   0
					0   1   0
					0   0   1
					-9.86225	-16.9118	0.0803719
				}
			{bone revolute "wheelr2"
				{parameters "ID=wheelright2;"}
				{Matrix34
					-1	0	0
					0	0	1
					0	1	0
					0   0   0
				}
				{VolumeView "wheelr2.ply"}
			}
			}
		}
		{bone "emit2"
			{Matrix34
				0	-1	0
				1	0	0
				0	0	1
				19.18902	34.9961	0
			}
		}
		{bone "emit1"
			{Matrix34
				0	1	0
				-1	0	0
				0	0	1
				-3.19327	-35.1799	0
			}
		}
		{bone "emit3"
			{Matrix34
				0	-1	0
				1	0	0
				0	0	1
				-15.18902	34.9961	0
			}
		}
	}
}
{Volume "body2"
	{Polyhedron "body2.vol"}
	{Bone "body"}
	{Position -0.211327	0.0222552	-0.291893}
}
{Volume "body"
	{Box 66 12.4567 2.59515}
	{Bone "body"}
	{Position -1.30396	0.169335	-0.25723}
}
{Volume "bodyback"
	{Box 33 33.25 13}
	{Bone "body"}
	{Position -22.6006	-0.0284821	6.11607}
}
{Volume "engine"
	{Polyhedron "engine.vol"}
	{Bone "body"}
	{Position 25.8335	-0.00320148	-0.320313}
}
{Volume "glass1"
	{Polyhedron "glass1.vol"}
	{Bone "glass1"}
	{Matrix34
		0	-1	0
		0	0	1
		-1	0	0
		28.54	6.56895	67.5522
	}
}
{Volume "glass2"
	{Polyhedron "glass2.vol"}
	{Bone "glass2"}
	{Matrix34
		0	-1	0
		0	0	1
		-1	0	0
		28.54	-6.4598	67.5522
	}
}
{Volume "wheelleft1"
	{Cylinder 8.76118 4}
	{Bone "wheell1"}
	{Matrix34
		-1	0	0
		0	1	0
		0	0	-1
		0.0417366	0.00555355	-0.485338
	}
}
{Volume "wheelleft2"
	{Cylinder 8.76118 4}
	{Bone "wheell2"}
	{Matrix34
		-1	0	0
		0	1	0
		0	0	-1
		0.00690846	0.00555212	-0.499419
	}
}
{Volume "wheelright1"
	{Cylinder 8.76118 4}
	{Bone "wheelr1"}
	{Matrix34
		-1	0	0
		0	1	0
		0	0	-1
		0.0417366	0.00554973	0.511345
	}
}
{Volume "wheelright2"
	{Cylinder 8.76118 4}
	{Bone "wheelr2"}
	{Matrix34
		-1	0	0
		0	1	0
		0	0	-1
		0.00690846	0.00554926	0.54281
	}
}
