;Exported by: Jagdpanther
;Date:        Thu Aug 12 10:40:40 2010
;File:        D:\Δενθρ\3DS MAX\sem18_xx.max
{Skeleton
	{bone revolute "basis"
		{Orientation
			1	0	0
			0	-1	0
			0	0	1
		}
		{bone "body"
			{parameters "ID=body;"}
			{Matrix34
				0.99994	-0.00912368	0.00607058
				0.00896044	0.999611	0.0263956
				-0.00630904	-0.0263396	0.999633
				-2.06693	0	23.4149
			}
			{VolumeView "body.ply"}
			{bone "engine"
				{parameters "ID=engine;"}
				{Position -27.9214	-58.0037	2.42122}
				{VolumeView "engine.ply"}
				{bone "detail1"
					{parameters "ID=Engine;"}
					{Position -15.3779	58.0394	-3.82202}
					{VolumeView "detail1.ply"}
				}
			}
			{bone "part2"
				{parameters "ID=body;"}
				{Position -1.91968	17.1334	13.263}
				{VolumeView "part2.ply"}
			}
			{bone revolute "gun_rot"
				{parameters "ID=gun;"}
				{limits -10 10}
				{speed 0.01}
				{Matrix34
					-1	0	0
					0	-1	0
					0	0	1
					20.8437	-2.2879	6.75368
				}
				{VolumeView "gun_rot.ply"}
				{bone revolute "gun"
					{parameters "ID=gun;"}
					{Matrix34
						-0.964469	0.00728357	-0.264096
						0.264113	0.00147517	-0.964491
						-0.00663535	-0.999972	-0.00334644
						0.0766773	-0.00865173	0.0717812
					}
					{VolumeView "gun.ply"}
				}
			}
			{bone "door1"
				{parameters "ID=body;"}
				{Position 33.4578	-7.68288	-1.54177}
				{VolumeView "door1.ply"}
			}
			{bone "door2"
				{parameters "ID=body;"}
				{Position 33.5028	7.52004	-1.56704}
				{VolumeView "door2.ply"}
			}
			{bone "cover1"
				{parameters "ID=body;"}
				{Matrix34
					-0.639528	-0.0147184	0.768627
					-0.0302544	0.999524	-0.00603298
					-0.768172	-0.0271126	-0.639669
					-6.56662	8.05384	11.25
				}
				{VolumeView "cover1.ply"}
			}
			{bone "part1"
				{parameters "ID=body;"}
				{Matrix34
					0.0471232	-0.00297214	0.998885
					-0.0231654	0.999723	0.00406747
					-0.998621	-0.0233312	0.0470413
					-6.59721	-7.82318	11.2494
				}
				{VolumeView "part1.ply"}
			}
			{bone "visor1"
				{Position 23.7204	9.71852	7.4753}
			}
			{bone "fxfire1"
				{Matrix34
					0	0	1
					0	1	0
					-1	0	0
					-31.4661	0	6.13568
				}
			}
			{bone "fxshot"
				{Matrix34
					0	0	1
					0	1	0
					-1	0	0
					6.81508	0	2.45743
				}
			}
			{bone "visor2"
				{Position 19.8	-9.2294	15.2164}
			}
		}
		{bone "wheelsl"
			{parameters "ID=trackleft;"}
			{Position -0.776524	18.367	8.63854}
			{VolumeView "wheelsl.ply"}
			{bone revolute "wheell1"
				{parameters "ID=trackleft;"}
				{Matrix34
					-1	0	0
					0	0	1
					0	1	0
					39.575	-0.520493	5.37965
				}
				{VolumeView "wheell1.ply"}
			}
			{bone revolute "wheell2"
				{parameters "ID=trackleft;"}
				{Matrix34
					-1	0	0
					0	0	1
					0	1	0
					28.1925	0.174881	-4.13277
				}
				{VolumeView "wheell2.ply"}
			}
			{bone revolute "wheell3"
				{parameters "ID=trackleft;"}
				{Matrix34
					-1	0	0
					0	0	1
					0	1	0
					20.5604	0.194366	-4.13259
				}
				{VolumeView "wheell3.ply"}
			}
			{bone revolute "wheell11"
				{parameters "ID=trackleft;"}
				{Matrix34
					-1	0	0
					0	0	1
					0	1	0
					26.1253	0.129501	8.98474
				}
				{VolumeView "wheell11.ply"}
			}
			{bone revolute "wheell4"
				{parameters "ID=trackleft;"}
				{Matrix34
					-1	0	0
					0	0	1
					0	1	0
					11.85	0.216629	-4.13237
				}
				{VolumeView "wheell4.ply"}
			}
			{bone revolute "wheell5"
				{parameters "ID=trackleft;"}
				{Matrix34
					-1	0	0
					0	0	1
					0	1	0
					4.21911	0.23613	-4.13218
				}
				{VolumeView "wheell5.ply"}
			}
			{bone revolute "wheell12"
				{parameters "ID=trackleft;"}
				{Matrix34
					-1	0	0
					0	0	1
					0	1	0
					-0.259399	0.195541	8.16075
				}
				{VolumeView "wheell12.ply"}
			}
			{bone revolute "wheell13"
				{parameters "ID=trackleft;"}
				{Matrix34
					-1	0	0
					0	0	1
					0	1	0
					-28.3892	0.264755	6.58994
				}
				{VolumeView "wheell13.ply"}
			}
			{bone revolute "wheell6"
				{parameters "ID=trackleft;"}
				{Matrix34
					-1	0	0
					0	0	1
					0	1	0
					-4.14307	0.257492	-4.13197
				}
				{VolumeView "wheell6.ply"}
			}
			{bone revolute "wheell7"
				{parameters "ID=trackleft;"}
				{Matrix34
					-1	0	0
					0	0	1
					0	1	0
					-11.7745	0.276794	-4.13198
				}
				{VolumeView "wheell7.ply"}
			}
			{bone revolute "wheell8"
				{parameters "ID=trackleft;"}
				{Matrix34
					-1	0	0
					0	0	1
					0	1	0
					-20.4812	0.299179	-4.13176
				}
				{VolumeView "wheell8.ply"}
			}
			{bone revolute "wheell9"
				{parameters "ID=trackleft;"}
				{Matrix34
					-1	0	0
					0	0	1
					0	1	0
					-28.1168	0.318588	-4.13157
				}
				{VolumeView "wheell9.ply"}
			}
			{bone revolute "wheell10"
				{parameters "ID=trackleft;"}
				{Matrix34
					-1	0	0
					0	0	1
					0	1	0
					-44.2317	0.302902	1.83957
				}
				{VolumeView "wheell10.ply"}
			}
			{bone "trackl"
				{parameters "ID=trackleft;"}
				{Matrix34
					0.99863	-0.052137	-0.00456138
					0.0523362	0.994829	0.0870363
					0	-0.0871557	0.996195
					-1.3404	-1.20341	1.57463
				}
				{VolumeView "trackl.ply"}
			}
		}
		{bone "wheelr"
			{parameters "ID=trackright;"}
			{Position -3.44701	-18.3251	8.70201}
			{VolumeView "wheelr.ply"}
			{bone revolute "wheelr1"
				{parameters "ID=trackright;"}
				{Matrix34
					-1	0	0
					0	0	1
					0	1	0
					42.1506	0.282265	5.37808
				}
				{VolumeView "wheelr1.ply"}
			}
			{bone revolute "wheelr11"
				{parameters "ID=trackright;"}
				{Matrix34
					-1	0	0
					0	0	1
					0	1	0
					28.6982	-0.287071	8.98557
				}
				{VolumeView "wheelr11.ply"}
			}
			{bone revolute "wheelr2"
				{parameters "ID=trackright;"}
				{Matrix34
					-1	0	0
					0	0	1
					0	1	0
					30.7683	-0.386543	-4.1344
				}
				{VolumeView "wheelr2.ply"}
			}
			{bone revolute "wheelr3"
				{parameters "ID=trackright;"}
				{Matrix34
					-1	0	0
					0	0	1
					0	1	0
					23.1352	-0.367104	-4.13452
				}
				{VolumeView "wheelr3.ply"}
			}
			{bone revolute "wheelr4"
				{parameters "ID=trackright;"}
				{Matrix34
					-1	0	0
					0	0	1
					0	1	0
					14.4257	-0.34478	-4.134
				}
				{VolumeView "wheelr4.ply"}
			}
			{bone revolute "wheelr5"
				{parameters "ID=trackright;"}
				{Matrix34
					-1	0	0
					0	0	1
					0	1	0
					6.79485	-0.325302	-4.13381
				}
				{VolumeView "wheelr5.ply"}
			}
			{bone revolute "wheelr12"
				{parameters "ID=trackright;"}
				{Matrix34
					-1	0	0
					0	0	1
					0	1	0
					2.31258	-0.221054	8.16186
				}
				{VolumeView "wheelr12.ply"}
			}
			{bone revolute "wheelr13"
				{parameters "ID=trackright;"}
				{Matrix34
					-1	0	0
					0	0	1
					0	1	0
					-25.8172	-0.15181	6.59105
				}
				{VolumeView "wheelr13.ply"}
			}
			{bone revolute "wheelr6"
				{parameters "ID=trackright;"}
				{Matrix34
					-1	0	0
					0	0	1
					0	1	0
					-1.56702	-0.30394	-4.1336
				}
				{VolumeView "wheelr6.ply"}
			}
			{bone revolute "wheelr7"
				{parameters "ID=trackright;"}
				{Matrix34
					-1	0	0
					0	0	1
					0	1	0
					-9.19876	-0.284454	-4.13341
				}
				{VolumeView "wheelr7.ply"}
			}
			{bone revolute "wheelr8"
				{parameters "ID=trackright;"}
				{Matrix34
					-1	0	0
					0	0	1
					0	1	0
					-17.906	-0.262161	-4.13319
				}
				{VolumeView "wheelr8.ply"}
			}
			{bone revolute "wheelr9"
				{parameters "ID=trackright;"}
				{Matrix34
					-1	0	0
					0	0	1
					0	1	0
					-25.5408	-0.242691	-4.13301
				}
				{VolumeView "wheelr9.ply"}
			}
			{bone revolute "wheelr10"
				{parameters "ID=trackright;"}
				{Matrix34
					-1	0	0
					0	0	1
					0	1	0
					-41.6551	-0.126961	1.83796
				}
				{VolumeView "wheelr10.ply"}
			}
			{bone "trackr"
				{parameters "ID=trackright;"}
				{Position 8.35817	-1.25112	1.99313}
				{VolumeView "trackr.ply"}
			}
		}
	}
}
{Volume "body1"
	{Polyhedron "body1.vol"}
	{Bone "body"}
	{Position 1.23912	0.055069	-7.49903}
}
{Volume "body2"
	{Polyhedron "body2.vol"}
	{Bone "body"}
	{Position 7.27228	0	2.73628}
}
{Volume "engine"
	{Polyhedron "engine.vol"}
	{Bone "engine"}
	{Position -0.756601	58.0037	-0.815573}
}
{Volume "gun"
	{Cylinder 2.32012 28.178}
	{Bone "gun"}
	{Matrix34
		0	-1	0
		0	0	1
		-1	0	0
		4.97963	0.0978192	0.0330757
	}
}
{Volume "part1"
	{Polyhedron "part1.vol"}
	{Bone "part1"}
	{Matrix34
		0.0407918	-0.0142316	-0.999066
		-0.0297114	0.999439	-0.0154501
		0.998726	0.0303139	0.040346
		0.0469856	0.117604	0.473114
	}
}
{Volume "part2"
	{Box 1.17788 1.16831 34.9077}
	{Bone "part2"}
	{Matrix34
		0.99994	0.00896045	-0.00630904
		-0.00912368	0.999612	-0.0263398
		0.00607058	0.0263958	0.999633
		-0.0113156	-0.25299	15.6792
	}
}
{Volume "trackleft"
	{Polyhedron "trackleft.vol"}
	{Bone "trackl"}
	{Matrix34
		0.99863	0.0523364	0
		-0.0521372	0.994829	-0.0871557
		-0.00456136	0.0870363	0.996195
		-0.763668	1.89029	1.90765
	}
}
{Volume "trackright"
	{Polyhedron "trackright.vol"}
	{Bone "trackr"}
	{Position -7.5534	0.7286	1.58642}
}
