;MDL File generated by SOEdit Version Next (v0.7m4)
;Model created by: guita
;Date: 11.06.2022 12:53:47
;File: D:\Git\3D_Scenes\GoH_3D_vehicles_rus\vehicles\tank_medium\t-34-41\T-34-41_xx.max
;Model create/rebuild by: horten
;Last build date: Monday 24 November 2024 [12:21:26]
{Skeleton
    {Bone "basis"
        {Orientation
            1	0	0
            0	-1	0
            0	0	1
        }
        {Bone "wheelsl"
            {Parameters "wheelsl;id=trackleft;"}
            {Position 3.5662	20.0367	9.4937}
            {LODView
                {VolumeView "wheelsl.ply"}
                {VolumeView "wheelsl_lod1.ply"}
            }
            {Bone prizmatic "suspension_l1"
                {Parameters "ikspeed2=2;"}
                {Limits -0.19 0.12}
                {Position 31.9443	4.1728	-0.5085}
                {Bone revolute "wheell2"
                    {Parameters "id=trackleft;radius=0.49;"}
                    {Matrix34
                        1	0	0
                        0	0	-1
                        0	1	0
                        0	0.2091	0
                    }
                    {LODView
                        {VolumeView "wheell2.ply"}
                        {VolumeView "wheell2_lod1.ply"}
                    }
                }
            }
            {Bone prizmatic "suspension_l2"
                {Parameters "ikspeed2=2;"}
                {Limits -0.19 0.16}
                {Position 13.5591	4.1728	-0.5086}
                {Bone revolute "wheell3"
                    {Parameters "id=trackleft;radius=0.49;"}
                    {Matrix34
                        1	0	0
                        0	0	-1
                        0	1	0
                        0	0.2091	0
                    }
                    {LODView
                        {VolumeView "wheell3.ply"}
                        {VolumeView "wheell3_lod1.ply"}
                    }
                }
            }
            {Bone prizmatic "suspension_l3"
                {Parameters "ikspeed2=2;"}
                {Limits -0.19 0.17}
                {Position -6.7928	4.1728	-0.5086}
                {Bone revolute "wheell4"
                    {Parameters "id=trackleft;radius=0.49;"}
                    {Matrix34
                        -0.5	0	0.866
                        0.866	0	0.5
                        0	1	0
                        0	0.2091	0
                    }
                    {LODView
                        {VolumeView "wheell2.ply"}
                        {VolumeView "wheell2_lod1.ply"}
                    }
                }
            }
            {Bone prizmatic "suspension_l4"
                {Parameters "ikspeed2=2;"}
                {Limits -0.19 0.17}
                {Position -24.1069	4.1728	-0.5086}
                {Bone revolute "part8"
                    {Parameters "id=trackleft;radius=0.49;"}
                    {Matrix34
                        0.866	0	-0.5
                        -0.5	0	-0.866
                        0	1	0
                        0	0.2091	0
                    }
                    {LODView
                        {VolumeView "part8.ply"}
                        {VolumeView "part8_lod1.ply"}
                    }
                }
            }
            {Bone prizmatic "suspension_l5"
                {Parameters "ikspeed2=2;"}
                {Limits -0.19 0.17}
                {Position -40.961	4.1728	-0.5085}
                {Bone revolute "part2"
                    {Parameters "id=trackleft;radius=0.49;"}
                    {Matrix34
                        0.5	0	0.866
                        0.866	0	-0.5
                        0	1	0
                        0	0.2092	0
                    }
                    {LODView
                        {VolumeView "wheell2.ply"}
                        {VolumeView "wheell2_lod1.ply"}
                    }
                }
            }
        }
        {Bone "wheelsr"
            {Parameters "wheelsr;id=trackright;"}
            {Position 3.5662	-20.0631	9.4937}
            {LODView
                {VolumeView "wheelsr.ply"}
                {VolumeView "wheelsr_lod1.ply"}
            }
            {Bone prizmatic "suspension_r4"
                {Parameters "ikspeed2=2;"}
                {Limits -0.19 0.13}
                {Position -24.1069	-4.2118	-0.5086}
                {Bone revolute "wheelr5"
                    {Parameters "id=trackright;radius=0.49;"}
                    {Matrix34
                        0	0	1
                        1	0	0
                        0	1	0
                        0	-0.1706	0
                    }
                    {LODView
                        {VolumeView "wheelr5.ply"}
                        {VolumeView "wheelr5_lod1.ply"}
                    }
                }
            }
            {Bone prizmatic "suspension_r3"
                {Parameters "ikspeed2=2;"}
                {Limits -0.19 0.13}
                {Position -6.7928	-4.2118	-0.5086}
                {Bone revolute "wheelr4"
                    {Parameters "id=trackright;radius=0.49;"}
                    {Matrix34
                        -0.5	0	-0.866
                        -0.866	0	0.5
                        0	1	0
                        0	-0.1706	0
                    }
                    {LODView
                        {VolumeView "wheelr4.ply"}
                        {VolumeView "wheelr4_lod1.ply"}
                    }
                }
            }
            {Bone prizmatic "suspension_r1"
                {Parameters "ikspeed2=2;"}
                {Limits -0.19 0}
                {Position 31.9443	-4.2118	-0.5086}
                {Bone revolute "wheelr2"
                    {Parameters "id=trackright;radius=0.49;"}
                    {Matrix34
                        1	0	0
                        0	0	-1
                        0	1	0
                        0	-0.1706	0
                    }
                    {LODView
                        {VolumeView "wheelr4.ply"}
                        {VolumeView "wheelr4_lod1.ply"}
                    }
                }
            }
            {Bone prizmatic "suspension_r5"
                {Parameters "ikspeed2=2;"}
                {Limits -0.19 0.16}
                {Position -40.9609	-4.2118	-0.5086}
                {Bone revolute "wheelr6"
                    {Parameters "id=trackright;radius=0.49;"}
                    {Matrix34
                        0.5	0	0.866
                        0.866	0	-0.5
                        0	1	0
                        0	-0.1706	0
                    }
                    {LODView
                        {VolumeView "wheelr4.ply"}
                        {VolumeView "wheelr4_lod1.ply"}
                    }
                }
            }
            {Bone prizmatic "suspension_r2"
                {Parameters "ikspeed2=2;"}
                {Limits -0.19 0.08}
                {Position 13.5591	-4.2118	-0.5086}
                {Bone revolute "part7"
                    {Parameters "id=trackright;radius=0.49;"}
                    {Matrix34
                        1	0	0
                        0	0	-1
                        0	1	0
                        0	-0.1706	0
                    }
                    {LODView
                        {VolumeView "wheelr5.ply"}
                        {VolumeView "wheelr5_lod1.ply"}
                    }
                }
            }
        }
        {Bone "body"
            {Parameters "id=body;"}
            {Matrix34
                0.9986	0.0024	-0.0523
                -0.0006	0.9994	0.0349
                0.0523	-0.0348	0.998
                -1.6851	-0.0134	19.1755
            }
            {LODView
                {VolumeView "body.ply"}
                {VolumeView "body_lod1.ply"}
            }
            {Bone "cover_driver"
                {Matrix34
                    -0.6157	0	-0.788
                    0	-1	0
                    -0.788	0	0.6157
                    35.2745	3.9935	8.5118
                }
                {LODView
                    {VolumeView "cover_driver.ply"}
                    {VolumeView "cover_driver_lod1.ply"}
                }
            }
            {Bone revolute "turret"
                {Parameters "id=turret;"}
                {Speed 0.01}
                {Matrix34
                    0.9828	0.1831	-0.0254
                    -0.1792	0.9776	0.1107
                    0.0451	-0.1042	0.9935
                    9.2384	0.1484	13.9041
                }
                {VolumeView "turret.ply"}
                {Bone "cupola"
                    {Parameters "id=turret;"}
                    {Position -5.55288	2.30378	12.1736}
                    {VolumeView "cupola.ply"}
                    {Bone "cover04"
                        {Parameters "id=turret;"}
                        {Position 0.103497	-4.96748	3.18149}
                        {VolumeView "cover04.ply"}
                    }
                    {Bone "cover03"
                        {Parameters "id=turret;"}
                        {Position 0.103497	4.86418	3.17565}
                        {VolumeView "cover03.ply"}
                    }
                }
                {Bone "turret_basket"
                    {Parameters "id=turret;"}
                    {Matrix34
                        0.980128	0	-0.198366
                        0	1	0
                        0.198366	0	0.980128
                        -24.4516	0	6.58864
                    }
                    {VolumeView "turret_basket.ply"}
                }
                {Bone revolute "gun_rot"
                    {Parameters "id=gun;"}
                    {Limits -5 22}
                    {Speed 0.015}
                    {Matrix34
                        0.9903	-0.0016	-0.1392
                        0.1392	0	0.9903
                        -0.0016	-1	0.0002
                        12.8576	-0.3733	3.9048
                    }
                    {LODView
                        {VolumeView "gun_rot.ply"}
                        {VolumeView "gun_rot_lod1.ply"}
                    }
                    {Bone "gun"
                        {Parameters "id=gun;"}
                        {Position 28.8788	1.6522	0.0031}
                        {LODView
                            {VolumeView "gun.ply"}
                            {VolumeView "gun_lod1.ply"}
                        }
                    }
                }
            }
            {Bone revolute "mgun_rot"
                {Limits -30 30}
                {Speed 0.015}
                {Matrix34
                    0.9901	0.0382	-0.1352
                    -0.0069	0.9744	0.2246
                    0.1403	-0.2215	0.965
                    41.3531	-11.0148	5.1264
                }
                {Bone revolute "mgun"
                    {Limits -11 20}
                    {Speed 0.015}
                    {Matrix34
                        0.1315	0.9909	0.0282
                        -0.0377	-0.0234	0.999
                        0.9906	-0.1324	0.0343
                        -0.0045	-0.0093	-0.1968
                    }
                    {LODView
                        {VolumeView "mgun.ply"}
                        {VolumeView "mgun_lod1.ply"}
                    }
                }
            }
            {Bone "part4"
                {Matrix34
                    -0.9792	-0.0654	0.1921
                    0.0181	-0.971	-0.2384
                    0.2022	-0.23	0.952
                    -9.631	24.7301	7.6099
                }
                {LODView
                    {VolumeView "part4.ply"}
                    {VolumeView "part4_lod1.ply"}
                }
            }
            {Bone revolute "part1"
                {Parameters "id=trackleft;radius=0.25;"}
                {Matrix34
                    0.9966	-0.0816	-0.0121
                    -0.0045	0.0918	-0.9958
                    0.0824	0.9924	0.0911
                    50.9955	24.4574	-6.6292
                }
                {LODView
                    {VolumeView "part1.ply"}
                    {VolumeView "part1_lod1.ply"}
                }
            }
            {Bone revolute "part3"
                {Parameters "id=trackleft;radius=0.31;"}
                {Matrix34
                    1	-0.0055	0.0002
                    -0.0003	-0.1044	-0.9945
                    0.0055	0.9945	-0.1044
                    -50.4135	25.1343	-7.8105
                }
                {LODView
                    {VolumeView "part3.ply"}
                    {VolumeView "part3_lod1.ply"}
                }
            }
            {Bone revolute "wheelr1"
                {Parameters "id=trackright;radius=0.25;"}
                {Matrix34
                    1	0	0
                    0	0.1045	-0.9945
                    0	0.9945	0.1045
                    50.9969	-25.0157	-6.6487
                }
                {LODView
                    {VolumeView "wheelr1.ply"}
                    {VolumeView "wheelr1_lod1.ply"}
                }
            }
            {Bone revolute "wheelr7"
                {Parameters "id=trackright;radius=0.31;"}
                {Matrix34
                    1	0	0
                    0	0	-1
                    0	1	0
                    -50.4135	-25.1344	-7.8105
                }
                {LODView
                    {VolumeView "wheelr7.ply"}
                    {VolumeView "wheelr7_lod1.ply"}
                }
            }
            {Bone "part6"
                {Parameters "id=engine;"}
                {Matrix34
                    -0.9659	0	0.2588
                    0	-1	0
                    0.2588	0	0.9659
                    -28.5873	0	13.6837
                }
                {LODView
                    {VolumeView "part6.ply"}
                    {VolumeView "part6_lod1.ply"}
                }
            }
            {Bone "engine"
                {Parameters "id=engine;"}
                {Position -29.4334	-0.0018	0}
                {LODView
                    {VolumeView "engine.ply"}
                    {VolumeView "engine_lod1.ply"}
                }
            }
        }
    }
}
{Volume "body1"
    {Polyhedron "body1.vol"}
    {Bone "body"}
    {Position 44.1356	1.4812	-5.1569}
}
{Volume "body2"
    {Polyhedron "body2.vol"}
    {Bone "body"}
    {Position 44.1356	1.4812	-5.1569}
}
{Volume "body3"
    {Polyhedron "body3.vol"}
    {Bone "body"}
    {Position 44.1356	1.4812	-5.1569}
}
{Volume "body4"
    {Polyhedron "body4.vol"}
    {Bone "body"}
    {Matrix34
        0	1	0
        -0.0175	0	0.9998
        0.9998	0	0.0175
        41.2128	-10.8167	4.9568
    }
}
{Volume "body5"
    {Box 10.4624 11.0299 0.77261}
    {Bone "cover_driver"}
    {Matrix34
        -0.866	0	-0.5
        0	-1	0
        -0.5	0	0.866
        -4.3203	-1.0854	-3.18
    }
}
{Volume "engine1"
    {Polyhedron "engine1.vol"}
    {Bone "engine"}
    {Position 73.569	1.4829	-5.1569}
}
{Volume "engine2"
    {Polyhedron "engine2.vol"}
    {Bone "engine"}
    {Position 73.569	1.4829	-5.1569}
}
{Volume "gun2"
    {Polyhedron "gun2.vol"}
    {Bone "gun_rot"}
    {Matrix34
        0	0	-1
        0	1	0
        1	0	0
        4.286	0.7725	0.0636
    }
}
{Volume "gun"
    {Cylinder 1.35846 37.3517}
    {Bone "gun_rot"}
    {Matrix34
        0	0	1
        0	1	0
        -1	0	0
        27.6921	1.5896	0.0404
    }
}
{Volume "mantlet"
    {Polyhedron "mantlet.vol"}
    {Bone "gun_rot"}
    {Matrix34
        -1	0	0
        0	1	0
        0	0	-1
        0.7776	-0.3979	5.6387
    }
}
{Volume "part4"
    {Box 24.8634 3.31081 5.86813}
    {Bone "part4"}
    {Matrix34
        -0.9994	-0.033	0.0122
        0.0332	-0.7661	0.6419
        -0.0118	0.6419	0.7667
        0.0095	-0.1659	0.028
    }
}
{Volume "part6"
    {Box 2.47305 37.0319 12.6283}
    {Bone "part6"}
    {Matrix34
        -0.0177	-0.0169	0.9997
        -0.0041	-0.9998	-0.017
        0.9998	-0.0044	0.0177
        6.5942	0.0268	-1.5616
    }
}
{Volume "trackleft1"
    {Cylinder 4.98708 3.32915}
    {Bone "part1"}
    {Position -0.1259	-0.0243	-0.4013}
}
{Volume "trackleft2"
    {Cylinder 8.22046 6.62148}
    {Bone "wheell2"}
    {Matrix34
        -1	0	0
        0	-1	0
        0	0	1
        -0.0024	-0.0033	-0.0803
    }
}
{Volume "trackleft3"
    {Cylinder 8.22046 6.62148}
    {Bone "wheell3"}
    {Matrix34
        -1	0	0
        0	-1	0
        0	0	1
        -0.0024	-0.0033	-0.0803
    }
}
{Volume "trackleft4"
    {Cylinder 8.22046 6.62148}
    {Bone "wheell4"}
    {Matrix34
        -1	0	0
        0	-1	0
        0	0	1
        -0.0024	-0.0033	-0.0803
    }
}
{Volume "trackleft5"
    {Cylinder 8.22046 6.62148}
    {Bone "part8"}
    {Matrix34
        -0.6806	0.0274	-0.7321
        0.5391	-0.6579	-0.5258
        -0.4961	-0.7526	0.433
        1.7807	2.7521	3.8635
    }
}
{Volume "trackleft6"
    {Cylinder 8.13083 7.11765}
    {Bone "part2"}
    {Matrix34
        0.5006	0.8613	0.0869
        -0.8599	0.4832	0.1646
        0.0998	-0.1572	0.9825
        -0.2059	0.2631	-0.3146
    }
}
{Volume "trackleft7"
    {Cylinder 6.31723 3.31074}
    {Bone "part3"}
    {Matrix34
        -0.9986	0.0523	0.0006
        -0.0523	-0.9986	0.0088
        0.0011	0.0087	1
        -0.0015	0.0127	-0.8354
    }
}
{Volume "trackright1"
    {Cylinder 5.05379 3.31074}
    {Bone "wheelr1"}
    {Matrix34
        -1	0	0
        0	-1	0
        0	0	1
        0	0	0.5643
    }
}
{Volume "trackright2"
    {Cylinder 8.22046 6.62148}
    {Bone "wheelr2"}
    {Matrix34
        -1	0	0
        0	-1	0
        0	0	1
        -0.0024	-0.0033	0.0736
    }
}
{Volume "trackright3"
    {Cylinder 8.13083 7.11765}
    {Bone "part7"}
    {Matrix34
        0.994	0.0043	-0.1092
        -0.0034	1	0.0079
        0.1092	-0.0075	0.994
        0.1359	0.0221	0.2813
    }
}
{Volume "trackright4"
    {Cylinder 8.22046 6.62148}
    {Bone "wheelr4"}
    {Matrix34
        -1	0	0
        0	-1	0
        0	0	1
        -0.0024	-0.0033	0.0736
    }
}
{Volume "trackright5"
    {Cylinder 8.22046 6.62148}
    {Bone "wheelr5"}
    {Matrix34
        -1	0	0
        0	-1	0
        0	0	1
        -0.0024	-0.0033	0.0736
    }
}
{Volume "trackright6"
    {Cylinder 8.22046 6.62148}
    {Bone "wheelr6"}
    {Matrix34
        -1	0	0
        0	-1	0
        0	0	1
        -0.0024	-0.0033	0.0736
    }
}
{Volume "trackright7"
    {Cylinder 6.31723 3.31074}
    {Bone "wheelr7"}
    {Matrix34
        -1	0	0
        0	-1	0
        0	0	1
        -0.0002	0	0.7219
    }
}
{Volume "turret2"
    {Polyhedron "turret2.vol"}
    {Bone "turret"}
    {Position -0.1274	-0.0382	-2.4621}
}
{Volume "turret"
    {Polyhedron "turret.vol"}
    {Bone "turret"}
    {Matrix34
        -1	0	0
        0	0	1
        0	1	0
        -3.1137	15.8539	4.0744
    }
}
{Volume "basket"
    {Box 14.36 21.2653 9.36335}
    {Bone "turret_basket"}
    {Matrix34
        0.999951	0	-0.00987831
        0	1	0
        0.00987831	0	0.999951
        -3.07852	0	-0.494706
    }
}
{Volume "cupola"
    {Cylinder 7.0238 5.38861}
    {Bone "cupola"}
    {Position 0.028224	0.0741377	0.651337}
}
