;Exported by: Sergey
;Date:        Tue Jun 16 17:37:13 2015
;File:        C:\Users\user\Documents\3dsMax\scenes\Skoda 100mm Vz14-19 Howitzer\100mm wz.14-19P_00.max
{Skeleton
	{animation
		{sequence "close" {speed 0.5}}
		{sequence "recoil" {speed 0.5}}
	}
	{bone revolute "basis"
		{Orientation
			1	0	0
			0	-1	0
			0	0	1
		}
		{bone "emit3"
			{Matrix34
				0	-1	0
				1	0	0
				0	0	1
				-49.4062	14.3477	0
			}
		}
		{bone "emit4"
			{Matrix34
				0	1	0
				-1	0	0
				0	0	1
				-49.4062	-14.8575	0
			}
		}
		{bone "driver3"
			{Position -52.1675	-7.72528	0}
		}
		{bone "driver4"
			{Position -51.5319	7.62002	0}
		}
		{bone "commander"
			{Position -2.87846	-27.1642	0}
		}
		{bone "charger2"
			{Matrix34
				0.697104	-0.71697	0
				0.71697	0.697104	0
				0	0	1
				-44.0842	9.88755	0
			}
		}
		{bone "body"
			{Position -0.103929	-0.00219727	12.8546}
			{bone "pivot_front"
				{Orientation
					1	1.55032e-005	0
					0	0	1
					1.55032e-005	-1	0
				}
				{VolumeView "pivot_front.ply"}
				{bone revolute "wheelright"
					{parameters "ID=wheelright;Radius=0.69;support=1;"}
					{Matrix34
						-1	0	-1.54794e-005
						0	1	0
						1.54794e-005	0	-1
						-0.0348658	-0.0350323	15.2926
					}
					{VolumeView "wheelright.ply"}
				}
				{bone revolute "wheelleft"
					{parameters "ID=wheelleft;Radius=0.69;support=1;"}
					{Matrix34
						-0.995597	-0.0937389	-1.52417e-005
						-0.0937388	0.995597	0
						-1.54898e-005	0	1
						-0.0343918	-0.0350208	-16.3191
					}
					{VolumeView "wheelleft.ply"}
				}
				{bone "fxtracer1"
					{Matrix34
						1	0	1.57356e-005
						1.57356e-005	0	-1
						0	1	0
						-0.00575271	-12.8546	16.0513
					}
				}
				{bone "fxtracel1"
					{Matrix34
						1	0	1.57356e-005
						1.57356e-005	0	-1
						0	1	0
						0.0627781	-12.8546	-16.3804
					}
				}
			}
			{bone revolute "turret"
				{parameters "ID=turret;"}
				{limits -1 1}
				{speed 0.004}
				{Position -60.2608	0.17597	-8.34658}
				{bone "lafet"
					{parameters "ID=body;"}
					{VolumeView "lafet.ply"}
					{bone revolute "seatgunner"
						{Matrix34
							0.552638	-0.833421	0
							-0.833421	-0.552638	0
							0	0	1
							43.5977	5.55624	3.31936
						}
						{VolumeView "seatgunner.ply"}
					}
					{bone revolute "seatcommander"
						{Matrix34
							0.660567	0.750767	0
							-0.750767	0.660567	0
							0	0	1
							43.6261	-6.0784	3.31936
						}
						{VolumeView "seatcommander.ply"}
					}
					{bone revolute "gun_rot"
						{parameters "ID=gun;"}
						{limits -3 48}
						{speed 0.004}
						{Matrix34
							1	0	0
							0	1.55727e-005	1
							0	-1	1.55727e-005
							58.0702	7.54742	12.7421
						}
						{VolumeView "gun_rot.ply"}
						{bone "gun"
							{Matrix34
								0	2.201e-005	-1
								0	1	2.201e-005
								1	0	0
								-4.31873	3.91096	7.60863
							}
							{VolumeView "gun.ply"}
							{bone "foresight1"
								{Matrix34
									1.10116e-005	-1.10115e-005	1
									0	1	1.10114e-005
									-1	0	1.10117e-005
									-0.111932	-0.00661659	45.1751
								}
							}
							{bone "fx_invers"
								{Matrix34
									-0.00107391	0	-0.999999
									0	1	0
									0.999999	0	-0.00107391
									-0.112618	-0.00123787	-4.04638
								}
							}
						}
						{bone "visor2"
							{Position 4.74304	6.74511	7.72093}
						}
					}
					{bone "shield"
						{parameters "ID=shield;"}
						{Matrix34
							1	-1.57356e-005	0
							0	0	1
							-1.57356e-005	-1	0
							70.9408	0.444565	22.2063
						}
						{VolumeView "shield.ply"}
						{bone revolute "shield1"
							{Matrix34
								1	0	-1.57356e-005
								0	1	0
								1.57356e-005	0	1
								-5.72642	-18.8973	12.5498
							}
							{VolumeView "shield1.ply"}
						}
						{bone revolute "cover_shield2"
							{parameters "ID=shield;"}
							{Matrix34
								0.989763	0.142723	-1.57356e-005
								-0.142723	0.989763	0
								1.55745e-005	0	1
								-7.61098	-6.11794	-7.05266
							}
							{VolumeView "cover_shield2.ply"}
						}
						{bone revolute "shield2"
							{parameters "ID=shield;"}
							{Matrix34
								1	0	-3.12389e-005
								0	1	0
								3.12389e-005	0	1
								-10.0489	0.671797	0.430383
							}
							{VolumeView "shield2.ply"}
							{bone "cover"
								{Position -2.57525	5.42844	-8.79195}
								{VolumeView "cover.ply"}
							}
						}
					}
					{bone "visor"
						{Matrix34
							1	0	0
							0	1.55727e-005	1
							0	-1	1.55727e-005
							60.0991	8.92373	25.1067
						}
					}
					{bone "charger"
						{Matrix34
							1	0	0
							0	1	1.55031e-005
							0	-1.55031e-005	1
							43.395	-11.2167	-4.50824
						}
					}
					{bone "gunner"
						{Matrix34
							1	0	0
							0	1	1.55031e-005
							0	-1.55031e-005	1
							46.4597	10.2225	-4.50791
						}
					}
					{bone "link1"
						{Matrix34
							1	0	0
							0	1	1.55029e-005
							0	-1.55029e-005	1
							-1.47067	-0.185991	-0.20868
						}
					}
					{bone "pravilo"
						{Matrix34
							0.973975	0	0.226656
							0	1	0
							-0.226656	0	0.973975
							10.5374	-0.174197	3.25359
						}
						{VolumeView "pravilo.ply"}
					}
					{bone revolute "stopor"
						{Matrix34
							-0.0748335	-0.995236	-0.0624872
							0.989876	-0.0817169	0.11605
							-0.120603	-0.0531702	0.991276
							47.2337	3.69641	5.76292
						}
						{VolumeView "stopor.ply"}
					}
				}
			}
			{bone revolute "soshnik"
				{Matrix34
					0.999743	0	-0.0226724
					0.0226724	0	0.999743
					0	-1	0
					-60.3536	3.67902	-6.81198
				}
				{VolumeView "soshnik.ply"}
			}
		}
		{bone "driver2"
			{Matrix34
				1	0	0
				0	1	1.55031e-005
				0	-1.55031e-005	1
				-19.9236	-16.0563	-0.00024892
			}
		}
		{bone "driver1"
			{Matrix34
				1	0	0
				0	1	1.55031e-005
				0	-1.55031e-005	1
				-19.942	16.3596	0.000253626
			}
		}
		{bone "emit4"
			{Matrix34
				1	0	0
				0	1	1.55031e-005
				0	-1.55031e-005	1
				27.9325	9.90864	0.000153614
			}
		}
		{bone "emit3"
			{Matrix34
				1	0	0
				0	1	1.55031e-005
				0	-1.55031e-005	1
				27.9325	-10.0131	-0.000155235
			}
		}
		{bone "emit2"
			{Matrix34
				1	0	0
				0	1	1.55031e-005
				0	-1.55031e-005	1
				-65.0656	-10.0131	-0.000155235
			}
		}
		{bone "emit1"
			{Matrix34
				1	0	0
				0	1	1.55031e-005
				0	-1.55031e-005	1
				-65.0656	10.0131	0.000155234
			}
		}
		{bone "seat2"
			{Matrix34
				0.0415011	-0.998959	-0.0189146
				0.993423	0.0432782	-0.106005
				0.106714	-0.0143909	0.994186
				-27.2086	-6.14303	0.237088
			}
		}
		{bone "seat1"
			{Matrix34
				-0.117506	0.993072	-0.000621335
				-0.986314	-0.116633	0.116542
				0.115662	0.0143072	0.993186
				-34.4461	4.3133	0.237222
			}
		}
		{bone "seat4"
			{Matrix34
				0.0415011	-0.998959	-0.0189146
				0.993423	0.0432782	-0.106005
				0.106714	-0.0143909	0.994186
				-27.2086	-6.14303	0.237088
			}
		}
		{bone "seat3"
			{Matrix34
				-0.117506	0.993072	-0.000621335
				-0.986314	-0.116633	0.116542
				0.115662	0.0143072	0.993186
				-34.4461	4.3133	0.237222
			}
		}
	}
}
{Volume "body"
	{Box 10.5385 2.61538 1.87346}
	{Bone "pivot_front"}
	{Matrix34
		0	1.55727e-005	-1
		0	1	1.55727e-005
		1	0	0
		-0.0184509	-5.14609	-0.281465
	}
}
{Volume "cover_shield2"
	{Box 5.32758 0.26708 1.74419}
	{Bone "cover_shield2"}
	{Matrix34
		0.894635	-0.446797	0
		0.446797	0.894635	0
		0	0	1
		-2.39972	1.21285	0.439279
	}
}
{Volume "gun_rot"
	{Cylinder 2.70199 43.6752}
	{Bone "gun_rot"}
	{Matrix34
		1.58111e-005	0	-1
		0	1	0
		1	0	1.58111e-005
		8.87765	-1.02669	7.58235
	}
}
{Volume "gun"
	{Cylinder 2.01229 48.8061}
	{Bone "gun"}
	{Matrix34
		1	0	0
		0	1	0
		0	0	1
		-0.04807	-0.0446522	20.5684
	}
}
{Volume "lafet"
	{Box 60.6858 13.6232 4.5094}
	{Bone "lafet"}
	{Matrix34
		-0.995254	0	-0.09731
		0	-1	1.54295e-005
		-0.09731	1.55348e-005	0.995254
		28.1105	-0.190494	1.74217
	}
}
{Volume "shield1"
	{Box 0.392202 7.09786 29.6376}
	{Bone "shield1"}
	{Matrix34
		-0.999912	0.0132313	-1.33514e-005
		0.0132313	0.999912	-1.22468e-005
		1.31882e-005	-1.24224e-005	-1
		-0.17699	-3.52356	-12.0352
	}
}
{Volume "shield2"
	{Box 0.355887 8.06575 29.6376}
	{Bone "shield2"}
	{Matrix34
		-0.927283	-0.374361	-2.86488e-005
		-0.374361	0.927283	-1.17699e-005
		3.09717e-005	0	-1
		-1.82585	4.02406	0.0841703
	}
}
{Volume "shield3"
	{Box 0.392202 8.57498 29.6376}
	{Bone "shield"}
	{Matrix34
		-0.999912	0.0132313	0
		0.0132313	0.999912	-1.22468e-005
		0	-1.22142e-005	-1
		-5.9036	-14.5743	0.51461
	}
}
{Volume "shield"
	{Box 0.392202 12.164 29.6376}
	{Bone "shield"}
	{Matrix34
		-0.924298	-0.381671	0
		-0.381671	0.924298	0
		0	0	-1
		-8.00259	-4.67069	0.514613
	}
}
{Volume "wheelleft"
	{Cylinder 13.7701 2.07692}
	{Bone "wheelleft"}
	{Matrix34
		0.995597	0.0937393	0
		-0.0937391	0.995597	0
		0	0	-1
		0.0480855	-0.00470768	0.0538696
	}
}
{Volume "wheelright"
	{Cylinder 13.7701 2.07692}
	{Bone "wheelright"}
	{Position 0.0474492	-0.00918222	-0.785065}
}
