;Exported by:	 TigerF
;Date:			 28.12.2020 17:57:53
;File:			 D:\PROGRAMS\3ds_max\3dsmax9_saves\scenes\Early WW2 tanks\russian\t70\T-70M_export_xx.max
{skeleton
	{bone "basis"
		{orientation
			1 	 0 	 0
			0 	 -1 	 0
			0 	 0 	 1
		}
		{bone "body"
			{parameters "id=body;"}
			{matrix34
				0.9998 	 0.0047 	 -0.0208
				-0.0054 	 0.9995 	 -0.0311
				0.0206 	 0.0312 	 0.9993
				-0.4826 	 0 	 10.4413
			}
			{VolumeView "body.ply"}
            {Bone "ring"
                {Parameters "id=body;"}
                {Matrix34
                    0	1	0
                    -1	0	0
                    0	0	1
                    -2.69006	7	14
                }
                {VolumeView "ring.ply"}
                {Bone revolute "turret"
                    {Parameters "ID=turret;"}
                    {Speed 0.06}
                    {Matrix34
                        0	-1	0
                        1	0	0
                        0	0	1
                        -1.58943	0.0660896	0.495186
                    }
                    {VolumeView "turret.ply"}
                    {Bone "hatch2"
                        {Parameters "ID=turret;"}
                        {Position -12.009	5.19852	12.728}
                        {VolumeView "hatch2.ply"}
                    }
                    {Bone "hatch1"
                        {Parameters "ID=turret;"}
                        {Position 0.0983047	-7.33874	14.7049}
                        {VolumeView "hatch1.ply"}
                    }
                    {Bone revolute "gun_rot"
                        {Parameters "ID=gun;"}
                        {Limits -8 65}
                        {Speed 0.06}
                        {Matrix34
                            1	0	0
                            0	0	1
                            0	-1	0
                            10.8063	0.303268	6.29303
                        }
                        {VolumeView "gun_rot.ply"}
                        {Bone "gun"
                            {Parameters "ID=gun;"}
                            {Matrix34
                                1	0	0
                                0	0	-1
                                0	1	0
                                17.8262	1.168	0.306148
                            }
                            {VolumeView "gun.ply"}
                            {Bone "barrel_rifle"
                                {Orientation
                                    0	1	0
                                    -1	0	0
                                    0	0	1
                                }
                                {VolumeView "barrel_rifle.ply"}
                            }
                        }
                        {Bone "dt"
                            {Matrix34
                                1	0	0
                                0	0	-1
                                0	1	0
                                -2	0.5	4.7
                            }
                            {VolumeView "dt.ply"}
                        }
                    }
                }
            }
			{bone revolute "part1"
				{parameters "id=part1;"}
				{matrix34
					1 	 0 	 0
					0 	 -0.0523 	 -0.9986
					0 	 0.9986 	 -0.0523
					34.9203 	 20.0695 	 0.7419
				}
				{VolumeView "part1.ply"}
			}
			{bone "part5"
				{parameters "id=part5;"}
				{matrix34
					0.9998 	 -0.0054 	 0.0206
					0.0047 	 0.9995 	 0.0312
					-0.0208 	 -0.0311 	 0.9993
					-20.0158 	 -12.6282 	 15.8292
				}
				{VolumeView "part5.ply"}
			}
			{bone revolute "part3"
				{parameters "id=part3;"}
				{matrix34
					0.9998 	 -0.0054 	 0.0206
					0.0208 	 0.0311 	 -0.9993
					0.0047 	 0.9995 	 0.0312
					-11.2791 	 -19.9939 	 -6.5103
				}
				{VolumeView "part3.ply"}
			}
			{bone revolute "part2"
				{parameters "id=part2;"}
				{matrix34
					0.9998 	 -0.0054 	 0.0206
					0.0208 	 0.0311 	 -0.9993
					0.0047 	 0.9995 	 0.0312
					0.1733 	 20.2792 	 -5.0201
				}
				{VolumeView "part2.ply"}
			}
		}
	}
}
{volume "body1"
	{polyhedron "body1.vol"}
	{bone "body"}
	{Position -2.6839 	 0 	 4.1651}
}
{volume "engine1"
	{polyhedron "engine1.vol"}
	{bone "body"}
	{Position -2.6839 	 0 	 4.1651}
}
{volume "engine2"
	{polyhedron "engine2.vol"}
	{bone "body"}
	{Position -2.566 	 -14.8644 	 14.4296}
}
{volume "engine3"
	{box 21.98 10.5493 12.6978}
	{bone "body"}
	{Position -0.1187 	 -10.0594 	 0.8875}
}
{volume "part1"
	{cylinder 5.61646 2.91334}
	{bone "part1"}
	{matrix34
		1 	 0 	 0
		0 	 -1 	 0
		0 	 0 	 -1
		0 	 0 	 0.1324
	}
}
{volume "part2"
	{cylinder 5.47244 1.75197}
	{bone "part2"}
	{matrix34
		1 	 0 	 0
		0 	 -1 	 0
		0 	 0 	 -1
		0 	 0 	 -0.3836
	}
}
{volume "part3"
	{cylinder 5.47723 1.75994}
	{bone "part3"}
	{matrix34
		1 	 0 	 0
		0 	 -1 	 0
		0 	 0 	 -1
		0 	 0 	 0.397
	}
}
{volume "part5"
	{polyhedron "part5.vol"}
	{bone "part5"}
	{Position 0.0371 	 0.2117 	 -0.5019}
}
{volume "trackleft"
	{polyhedron "trackleft.vol"}
	{bone "body"}
	{matrix34
		0.9998 	 -0.0054 	 0.0206
		0.0047 	 0.9995 	 0.0312
		-0.0208 	 -0.0311 	 0.9993
		0.5553 	 19.8884 	 -1.2393
	}
}
{volume "trackright"
	{polyhedron "trackright.vol"}
	{bone "body"}
	{matrix34
		0.9998 	 -0.0054 	 0.0206
		0.0047 	 0.9995 	 0.0312
		-0.0208 	 -0.0311 	 0.9993
		0.3684 	 -19.774 	 -2.4761
	}
}
{Volume "gunrot"
    {Polyhedron "gunrot.vol"}
    {Bone "gun_rot"}
    {Matrix34
        0	-1	0
        0	0	-1
        1	0	0
        4.09655	1.11366	0.273361
    }
}
{Volume "turret"
    {Polyhedron "turret.vol"}
    {Bone "turret"}
    {Position -0.861816	-6.65785	-26.4591}
}
{Volume "turretfront"
    {Polyhedron "turretfront.vol"}
    {Bone "turret"}
    {Position -0.861816	-6.65785	-26.4591}
}
{Volume "turretring"
    {Cylinder 14.7216 3.47278}
    {Bone "turret"}
    {Matrix34
        0	1	0
        -1	0	0
        0	0	1
        0.155585	0.183153	1.16171
    }
}
{Volume "gun"
    {Polyhedron "gun.vol"}
    {Bone "gun"}
    {Matrix34
        0	0	-1
        0	1	0
        1	0	0
        -9.86712	0.0328064	-0.0543976
    }
}
{Volume "cupola"
    {Cylinder 7.08028 2.46962}
    {Bone "turret"}
    {Matrix34
        0	1	0
        -1	0	0
        0	0	1
        -3.21854	-7.18124	13.1946
    }
}
{Volume "cheeks"
    {Polyhedron "cheeks.vol"}
    {Bone "turret"}
    {Matrix34
        0	0	-1
        -1	0	0
        0	1	0
        10.6705	5.98402	6.28891
    }
}