;Exported by: Normand
;Date:        Thu Nov 16 16:21:59 2017
;File:        C:\Users\Normand\75mm_wz36_aa.max
{Skeleton
	{animation
		{sequence "close" {speed 0.5}}
		{sequence "recoil" {speed 1}}
	}
	{bone "basis"
		{Orientation
			1	0	0
			0	-1	0
			0	0	1
		}
		{bone "emit1"
			{Matrix34
				0.999885	-0.00380578	0.0146986
				0.00391643	0.999964	-0.00750636
				-0.0146695	0.00756306	0.999864
				-20.6648	22.3882	0.147878
			}
		}
		{bone "emit2"
			{Matrix34
				0.999885	-0.00380578	0.0146986
				0.00391643	0.999964	-0.00750636
				-0.0146695	0.00756306	0.999864
				-22.4273	-21.4635	0.482592
			}
		}
		{bone "link1"
			{Matrix34
				-0.999892	0.0115831	-0.00909641
				-0.00900968	0.00751772	0.999931
				0.0116507	0.999905	-0.00741255
				-79.6169	0.447997	12.4999
			}
		}
		{bone "driver1"
			{Matrix34
				0.999885	-0.00380578	0.0146986
				0.00391643	0.999964	-0.00750636
				-0.0146695	0.00756306	0.999864
				-9.35539	22.7537	0.081768
			}
		}
		{bone "driver2"
			{Matrix34
				0.999885	-0.00380578	0.0146986
				0.00391643	0.999964	-0.00750636
				-0.0146695	0.00756306	0.999864
				-10.7998	-22.1091	0.404357
			}
		}
		{bone "body"
			{parameters "ID=body;"}
			{animation
				{sequence "repair" {file "body_r.anm"} {speed 0.3}}
			}
			{Position 0.51967	-0.364212	11.5072}
			{VolumeView "body.ply"}
			{bone "standr"
				{parameters "ID=body;"}
				{Position -0.394086	-15.9948	-3.40229}
				{VolumeView "standr.ply"}
				{bone "standr2"
					{parameters "ID=body;"}
					{Position 0.033537	-33.0992	-2.72895}
					{VolumeView "standr2.ply"}
				}
				{bone "standr3"
					{parameters "ID=body;"}
					{Position 2.74594	-23.8677	-4.87676}
					{VolumeView "standr3.ply"}
				}
			}
			{bone revolute "turret"
				{parameters "ID=turret;"}
				{animation
					{sequence "repair" {file "turret_r.anm"} {speed 0.3}}
				}
				{speed 0.006}
				{Position -0.297569	0.374881	13.0336}
				{VolumeView "turret.ply"}
				{bone revolute "gun_rot"
					{parameters "ID=gun;"}
					{animation
						{sequence "repair" {file "gun_r.anm"} {speed 0.3}}
					}
					{limits -5 85}
					{speed 0.005}
					{Matrix34
						1	0	0
						0	0	1
						0	-1	0
						-11.3907	-0.013093	7.45567
					}
					{VolumeView "gun_rot.ply"}
					{bone "gun"
						{parameters "ID=gun;"}
						{Matrix34
							1	0	0
							0	0	-1
							0	1	0
							50.0597	5.99797	0.120854
						}
						{VolumeView "gun.ply"}
						{bone "gun2"
							{parameters "ID=gun;"}
							{Position -48.8785	-2.96668	-1.6099}
							{VolumeView "gun2.ply"}
						}
						{bone "fx_invers"
							{Matrix34
								-1	0	0
								0	-1	0
								0	0	1
								-48.5153	0.129227	-1.55764
							}
						}
						{bone "visor"
							{Position 0.621147	0.219557	2.6729}
						}
						{bone "foresight1"
							{Position 52.3191	0.0318514	-1.58662}
						}
					}
				}
				{bone "commander"
					{Matrix34
						-0.493421	0.86979	0
						-0.86979	-0.493421	0
						0	0	1
						-14.2774	-14.7769	-20.8805
					}
				}
				{bone "gunner"
					{Matrix34
						0.446254	-0.894906	0
						0.894906	0.446254	0
						0	0	1
						2.73178	14.265	-20.8805
					}
				}
			}
			{bone "stand_back"
				{parameters "ID=body;"}
				{Position -51.8856	0.0568542	-4.25266}
				{VolumeView "stand_back.ply"}
			}
			{bone "stand_front"
				{parameters "ID=body;"}
				{Position 51.8855	0.0561829	-4.43452}
				{VolumeView "stand_front.ply"}
			}
			{bone "beam"
				{parameters "ID=body;"}
				{Position -46.1407	-0.244858	-6.8828}
				{VolumeView "beam.ply"}
			}
			{bone "standl"
				{parameters "ID=body;"}
				{Position -0.400167	15.9593	-3.12486}
				{VolumeView "standl.ply"}
				{bone "standl3"
					{parameters "ID=body;"}
					{Position 2.75203	24.7356	-4.8461}
					{VolumeView "standl3.ply"}
				}
				{bone "standl2"
					{parameters "ID=body;"}
					{Position 0.0396158	32.5808	-2.61003}
					{VolumeView "standl2.ply"}
				}
			}
			{bone "gun_support"
				{parameters "ID=body;"}
				{Position 39.8452	0.18551	-4.98078}
				{VolumeView "gun_support.ply"}
				{bone "gun_support2"
					{parameters "ID=body;"}
					{Matrix34
						0.999611	-0.0268672	0.00744336
						0.0268978	0.99963	-0.00403773
						-0.00733212	0.00423637	0.999964
						-29.7332	2.77482	1.41002
					}
					{VolumeView "gun_support2.ply"}
				}
			}
			{bone "seat1"
				{Matrix34
					-0.720297	0.69351	0.0146981
					-0.693645	-0.720278	-0.00750635
					0.00538101	-0.0156021	0.999864
					-29.568	5.05928	-13.01557
				}
			}
			{bone "seat2"
				{Matrix34
					-0.708719	-0.705338	0.0146981
					0.705316	-0.708853	-0.00750635
					0.0157133	0.00504693	0.999864
					-36.4167	-6.2092	-13.8993
				}
			}
		}
		{bone "pivot_front"
			{Position 44.2494	0.00785801	12.4654}
			{VolumeView "pivot_front.ply"}
			{bone "fxtracel1"
				{Matrix34
					-1	0	0
					0	-1	0
					0	0	1
					0.00569916	20.0897	-5.8051
				}
			}
			{bone "fxtracer1"
				{Matrix34
					-1	0	0
					0	-1	0
					0	0	1
					-0.0644989	-19.9082	-5.8051
				}
			}
			{bone revolute "wheelr1"
				{parameters "ID=wheelright1;Radius=0.5;"}
				{Matrix34
					-1.1	0	0
					0	0	1.1
					0	0.75	0
					0.0396233	-19.9082	-2.19012
				}
				{VolumeView "wheelr1.ply"}
			}
			{bone revolute "wheell1"
				{parameters "ID=wheelleft1;Radius=0.5;"}
				{Matrix34
					-1.1	0	0
					0	0	1.1
					0	0.75	0
					0.0416145	20.0897	-2.04264
				}
				{VolumeView "wheell1.ply"}
			}
			{bone "suppr1"
				{parameters "CommonMesh;ID=body;"}
				{Position 0.0141754	-11.7257	-0.720848}
				{VolumeView "suppr1.ply"}
			}
			{bone "suppl1"
				{parameters "CommonMesh;ID=body;"}
				{Position 0.0141449	11.3455	-0.811714}
				{VolumeView "suppl1.ply"}
			}
		}
		{bone "pivot_back"
			{Position -44.596	0.00788852	12.4547}
			{VolumeView "pivot_back.ply"}
			{bone "fxtracel2"
				{Matrix34
					-1	0	0
					0	-1	0
					0	0	1
					-0.122978	20.0897	-5.79437
				}
			}
			{bone "fxtracer2"
				{Matrix34
					-1	0	0
					0	-1	0
					0	0	1
					-0.193184	-19.9082	-5.79437
				}
			}
			{bone revolute "wheell2"
				{parameters "ID=wheelleft2;Radius=0.5;"}
				{Matrix34
					-1.1	0	0
					0	0	1.1
					0	0.75	0
					0.032074	20.0897	-2.03202
				}
				{VolumeView "wheell2.ply"}
			}
			{bone revolute "wheelr2"
				{parameters "ID=wheelright2;Radius=0.5;"}
				{Matrix34
					-1.1	0	0
					0	0	1.1
					0	0.75	0
					0.0191345	-19.9082	-2.1795
				}
				{VolumeView "wheelr2.ply"}
			}
			{bone "suppr2"
				{parameters "CommonMesh;ID=body;"}
				{Position 0.014183	-11.7218	-0.708744}
				{VolumeView "suppr2.ply"}
			}
			{bone "suppl2"
				{parameters "CommonMesh;ID=body;"}
				{Position 0.0141602	11.3565	-0.793278}
				{VolumeView "suppl2.ply"}
			}
		}
	}
}
{Obstacle "obstacle"
	{Obb2
		{Center 1.13863 0.0605235}
		{Extent 46.9319 7.26394}
		{Axis 1 0}
	}
	{Rotate}
}
{Obstacle "obstaclel"
	{Obb2
		{Center 0.434711 -34.1674}
		{Extent 2.0064 19.5825}
		{Axis 1 0}
	}
	{Rotate}
	{Tags  "open"}
}
{Obstacle "obstacler"
	{Obb2
		{Center 0.0526695 34.8194}
		{Extent 2.0064 19.5825}
		{Axis 1 0}
	}
	{Rotate}
	{Tags  "open"}
}
{Volume "body2"
	{Polyhedron "body2.vol"}
	{Bone "body"}
	{Position -0.513526	0.37404	-4.4088}
}
{Volume "body"
	{Polyhedron "body.vol"}
	{Bone "body"}
	{Position 0.147715	-0.0772712	-9.69823}
}
{Volume "gun"
	{Cylinder 2.5 100}
	{Bone "gun"}
	{Matrix34
		0	-1	0
		0	0	1
		-1	0	0
		2.17857	0.200947	-1.66194
	}
}
{Volume "gunrot"
	{Polyhedron "gunrot.vol"}
	{Bone "gun_rot"}
	{Matrix34
		1	0	0
		0	0	-1
		0	1	0
		15.7413	-1.89709	-0.0366466
	}
}
{Volume "standl"
	{Box 5 39.25 6.5}
	{Bone "standl"}
	{Position 0.304431	18.2491	-4.63233}
}
{Volume "standr"
	{Box 5 39.25 6.5}
	{Bone "standr"}
	{Position 0.29835	-18.7369	-4.35489}
}
{Volume "turret"
	{Box 15 15 8.24912}
	{Bone "turret"}
	{Position -1.19277	-0.0718376	0.359632}
}
{Volume "wheelleft1"
	{Cylinder 8.7 5.3}
	{Bone "wheell1"}
	{Matrix34
		-0.999896	0.014376	-0.000426313
		0.0143776	0.999891	-0.00335739
		-0.000377961	0.00336302	0.999995
		0.163702	-0.0655566	-0.153529
	}
}
{Volume "wheelright1"
	{Cylinder 8.7 5.3}
	{Bone "wheelr1"}
	{Matrix34
		-0.999896	0.014376	-0.000426313
		0.0143776	0.999891	-0.00335739
		-0.000377961	0.00336302	0.999995
		-0.107554	-0.00763425	0.192801
	}
}
{Volume "wheelleft2"
	{Cylinder 8.7 5.3}
	{Bone "wheell2"}
	{Matrix34
		-0.999896	0.014376	-0.000426313
		0.0143776	0.999891	-0.00335739
		-0.000377961	0.00336302	0.999995
		0.163702	-0.0655566	-0.153529
	}
}
{Volume "wheelright2"
	{Cylinder 8.7 5.3}
	{Bone "wheelr2"}
	{Matrix34
		-0.999896	0.014376	-0.000426313
		0.0143776	0.999891	-0.00335739
		-0.000377961	0.00336302	0.999995
		-0.107554	-0.00763425	0.192801
	}
}