;Exported by: Horten
;Date:        Sun Dec 15 09:31:06 2024
;File:        C:\Users\Professional\Desktop\mod\zis-42_tent\zis_42_xx.max
{Skeleton
	{bone "basis"
		{Orientation
			1	0	0
			0	-1	0
			0	0	1
		}
		{bone "body"
			{Matrix34
				0	-1	0
				1	0	0
				0	0	1
				1.96413	9.81092e-05	21.6058
			}
			{VolumeView "body.ply"}
			{bone "bodyback"
				{parameters "ID=bodyback;"}
				{Position -0.256453	-27.3754	11.051}
				{VolumeView "bodyback.ply"}
			}
			{bone "cabin"
				{parameters "ID=body;"}
				{Matrix34
					0	0.998588	-0.0531211
					-1	0	0
					0	0.0531211	0.998588
					0.000112594	20.181	9.38675
				}
				{VolumeView "cabin.ply"}
				{bone "cabin1"
					{parameters "ID=body;"}
					{Matrix34
						0.997041	0	0.0768765
						0	1	0
						-0.0768765	0	0.997041
						11.5257	1.07376	-2.97211
					}
					{VolumeView "cabin1.ply"}
					{bone "doorleft"
						{parameters "ID=body;"}
						{Matrix34
							0.852662	-0.521343	-0.0341872
							0.519211	0.852828	-0.0557222
							0.0582062	0.0297619	0.997861
							-4.4966	9.87112	4.7818
						}
						{VolumeView "doorleft.ply"}
					}
					{bone revolute "steer"
						{parameters "ID=body;"}
						{Matrix34
							0	1	0
							0.79577	0	0.605599
							0.605599	0	-0.79577
							-6.09763	4.30245	0.900671
						}
						{VolumeView "steer.ply"}
					}
				}
			}
			{bone "engine"
				{parameters "ID=engine;"}
				{Matrix34
					0	0.998626	-0.0524006
					-1	0	0
					0	0.0524006	0.998626
					0.0723589	51.684	-0.907364
				}
				{VolumeView "engine.ply"}
				{bone "motor"
					{parameters "ID=engine;"}
					{Position -54.768	-0.0699393	-9.75297}
					{VolumeView "motor.ply"}
				}
			}
			{bone "fenderbody"
				{parameters "ID=body;"}
				{Matrix34
					0	0.999717	0.0238043
					-1	0	0
					0	-0.0238043	0.999717
					-1.07367	31.5324	5.8065
				}
				{VolumeView "fenderbody.ply"}
				{bone "fenderl1"
					{Matrix34
						0.00302405	-0.991901	0.126978
						0.999717	0	-0.0238046
						0.0236117	0.127014	0.99162
						12.4251	12.4532	-10.4626
					}
					{VolumeView "fenderl1.ply"}
				}
				{bone "fenderr1"
					{Matrix34
						-0.0300797	-0.99733	-0.066539
						0.996356	-0.0246021	-0.0816614
						0.0798064	-0.0687529	0.994437
						12.419	-14.5966	-10.4522
					}
					{VolumeView "fenderr1.ply"}
				}
				{bone "fenderr2"
					{Matrix34
						-0.0120466	-0.997866	-0.0641793
						0.995918	-0.0062312	-0.0900527
						0.0894605	-0.0650021	0.993867
						-11.061	-15.1936	-11.3595
					}
					{VolumeView "fenderr2.ply"}
				}
				{bone "shield"
					{Matrix34
						-0.0859143	-0.996232	0.0118315
						0.974914	-0.0865114	-0.205083
						0.205334	-0.00608491	0.978673
						16.8796	-1.07367	-18.6621
					}
					{VolumeView "shield.ply"}
				}
			}
			{bone "headligts_base"
				{parameters "ID=body;"}
				{Matrix34
					0	1	0
					-1	0	0
					0	0	1
					0.000129851	44.308	-16.0508
				}
				{VolumeView "headligts_base.ply"}
				{bone "headlights"
					{Position 10.2492	0	16.2767}
					{VolumeView "headlights.ply"}
				}
			}
		}
		{bone "body_virt"
			{Position 0	0	9.79607}
			{bone "pivot_front"
				{Position 48.8118	0	1.55255}
				{bone revolute "steerr"
					{Matrix34
						1	0	0
						0	-1	0
						0	0	-1
						0.000106812	-13.4449	-1.35476
					}
					{bone "susr"
						{Matrix34
							1	0	0
							0	-1	0
							0	0	-1
							-1.2995	-0.570254	-0.254126
						}
						{VolumeView "susr.ply"}
						{bone prizmatic "suspension_r1"
							{limits -0.07 0.07}
							{Position 1.29959	-0.570298	-0.254098}
							{bone revolute "wheelr1"
								{parameters "ID=wheelright;radius=0.475;"}
								{Matrix34
									1	0	0
									0	0	-1
									0	1	0
									0.213017	-2.77199	0.128326
								}
								{VolumeView "wheelr1.ply"}
							}
						}
					}
				}
				{bone revolute "steerl"
					{Matrix34
						1	0	0
						0	-1	0
						0	0	-1
						0.000106812	13.45	-1.35476
					}
					{bone "susl"
						{Matrix34
							0	1	0
							1	0	0
							0	0	-1
							-1.27036	1.67009	-0.414613
						}
						{VolumeView "susl.ply"}
						{bone prizmatic "suspension_l1"
							{limits -0.07 0.07}
							{Matrix34
								0	1	0
								-1	0	0
								0	0	1
								-1.67011	1.2706	-0.414619
							}
							{bone revolute "wheell1"
								{parameters "ID=wheelleft;radius=0.475;"}
								{Matrix34
									1	0	0
									0	0	-1
									0	1	0
									0.213009	2.76233	0.128403
								}
								{VolumeView "wheell1.ply"}
							}
						}
					}
				}
				{bone "rod"
					{Matrix34
						0	-1	0
						1	0	0
						0	0	1
						-4.11318	3.05176e-05	-2.05676
					}
					{VolumeView "rod.ply"}
				}
			}
			{bone "pivot_back"
				{Position -27.199	0	1.55255}
				{bone revolute "roller_01_joint"
					{parameters "ID=body;"}
					{limits -30 18}
					{Matrix34
						0.999672	0	-0.0256141
						0.0256141	0	0.999672
						0	-1	0
						0.0917625	17.0472	-0.530037
					}
					{bone "roller_01"
						{parameters "radius=0.4;"}
						{Matrix34
							1	0	0
							0	0	-1
							0	1	0
							23.6772	-1.26614	0.00239182
						}
						{bone "wheelsl"
							{parameters "ID=trackleft;"}
							{Matrix34
								1	0	0
								0	1	0
								0	0	1
								-23.8826	0.553698	1.34707
							}
							{VolumeView "wheelsl.ply"}
							{bone revolute "wheell8"
								{parameters "ID=trackleft;radius=0.121;"}
								{Matrix34
									1	0	0
									0	0	-1
									0	1	0
									3.66254	-0.851307	3.3243
								}
								{VolumeView "wheell8.ply"}
							}
							{bone revolute "wheell7"
								{parameters "ID=trackleft;radius=0.4;"}
								{Matrix34
									0.998903	0.0466251	-0.00428665
									-0.00313457	-0.0247546	-0.999689
									-0.0467167	0.998606	-0.0245813
									-19.6182	-0.858786	-2.96534
								}
								{VolumeView "wheell7.ply"}
							}
							{bone revolute "wheell2"
								{parameters "ID=trackleft;radius=0.4;"}
								{Matrix34
									0.990129	-0.140037	0.00589749
									0.0112853	0.0377117	-0.999225
									0.139706	0.989428	0.0389197
									23.6394	-0.850853	-1.31174
								}
								{VolumeView "wheell2.ply"}
							}
                            {Bone "susp_l"
                                {Parameters "ID=trackleft;"}
                                {Matrix34
                                    0.999916	0	0.0129769
                                    0	1	0
                                    -0.0129769	0	0.999916
                                    2.58524	-0.851072	-3.52803
                                }
                                {VolumeView "susp_l.ply"}
                                {Bone "susp_l2"
                                    {Parameters "ID=trackleft;"}
                                    {Position -7.16151	-4.3869e-05	-3.83894}
                                    {VolumeView "susp_l2.ply"}
                                }
                                {Bone "susp_l1"
                                    {Parameters "ID=trackleft;"}
                                    {Position 7.2982	0	-3.83894}
                                    {VolumeView "susp_l1.ply"}
                                }
                                {Bone prizmatic "suspension_l2"
                                    {Limits -0.07 0.07}
                                    {Position 10.8559	0.0201626	-4.11319}
                                    {Bone revolute "wheell3"
                                        {Parameters "ID=trackleft;radius=0.121;"}
                                        {Matrix34
                                            1	0	0
                                            0	0	-1
                                            0	1	0
                                            0.0498829	0.337042	0.0396855
                                        }
                                        {VolumeView "wheell3.ply"}
                                    }
                                }
                                {Bone prizmatic "suspension_l3"
                                    {Limits -0.1 0.1}
                                    {Position 3.49525	0.0201588	-4.1132}
                                    {Bone revolute "wheell4"
                                        {Parameters "ID=trackleft;radius=0.121;"}
                                        {Matrix34
                                            1	0	0
                                            0	0	-1
                                            0	1	0
                                            0.196856	-0.0203953	0.0396934
                                        }
                                        {VolumeView "wheell4.ply"}
                                    }
                                }
                                {Bone prizmatic "suspension_l4"
                                    {Limits -0.1 0.1}
                                    {Position -3.74699	0.020153	-4.1132}
                                    {Bone revolute "wheell5"
                                        {Parameters "ID=trackleft;radius=0.121;"}
                                        {Matrix34
                                            1	0	0
                                            0	0	-1
                                            0	1	0
                                            0.193083	-0.0203915	0.0397012
                                        }
                                        {VolumeView "wheell5.ply"}
                                    }
                                }
                                {Bone prizmatic "suspension_l5"
                                    {Limits -0.07 0.07}
                                    {Position -10.9197	0.0201492	-4.11321}
                                    {Bone revolute "wheell6"
                                        {Parameters "ID=trackleft;radius=0.121;"}
                                        {Matrix34
                                            1	0	0
                                            0	0	-1
                                            0	1	0
                                            0.152023	-0.0203133	0.0397103
                                        }
                                        {VolumeView "wheell6.ply"}
                                    }
                                }
							}
						}
					}
				}
				{bone revolute "roller_02_joint"
					{parameters "ID=body;"}
					{limits -30 18}
					{Matrix34
						0.999672	0	-0.0256141
						0.0256141	0	0.999672
						0	-1	0
						0.0917625	-17.0472	-0.530037
					}
					{bone "roller_02"
						{parameters "radius=0.4;"}
						{Matrix34
							1	0	0
							0	0	-1
							0	1	0
							23.6772	-1.26614	1.33514e-05
						}
						{bone "wheelsr"
							{parameters "ID=trackright;"}
							{Position -23.8824	-0.551298	1.34712}
							{VolumeView "wheelsr.ply"}
							{bone revolute "wheelr7"
								{parameters "ID=trackright;radius=0.4;"}
								{Matrix34
									0.997438	-0.070497	0.012159
									0.0133987	0.017138	-0.999763
									0.0702719	0.997365	0.0180387
									-19.6184	0.831413	-2.96535
								}
								{VolumeView "wheelr7.ply"}
							}
							{bone revolute "wheelr8"
								{parameters "ID=trackright;radius=0.121;"}
								{Matrix34
									1	0	0
									0	0	-1
									0	1	0
									3.66242	0.824823	3.32428
								}
								{VolumeView "wheelr8.ply"}
							}
							{bone revolute "wheelr2"
								{parameters "ID=trackright;radius=0.4;"}
								{Matrix34
									0.997861	0.0651811	-0.00500724
									-0.00353847	-0.0226298	-0.999738
									-0.0652773	0.997617	-0.0223507
									23.6393	0.839357	-1.31175
								}
								{VolumeView "wheelr2.ply"}
							}
                            {Bone "susp_r"
                                {Parameters "ID=trackright;"}
                                {Matrix34
                                    0.999916	0	0.0129769
                                    0	1	0
                                    -0.0129769	0	0.999916
                                    2.71957	0.850941	-3.31384
                                }
                                {VolumeView "susp_r.ply"}
                                {Bone "susp_r2"
                                    {Parameters "ID=trackright;"}
                                    {Position -7.29861	4.19617e-05	-4.05136}
                                    {VolumeView "susp_r2.ply"}
                                }
                                {Bone "susp_r1"
                                    {Parameters "ID=trackright;"}
                                    {Position 7.16046	0.000114441	-4.05138}
                                    {VolumeView "susp_r1.ply"}
                                }
                                {Bone prizmatic "suspension_r2"
                                    {Limits -0.07 0.07}
                                    {Position 10.7186	-0.0386219	-4.32567}
                                    {Bone revolute "wheelr3"
                                        {Parameters "ID=trackright;radius=0.121;"}
                                        {Matrix34
                                            1	0	0
                                            0	0	-1
                                            0	1	0
                                            0.0498943	0.651045	0.0397356
                                        }
                                        {VolumeView "wheelr3.ply"}
                                    }
                                }
                                {Bone prizmatic "suspension_r3"
                                    {Limits -0.1 0.1}
                                    {Position 3.35802	-0.0386429	-4.32567}
                                    {Bone revolute "wheelr4"
                                        {Parameters "ID=trackright;radius=0.121;"}
                                        {Matrix34
                                            1	0	0
                                            0	0	-1
                                            0	1	0
                                            0.196878	0.293589	0.0397353
                                        }
                                        {VolumeView "wheelr4.ply"}
                                    }
                                }
                                {Bone prizmatic "suspension_r4"
                                    {Limits -0.1 0.1}
                                    {Position -3.88424	-0.03862	-4.32567}
                                    {Bone revolute "wheelr5"
                                        {Parameters "ID=trackright;radius=0.121;"}
                                        {Matrix34
                                            1	0	0
                                            0	0	-1
                                            0	1	0
                                            0.19311	0.293589	0.0397377
                                        }
                                        {VolumeView "wheelr5.ply"}
                                    }
                                }
                                {Bone prizmatic "suspension_r5"
                                    {Limits -0.07 0.07}
                                    {Position -11.0569	-0.0385818	-4.32567}
                                    {Bone revolute "wheelr6"
                                        {Parameters "ID=trackleft;radius=0.121;"}
                                        {Matrix34
                                            1	0	0
                                            0	0	-1
                                            0	1	0
                                            0.152016	0.293608	0.0397382
                                        }
                                        {VolumeView "wheelr6.ply"}
                                    }
                                }
                            }
						}
					}
				}
			}
		}
	}
}
{Volume "wheelleft"
    {Cylinder 9.32403 3.36932}
    {Bone "wheell1"}
    {Matrix34
        0	-1	0
        1	0	0
        0	0	1
        -0.00946364	0.00412456	-0.722558
    }
}
{Volume "wheelright"
    {Cylinder 9.32403 3.36932}
    {Bone "wheelr1"}
    {Matrix34
        0	-1	0
        1	0	0
        0	0	1
        -0.00931034	0.0041205	0.691928
    }
}
{Volume "trackleft"
    {Polyhedron "trackleft.vol"}
    {Bone "wheelsl"}
    {Matrix34
        0	-1	0
        1	0	0
        0	0	1
        1.97716	-0.86632	-2.01168
    }
}
{Volume "trackright"
    {Polyhedron "trackright.vol"}
    {Bone "wheelsr"}
    {Matrix34
        0	-1	0
        1	0	0
        0	0	1
        1.97702	0.86521	-2.01169
    }
}
{Volume "body7"
    {Polyhedron "body7.vol"}
    {Bone "body"}
    {Matrix34
        0	0.998588	-0.0531213
        -1	0	0
        0	0.0531213	0.998588
        5.38868e-05	9.63158	-17.8183
    }
}
{Volume "bodyback"
    {Box 39.5914 65.0333 11.0047}
    {Bone "bodyback"}
    {Matrix34
        1	0	0
        0	0.998878	-0.047367
        0	0.047367	0.998878
        0.256528	-0.210027	1.30345
    }
}
{Volume "body4"
    {Box 19.8952 10.7176 5.88488}
    {Bone "body"}
    {Matrix34
        1	0	0
        0	0.998878	-0.047367
        0	0.047367	0.998878
        6.27987e-05	-42.4381	5.58646
    }
}
{Volume "body5"
    {Box 19.8952 2.89376 5.88488}
    {Bone "body"}
    {Matrix34
        1	0	0
        0	0.998878	-0.047367
        0	0.047367	0.998878
        8.33138e-05	-17.8533	4.36751
    }
}
{Volume "body6"
    {Box 22.2826 2.14601 4.00172}
    {Bone "body"}
    {Matrix34
        1	0	0
        0	0.998878	-0.047367
        0	0.047367	0.998878
        0.000101009	3.35836	2.94855
    }
}
{Volume "body1"
    {Polyhedron "body1.vol"}
    {Bone "body"}
    {Matrix34
        0	0.998626	-0.0524006
        -1	0	0
        0	0.0524006	0.998626
        0.0724936	9.96525	-18.0248
    }
}
{Volume "body2"
    {Box 22.1057 32.9266 4.03074}
    {Bone "body"}
    {Matrix34
        1	0	0
        0	0.99837	-0.0570702
        0	0.0570702	0.99837
        0.000111489	15.9143	-6.87769
    }
}
{Volume "body3"
    {Box 19.8952 57.6216 7.21502}
    {Bone "body"}
    {Matrix34
        1	0	0
        0	0.998878	-0.047367
        0	0.047367	0.998878
        7.67536e-05	-25.7192	-1.57179
    }
}