;Exported by:	 TigerF
;Date:			 30.06.2021 21:35:31
;File:			 D:\PROGRAMS\3ds_max\3dsmax9_saves\scenes\GoH_3D_vehicles_ger\vehicles\tank_medium\pz3\pz3j_xx.max
{skeleton
	{bone "basis"
		{orientation
			1 	 0 	 0
			0 	 -1 	 0
			0 	 0 	 1
		}
		{bone "body"
			{parameters "id=body;"}
			{matrix34
				0.9998 	 -0.0008 	 0.0222
				0 	 0.9994 	 0.0349
				-0.0222 	 -0.0349 	 0.9991
				-0.887 	 -0.0012 	 25.5179
			}
			{VolumeView "body.ply"}
			{bone revolute "turret"
				{parameters "id=turret;"}
				{speed 0.003}
				{Position 5.9849 	 -0.008 	 8.408}
				{VolumeView "turret.ply"}
				{bone revolute "gun_rot"
					{parameters "id=mantlet;"}
					{limits -8 15}
					{speed 0.004}
					{matrix34
						1 	 0 	 0
						0 	 0 	 1
						0 	 -1 	 0
						14.986 	 0.1927 	 0.1207
					}
					{VolumeView "gun_rot.ply"}
					{bone "gun"
						{parameters "commonmesh;id=gun;"}
						{matrix34
							1 	 0 	 0
							0 	 0 	 -1
							0 	 1 	 0
							15.0289 	 0.0823 	 -0.5146
						}
						{VolumeView "gun.ply"}
					}
					{bone "tmgu"
						{parameters "id=mantlet;"}
						{matrix34
							0.9999 	 0.0152 	 -0.001
							-0.0023 	 0.0827 	 -0.9966
							-0.0151 	 0.9965 	 0.0827
							1.5177 	 1.2333 	 5.8348
						}
						{VolumeView "tmgu.ply"}
					}
				}
                {Bone "object009"
                    {Matrix34
                        0	0.35	0
                        -0.4	0	0.02
                        0.04	0	0.35
                        -23.25	0	1
                    }
                    {VolumeView "object009.ply"}
                    {Bone "object008"
                        {Matrix34
                            -1	0	0
                            0	0.994267	-0.06131
                            0	-0.124143	-1.00011
                            -22.4556	131.921	85.1683
                        }
                        {VolumeView "object008.ply"}
					}
                }
			}
			{bone revolute "part3"
				{parameters "id=part3;"}
				{matrix34
					1 	 0 	 0
					0 	 0 	 -1
					0 	 1 	 0
					44.4645 	 24.6961 	 -14.5951
				}
				{VolumeView "part3.ply"}
			}
			{bone revolute "part2"
				{parameters "id=part2;"}
				{matrix34
					1 	 0 	 0
					0 	 0 	 -1
					0 	 1 	 0
					-40.4663 	 -25.0586 	 -13.3975
				}
				{VolumeView "part2.ply"}
			}
		}
	}
}
{volume "body"
	{polyhedron "body.vol"}
	{bone "body"}
	{Position 17.8893 	 -0.0173 	 -12.2529}
}
{volume "back"
	{polyhedron "back.vol"}
	{bone "turret"}
	{matrix34
		1 	 0 	 0
		0 	 0.9659 	 -0.2588
		0 	 0.2588 	 0.9659
		-23.8799 	 1.6431 	 -0.1651
	}
}
{volume "body1"
	{polyhedron "body1.vol"}
	{bone "body"}
	{Position 17.8893 	 -0.0173 	 -0.4415}
}
{volume "cupola"
	{polyhedron "cupola.vol"}
	{bone "turret"}
	{Position -11.8542 	 -0.0154 	 8.6451}
}
{volume "engine"
	{polyhedron "engine.vol"}
	{bone "body"}
	{Position -33.2933 	 -0.0173 	 -9.05}
}
{volume "part2"
	{polyhedron "part2.vol"}
	{bone "part2"}
	{matrix34
		0.9998 	 0.0222 	 0
		-0.0008 	 0.0349 	 0.9994
		0.0222 	 -0.9991 	 0.0349
		-0.2791 	 0.1755 	 -0.0058
	}
}
{volume "part3"
	{polyhedron "part3.vol"}
	{bone "part3"}
	{matrix34
		0.9998 	 0.0222 	 0
		-0.0008 	 0.0349 	 0.9994
		0.0222 	 -0.9991 	 0.0349
		-0.1015 	 -0.254 	 -0.3952
	}
}
{Volume "turret1"
    {Polyhedron "turret1.vol"}
    {Bone "turret"}
    {Matrix34
        0.9994	0	0.0349
        0	1	0
        -0.0349	0	0.9994
        16.8351	0.0713	-0.2039
    }
}
{Volume "turret"
    {Polyhedron "turret.vol"}
    {Bone "turret"}
    {Position -2.1122	0.0443	0.2447}
}
{Volume "mantlet1"
    {Polyhedron "mantlet1.vol"}
    {Bone "gun_rot"}
    {Matrix34
        1	0	0
        0	0	-1
        0	1	0
        5.346	-2.0682	-0.5115
    }
}