;Exported by: Sergey
;Date:        Fri Sep 07 09:43:24 2012
;File:        D:\Documents\3dsmax\scenes\Ckm 7,92 mm wz. 30 Browning\Ckm 7,92 mm wz. 30 Browning_xx.max
{Skeleton
	{bone "basis"
		{Orientation
			1	0	0
			0	-1	0
			0	0	1
		}
		{bone "body"
			{parameters "ID=body;"}
			{Matrix34
				0.999831	0	0.0184021
				0	1	0
				-0.0184021	0	0.999831
				0	0	1.17782
			}
			{VolumeView "body.ply"}
			{bone "support1"
				{parameters "ID=body;"}
				{Matrix34
					-0.794234	-0.010604	0.60752
					-0.607612	0.0138603	-0.794113
					0	0.999848	0.0174514
					-1.47689	-0.000701641	-0.892239
				}
				{VolumeView "support1.ply"}
			}
			{bone "support2"
				{parameters "ID=body;"}
				{Matrix34
					0.567165	-0.589453	0.575212
					0.414108	-0.39961	-0.817818
					0.711926	0.702038	0.0174523
					1.0482	-1.05245	-0.892239
				}
				{VolumeView "support2.ply"}
				{bone "support21"
					{parameters "ID=body;"}
					{Matrix34
						0.580918	-0.813839	0.0142058
						0	0.0174525	0.999848
						-0.813963	-0.580829	0.0101385
						16.4645	11.7061	-0.204317
					}
					{VolumeView "support21.ply"}
				}
			}
			{bone "support3"
				{parameters "ID=body;"}
				{Matrix34
					0.578082	0.592234	0.561321
					0.376908	0.416324	-0.827414
					-0.723714	0.689879	0.0174519
					0.990964	1.02678	-0.892239
				}
				{VolumeView "support3.ply"}
				{bone "support31"
					{parameters "ID=body;"}
					{Matrix34
						0.580918	-0.813838	0.0142058
						0	0.0174526	0.999848
						-0.813963	-0.580829	0.0101384
						12.1591	8.63387	-0.15069
					}
					{VolumeView "support31.ply"}
				}
			}
		}
	}
}
{Volume "body_01"
	{Cylinder 0.762804 14.7792}
	{Bone "support1"}
	{Matrix34
		-0.592597	0.805377	-0.0140023
		9.22906e-005	0.0174513	0.999848
		-0.805499	-0.592506	0.0104159
		5.44579	4.09758	0.0684566
	}
}
{Volume "body_02"
	{Cylinder 0.762804 14.7792}
	{Bone "support2"}
	{Matrix34
		0.567891	-0.767212	0.298138
		-0.177348	0.239654	0.954523
		-0.803771	-0.594939	3.42195e-005
		5.60207	4.07375	-0.300249
	}
}
{Volume "body_03"
	{Cylinder 0.762804 14.7792}
	{Bone "support3"}
	{Matrix34
		0.3136	-0.463465	-0.828767
		0.464941	-0.686066	0.559593
		-0.827941	-0.560815	0.000333285
		4.92477	3.72524	0.00507425
	}
}
{Volume "body"
	{Cylinder 3.36487 2.81651}
	{Bone "body"}
	{Position 0.00298203	-0.00567431	1.46177}
}
