;Exported by: Sergey
;Date:        Sun Feb 14 15:10:07 2016
;File:        C:\Users\user\Documents\3dsMax\scenes\mg_08\mg_08_xx.max
{Skeleton
	{bone revolute "basis"
		{Orientation
			1	0	0
			0	-1	0
			0	0	1
		}
		{bone "body"
			{parameters "ID=body;"}
			{Matrix34
				0.916944	0	-0.399016
				0	1	0
				0.399016	0	0.916944
				0	0	-0.271534
			}
			{VolumeView "body.ply"}
			{bone revolute "cylinder002"
				{Matrix34
					-0.999826	0	-0.0186506
					-0.0186506	0	0.999826
					0	1	0
					-7.45398	-1.41581	0.651064
				}
				{VolumeView "cylinder002.ply"}
				{bone "cylinder006"
					{Matrix34
						-0.334539	0.942382	0
						-0.942382	-0.334539	0
						0	0	1
						-4.25928	-0.415166	0.713631
					}
					{VolumeView "cylinder006.ply"}
				}
			}
			{bone revolute "turret"
				{limits -15 15}
				{speed 0.01}
				{Position 0.60613	0.00123787	6.28019}
				{VolumeView "turret.ply"}
				{bone revolute "gun_rot"
					{limits -15 10}
					{speed 0.01}
					{Matrix34
						-1	0	0
						0	0	1
						0	1	0
						0.015022	-0.00123787	1.16301
					}
					{VolumeView "gun_rot.ply"}
				}
			}
		}
		{bone "mgun"
			{Matrix34
				1	0	0
				0	-0.999056	0.043446
				-1.41263e-005	-0.0434461	-0.999056
				-10.7242	29.2736	1.20108
			}
			{VolumeView "mgun.ply"}
			{bone revolute "ruchka_zatvor"
				{Matrix34
					1	0	0
					0	1	0
					0	0	1
					3.89794	1.64301	0.72669
				}
				{VolumeView "ruchka_zatvor.ply"}
			}
		}
		{bone revolute "pqrt1"
			{parameters "ID=body;"}
			{Matrix34
				-0.760038	0	-0.649878
				-0.649878	0	0.760038
				0	1	0
				16.8207	-0.00440931	0.653567
			}
			{VolumeView "pqrt1.ply"}
		}
	}
}
{Volume "body1"
	{Box 15.2043 9.70065 1.62337}
	{Bone "body"}
	{Matrix34
		0.931957	0	0.362571
		0	1	0
		-0.362571	0	0.931957
		-5.35725	0.103347	-1.48803
	}
}
{Volume "body2"
	{Box 5.35159 8.99785 5.9368}
	{Bone "body"}
	{Position 3.68851	0.0241578	3.49116}
}
{Volume "body3"
	{Box 7.59395 1.57098 2.92999}
	{Bone "body"}
	{Matrix34
		0.935608	0	0.353041
		0	1	0
		-0.353041	0	0.935608
		-8.75696	-0.173815	-0.402328
	}
}
{Volume "mgun1"
	{Cylinder 1.10102 10.4083}
	{Bone "mgun"}
	{Matrix34
		0	0	-1
		-1.05029e-005	1	0
		1	1.04715e-005	0
		15.2727	2.24163	0.0725236
	}
}
{Volume "mgun2"
	{Box 8.90474 3.37406 1.76957}
	{Bone "mgun"}
	{Matrix34
		1	1.07806e-005	0
		-1.07961e-005	1	0
		0	0	1
		5.48932	1.51578	0.01639
	}
}
{Volume "noga1"
	{Box 0.693885 18.7973 1.1796}
	{Bone "pqrt1"}
	{Matrix34
		0	0	1
		0.746915	0.66492	0
		-0.66492	0.746915	0
		-7.09571	-6.24234	4.67526
	}
}
{Volume "noga2"
	{Box 0.693885 18.7973 1.1796}
	{Bone "pqrt1"}
	{Matrix34
		0	0	1
		0.746915	0.66492	0
		-0.66492	0.746915	0
		-7.09571	-6.24234	-4.75506
	}
}
