;Exported by: Sergey
;Date:        Sun Feb 14 14:29:20 2016
;File:        C:\Users\user\Documents\3dsMax\scenes\mg_08\mg_08_08_22.max
{Skeleton
	{animation
		{sequence "close" {speed 0.6}}
		{sequence "recoil" {speed 0.95}}
	}
	{bone revolute "basis"
		{speed 0.001}
		{Orientation
			1	0	0
			0	-1	0
			0	0	1
		}
		{bone "body"
			{parameters "ID=body;"}
			{Position 0	0	7.08575}
			{VolumeView "body.ply"}
			{bone revolute "opora"
				{parameters "ID=body;"}
				{Matrix34
					-1	0	0
					0	0	1
					0	1	0
					1.93932	-0.00440931	5.33686
				}
				{VolumeView "opora.ply"}
			}
			{bone revolute "cylinder002"
				{Matrix34
					-0.830872	0	-0.556463
					-0.556463	0	0.830872
					0	1	0
					-7.45398	-1.41581	0.651064
				}
				{VolumeView "cylinder002.ply"}
				{bone "cylinder006"
					{Matrix34
						0.830872	0.556463	0
						-0.556463	0.830872	0
						0	0	1
						-4.25928	-0.415167	0.713631
					}
					{VolumeView "cylinder006.ply"}
				}
			}
			{bone revolute "turret"
				{limits -15 15}
				{speed 0.01}
				{Position 0.60613	0.00123787	6.28019}
				{VolumeView "turret.ply"}
				{bone revolute "gun_rot"
					{limits -15 10}
					{speed 0.01}
					{Matrix34
						-1	0	0
						0	0	1
						0	1	0
						0.0150217	-0.00123787	1.16301
					}
					{VolumeView "gun_rot.ply"}
					{bone "mgun"
						{Matrix34
							-1	-1.07884e-005	0
							-1.07926e-005	1	0
							0	0	-1
							11.3454	-1.94466	0
						}
						{VolumeView "mgun.ply"}
						{bone "visor"
							{Matrix34
								1	1.05607e-005	0
								-1.05528e-005	1	0
								0	0	1
								3.21027	4.3398	-2.57269e-005
							}
						}
						{bone "fx_shell"
							{Matrix34
								1	1.05607e-005	0
								-1.05528e-005	1	0
								0	0	1
								9.99268	0.625859	-7.3869e-005
							}
						}
						{bone "shooter00"
							{Matrix34
								1	1.05607e-005	0
								-1.05528e-005	1	0
								0	0	1
								24.2584	1.70824	-0.000176731
							}
						}
						{bone "foresight4"
							{Matrix34
								1	1.05607e-005	0
								-1.05528e-005	1	0
								0	0	1
								24.7911	1.69594	-0.000172812
							}
						}
						{bone revolute "ruchka_zatvor"
							{Matrix34
								1	0	0
								0	1	0
								0	0	1
								3.89794	1.64301	0.726691
							}
							{VolumeView "ruchka_zatvor.ply"}
						}
					}
				}
				{bone "commander"
					{Position -25.5117	-20.1608	-13.3659}
				}
				{bone "gunner"
					{Position -16.4509	-0.0266897	-13.3659}
				}
				{bone "ammobox"
					{Matrix34
						1.55727e-005	-1	0
						0	0	1
						-1	-1.55727e-005	0
						-2.29848	-11.0853	-11.5431
					}
					{VolumeView "ammobox.ply"}
					{bone "ammo1"
						{parameters "CommonMesh;"}
						{Matrix34
							0.9998	-0.0199952	1.55846e-005
							-0.0199952	-0.9998	0
							1.5572e-005	0	-1
							-11.5959	13.0761	1.81496
						}
						{VolumeView "ammo1.ply"}
						{bone "ammo2"
							{parameters "CommonMesh;"}
							{Matrix34
								0.610189	0.792256	1.19209e-005
								-0.792256	0.610189	0
								0	-1.20631e-005	1
								4.27582	4.90047	0
							}
							{VolumeView "ammo2.ply"}
							{bone "ammo3"
								{parameters "CommonMesh;"}
								{Matrix34
									-0.0514679	0.998675	-1.6125e-005
									-0.998675	-0.0514679	1.82708e-005
									1.74167e-005	1.7044e-005	1
									-0.00212574	0.117605	0
								}
								{VolumeView "ammo3.ply"}
								{bone "ammo4"
									{parameters "CommonMesh;"}
									{Matrix34
										0.452382	-0.891824	1.57356e-005
										0.891824	0.452382	0
										-1.47731e-005	1.01506e-005	1
										-0.0452051	-6.90482	0.000105858
									}
									{VolumeView "ammo4.ply"}
									{bone "ammo5"
										{parameters "CommonMesh;"}
										{Matrix34
											-0.856365	0.51637	0
											-0.51637	-0.856365	0
											0	0	1
											0.227408	-0.0951848	-5.36442e-005
										}
										{VolumeView "ammo5.ply"}
									}
								}
							}
						}
					}
					{bone revolute "cover_ammobox"
						{Matrix34
							-0.931865	0.362805	1.43051e-005
							-0.362805	-0.931865	0
							1.02165e-005	-1.31882e-005	1
							3.7131	1.50831	-0.238526
						}
						{VolumeView "cover_ammobox.ply"}
						{bone revolute "ruchka"
							{Matrix34
								-0.00142413	-0.522485	-0.852647
								0.00181854	0.852645	-0.522487
								0.999997	-0.00229469	-0.000264129
								-3.14372	0.166445	0.700943
							}
							{VolumeView "ruchka.ply"}
						}
					}
				}
			}
		}
		{bone "driver1"
			{Position 19.2381	0.656454	0}
		}
		{bone "driver2"
			{Position -20.1097	-0.0268682	0}
		}
		{bone "emit1"
			{Position -24.9452	0.0147579	0}
		}
		{bone "emit2"
			{Position -24.866	-10.1025	0}
		}
	}
}
{Volume "body1"
	{Box 15.2043 9.70065 1.62337}
	{Bone "body"}
	{Matrix34
		0.931956	0	0.362571
		0	1	0
		-0.362571	0	0.931956
		-5.35725	0.103347	-1.48803
	}
}
{Volume "body2"
	{Box 5.35159 8.99785 5.9368}
	{Bone "body"}
	{Position 3.68851	0.0241578	3.49116}
}
{Volume "body3"
	{Box 7.59395 1.57098 2.92999}
	{Bone "body"}
	{Matrix34
		0.935608	0	0.35304
		0	1	0
		-0.35304	0	0.935608
		-8.75696	-0.173815	-0.402329
	}
}
{Volume "mgun1"
	{Cylinder 1.10102 10.4083}
	{Bone "mgun"}
	{Matrix34
		0	0	-1
		-1.04913e-005	1	0
		1	1.049e-005	0
		15.2727	2.24162	0.0725267
	}
}
{Volume "mgun2"
	{Box 8.90474 3.37406 1.76957}
	{Bone "mgun"}
	{Matrix34
		1	1.07912e-005	0
		-1.07898e-005	1	0
		0	0	1
		5.48932	1.51578	0.0163913
	}
}
{Volume "noga1"
	{Box 0.693885 18.7973 1.1796}
	{Bone "opora"}
	{Matrix34
		0	0	1
		0.746915	0.66492	0
		-0.66492	0.746915	0
		-7.09571	-6.24234	4.67526
	}
}
{Volume "noga2"
	{Box 0.693885 18.7973 1.1796}
	{Bone "opora"}
	{Matrix34
		0	0	1
		0.746915	0.66492	0
		-0.66492	0.746915	0
		-7.09571	-6.24234	-4.75506
	}
}
