;Exported by: Sergey
;Date:        Sat Oct 27 20:40:43 2012
;File:        D:\Documents\3dsmax\scenes\Breda M1937\breda m37_xx.max
{Skeleton
	{bone "basis"
		{Orientation
			1	0	0
			0	-1	0
			0	0	1
		}
		{bone "parth1"
			{parameters "ID=parth1;"}
			{Matrix34
				0.999988	0	-0.0048431
				0.0048431	0	0.999988
				0	-1	0
				45.1864	-0.494583	0.923471
			}
			{VolumeView "parth1.ply"}
		}
		{bone "parth2"
			{parameters "ID=parth2;"}
			{Matrix34
				-0.00572289	0	0.999984
				-0.999984	0	-0.00572289
				0	-1	0
				-10.3807	2.98788	0
			}
			{VolumeView "parth2.ply"}
		}
		{bone "parth5"
			{parameters "ID=parth5;"}
			{Matrix34
				0.00414068	0	0.999991
				-0.999991	0	0.00414068
				0	1	0
				-4.83873	5.34404	0
			}
			{VolumeView "parth5.ply"}
		}
		{bone "parth6"
			{parameters "ID=parth6;"}
			{Matrix34
				0	0.0958456	-0.995396
				0	0.995396	0.0958456
				1	0	0
				14.5156	5.46275	0
			}
			{VolumeView "parth6.ply"}
		}
	}
}
{Volume "body1"
	{Cylinder 0.659473 19.685}
	{Bone "parth1"}
	{Matrix34
		0	0	-1
		0.00909482	0.999959	0
		0.999959	-0.00909482	0
		-9.32469	-0.443566	-0.530628
	}
}
{Volume "body2"
	{Cylinder 0.529872 6.88976}
	{Bone "parth2"}
	{Matrix34
		0.91742	-0.191733	-0.34868
		-0.397313	-0.48971	-0.776097
		-0.0219486	0.850542	-0.525449
		0.04016	-3.01647	2.4856
	}
}
{Volume "body3"
	{Cylinder 0.529872 6.88976}
	{Bone "parth5"}
	{Matrix34
		-0.200933	0.529116	0.824417
		-0.979601	-0.110935	-0.167557
		-0.00280002	0.841267	-0.540613
		-0.0262825	-2.98432	2.49503
	}
}
{Volume "gun"
	{Box 25.7779 2.66833 2.16535}
	{Bone "parth6"}
	{Matrix34
		0	0	1
		0	1	0
		-1	0	0
		-0.0264128	0.0871551	-0.463616
	}
}
{Volume "turret"
	{Box 6.39808 1.54028 1.67323}
	{Bone "parth1"}
	{Matrix34
		-0.805621	-0.592431	0
		0.592431	-0.805621	0
		0	0	1
		2.50462	1.28895	-0.475915
	}
}
