;Exported by: Normand
;Date:        Thu Apr 03 02:34:21 2014
;File:        C:\Users\Normand\type95.max
{Skeleton
	{bone "basis"
		{parameters "SteerMax=30;WheelRadius=0.40;"}
		{Orientation
			1	0	0
			0	-1	0
			0	0	1
		}
		{bone "body"
			{parameters "ID=body;"}
			{animation
				{sequence "break" {file "body_b.anm"} {speed 0.8}}
			}
			{Position 0.0618315	-0.0121111	7.84928}
			{VolumeView "body.ply"}
			{bone "engine"
				{parameters "ID=engine;"}
				{animation
					{sequence "break" {file "engine_b.anm"} {speed 0.8}}
				}
				{Matrix34
					1	0	0
					0	0	1
					0	-1	0
					11.1802	0.0281037	18.9005
				}
				{VolumeView "engine.ply"}
			}
			{bone "doorr"
				{parameters "ID=body;"}
				{Position 8.20654	-12.2707	8.00856}
				{VolumeView "doorr.ply"}
			}
			{bone "doorl"
				{parameters "ID=body;"}
				{Position 8.23514	12.3523	8.00856}
				{VolumeView "doorl.ply"}
			}
			{bone "wh_sp"
				{Matrix34
					0	-1	0
					-0.653231	0	0.757159
					0.757159	0	0.653231
					-33.0336	0.0400921	14.67
				}
				{VolumeView "wh_sp.ply"}
			}
			{bone "headlightl"
				{Position 32.4009	7.85361	12.4078}
			}
			{bone "headlightr"
				{Position 32.4009	-7.69923	12.4078}
			}
			{bone "fxlight"
				{Position 45.6547	0.00956777	12.4078}
			}
			{bone "fxsmoke1"
				{Matrix34
					-0.993988	0	0.109485
					0	-1	0
					0.109485	0	0.993988
					-40.8102	5.50941	2.98347
				}
			}
			{bone "fxfire1"
				{Position 18.719	-0.182351	12.5481}
			}
			{bone "fxstop1"
				{Matrix34
					-1	0	0
					0	-1	0
					0	0	1
					-31.3526	13.666	12.4659
				}
			}
			{bone "fxstop2"
				{Matrix34
					-1	0	0
					0	-1	0
					0	0	1
					-31.3566	-13.6833	12.4659
				}
			}
			{bone "driver"
				{Position -0.775914	-6.88993	-0.545274}
			}
			{bone "commander"
				{Position -0.777831	6.09567	-0.545274}
			}
			{bone revolute "steerrudder"
				{parameters "ID=body;WheelRadius=0.2;"}
				{Matrix34
					0.50297	0	0.864304
					0	1	0
					-0.864304	0	0.50297
					3.48317	-6.71904	16.4357
				}
				{VolumeView "steerrudder.ply"}
			}
			{bone socket "mgun"
				{limits 30}
				{Matrix34
					1	0	0
					0	0	1
					0	-1	0
					7.20964	5.31746	19.8975
				}
			}
			{bone "frame_glass1"
				{parameters "ID=body;"}
				{Matrix34
					-0.00291554	-0.999995	0.000954628
					-0.933135	0.0023774	-0.359518
					0.359514	-0.00193899	-0.933138
					5.86984	6.50648	25.2122
				}
				{VolumeView "frame_glass1.ply"}
			}
			{bone "frame_glass2"
				{parameters "ID=body;"}
				{Matrix34
					-0.00291521	0.999995	0.000954657
					-0.457793	-0.00218332	0.889056
					-0.889054	-0.00215475	-0.457797
					7.41143	-6.45807	22.2474
				}
				{VolumeView "frame_glass2.ply"}
			}
		}
		{bone "pivot_front"
			{Position 23.5133	0.0094927	8.3665}
			{bone revolute "steer_l"
				{Matrix34
					-1	0	0
					0	1	0
					0	0	1
					-0.00111198	10.8324	-0.00109482
				}
				{bone "fxtracel1"
					{Matrix34
						1	0	0
						0	-1	0
						0	0	1
						-0.0194855	2.04356	-8.38287
					}
				}
				{bone revolute "wheell1"
					{parameters "ID=wheelleft1;"}
					{Matrix34
						1	0	0
						0	0	1
						0	1	0
						-0.00907326	1.42137	-0.0012579
					}
					{VolumeView "wheell1.ply"}
				}
			}
			{bone revolute "steer_r"
				{Matrix34
					-1	0	0
					0	1	0
					0	0	1
					-0.000860214	-10.8611	-0.00109482
				}
				{bone "fxtracer1"
					{Matrix34
						1	0	0
						0	-1	0
						0	0	1
						-0.0377808	-2.08243	-8.35759
					}
				}
				{bone revolute "wheelr1"
					{parameters "ID=wheelright1;"}
					{Matrix34
						1	0	0
						0	0	1
						0	1	0
						-0.00882339	-1.42795	-0.0012579
					}
					{VolumeView "wheelr1.ply"}
				}
			}
		}
		{bone "pivot_back"
			{Position -20.0145	-0.0289379	8.3665}
			{bone revolute "wheelr2"
				{parameters "ID=wheelright2;"}
				{Matrix34
					-1	0	0
					0	0	1
					0	1	0
					0.0134373	-12.2137	-0.00235844
				}
				{VolumeView "wheelr2.ply"}
			}
			{bone revolute "wheell2"
				{parameters "ID=wheelleft2;"}
				{Matrix34
					-1	0	0
					0	0	1
					0	1	0
					0.0134373	12.2553	-0.00235844
				}
				{VolumeView "wheell2.ply"}
			}
			{bone "fxtracel2"
				{Matrix34
					-1	0	0
					0	-1	0
					0	0	1
					0.0134373	12.9326	-8.35869
				}
			}
			{bone "fxtracer2"
				{Matrix34
					-1	0	0
					0	-1	0
					0	0	1
					0.0547657	-12.836	-8.35869
				}
			}
		}
		{bone "link2"
			{Matrix34
				-1	0	0
				0	-1	0
				0	0	1
				-42.2708	-0.0832448	12.9453
			}
		}
		{bone "emit2"
			{Matrix34
				0	-1	0
				1	0	0
				0	0	1
				-5.06099	30.7721	0
			}
		}
		{bone "emit1"
			{Matrix34
				0	1	0
				-1	0	0
				0	0	1
				-4.59478	-29.2118	0
			}
		}
	}
}
