;Exported by: Sergey
;Date:        Wed Oct 03 13:11:56 2012
;File:        D:\Documents\3dsmax\scenes\ѕулемЄты Browning\Browning M2HB.max
{Skeleton
	{bone revolute "basis"
		{parameters "basis;"}
		{speed 0.001}
		{Orientation
			1	0	0
			0	-1	0
			0	0	1
		}
		{bone "body"
			{parameters "ID=body;"}
			{Position -0.00105939	0.000869713	5.77377}
			{VolumeView "body.ply"}
			{bone revolute "turret"
				{parameters "ID=body;"}
				{limits -15 15}
				{Position 0	0	0.749517}
				{VolumeView "turret.ply"}
				{bone revolute "gun_rot"
					{parameters "ID=body;"}
					{limits -5 10}
					{Matrix34
						1	0	0
						0	0	1
						0	-1	0
						-0.00654558	-0.00686208	0.96923
					}
					{VolumeView "gun_rot.ply"}
					{bone "mgun"
						{Position -6.42962	-0.72892	-0.00599163}
					}
				}
				{bone "ammobox"
					{Position 2.04666	2.09946	0.876412}
					{VolumeView "ammobox.ply"}
				}
			}
			{bone "support2"
				{parameters "ID=support2;"}
				{Matrix34
					-0.798005	-0.327009	-0.506215
					-0.468412	-0.191947	0.862407
					-0.379181	0.925322	0
					-2.02951	-0.581837	-0.214664
				}
				{VolumeView "support2.ply"}
				{bone "vtulka2"
					{parameters "ID=support2;"}
					{Position 6.01725	0	0}
					{VolumeView "vtulka2.ply"}
					{bone "rasporka"
						{Matrix34
							-0.798005	-0.468412	-0.379181
							-0.506214	0.862408	0
							0.327009	0.191947	-0.925322
							-0.0172415	-0.00832462	0.659112
						}
						{VolumeView "rasporka.ply"}
					}
				}
			}
			{bone "support1"
				{parameters "ID=support1;"}
				{Matrix34
					0.621469	0	-0.783438
					0.783438	0	0.621469
					0	-1	0
					1.72466	0.212449	-0.322922
				}
				{VolumeView "support1.ply"}
			}
			{bone "support3"
				{parameters "ID=support3;"}
				{Matrix34
					-0.808652	0.297164	-0.507716
					-0.476557	0.175126	0.861524
					0.344929	0.938629	0
					-2.0393	0.577913	-0.220373
				}
				{VolumeView "support3.ply"}
				{bone "vtulka3"
					{parameters "ID=support3;"}
					{Position 5.97557	0	0}
					{VolumeView "vtulka3.ply"}
				}
			}
		}
	}
}