{Skeleton
	{bone "basis"
		{parameters "Wheelradius=0.475;"}
		{Orientation
			1	0	0
			0	-1	0
			0	0	1
		}
		{bone "body"
			{parameters "ID=body;"}
			{animation
				{sequence "repair" {file "body_r.anm"} {speed -1}}
			}
			{Position 4.82108	-0.0944672	7.35404}
			{VolumeView "body.ply"}
			{bone revolute "turret"
				{parameters "ID=turret;"}
				{animation
					{sequence "repair" {file "turret_r.anm"} {speed -1}}
				}
				{speed 0.01}
				{Matrix34
					1	0	0
					0	1	0
					0	0	1
					-4.01114	0.21362	10.471
				}
				{VolumeView "turret.ply"}
				{bone revolute "gun_rot"
					{limits -80 15}
					{speed 0.01}
					{Matrix34
						1	0	0
						0	0	-1
						0	1	0
						-9.77676	-0.355887	15.1099
					}
					{VolumeView "gun_rot.ply"}
					{bone "gun"
						{parameters "ID=gun;"}
						{animation
							{sequence "repair" {file "gun_r.anm"} {speed -1}}
						}
						{Matrix34
							1	0	0
							0	0	1
							0	-1	0
							-9.96459	-0.224968	-0.358434
						}
						{VolumeView "gun.ply"}
					}
				}
			}
			{bone "standl"
				{parameters "ID=standl;"}
				{Matrix34
					-0.163268	0.986582	0.000650406
					-0.986548	-0.163268	0.0081729
					0.00816942	0.000692714	0.999966
					-4.15854	23.171	2.05883
				}
				{VolumeView "standl.ply"}
				{bone "bracket00"
					{Matrix34
						-0.306655	-0.951708	0.0146207
						0.95182	-0.30664	0.00337421
						0.00127203	0.014951	0.999887
						25.8423	-4.2566	-5.91402
					}
					{VolumeView "bracket00.ply"}
				}
			}
			{bone "standr"
				{parameters "ID=standr;"}
				{Matrix34
					-0.158272	-0.987382	-0.00509641
					0.98738	-0.158239	-0.0063852
					0.00549818	-0.0060427	0.999967
					-3.98277	-23.0066	2.222
				}
				{VolumeView "standr.ply"}
				{bone "bracket01"
					{Matrix34
						-0.263389	0.96464	0.00982078
						-0.96468	-0.263327	-0.00721318
						-0.00437205	-0.0113738	0.999926
						26.0205	4.25966	-6.11629
					}
					{VolumeView "bracket01.ply"}
				}
			}
			{bone "bracket02"
				{Position 42.3661	0.169501	-3.70508}
				{VolumeView "bracket02.ply"}
			}
			{bone "bracket03"
				{Position -58.5966	0.232276	-3.64182}
				{VolumeView "bracket03.ply"}
			}
			{bone "pivot_front"
				{parameters "ID=body;"}
				{Matrix34
					0.589096	0	-0.808063
					0	1	0
					0.808063	0	0.589096
					37.8684	0.0573775	2.47886
				}
				{VolumeView "pivot_front.ply"}
				{bone revolute "steer_l"
					{Matrix34
						-0.693492	0	0.720464
						0	1	0
						-0.720464	0	-0.693492
						-1.06305	14.8062	-0.992805
					}
					{bone revolute "wheell1"
						{parameters "ID=wheelleft1;Support=1;"}
						{Matrix34
							0.693493	0	0.720464
							0.720464	0	-0.693493
							0	1	0
							0.0362148	6.14214	-2.45956
						}
						{bone "wll1_view"
							{Matrix34
								1.03	0	0
								0	1.03	0
								0	0	-1.03
								0	0	0
							}
							{VolumeView "wheell1.ply"}
						}
					}
				}
				{bone revolute "steer_r"
					{Matrix34
						-0.693492	0	0.720464
						0	1	0
						-0.720464	0	-0.693492
						-1.02304	-15.4373	-0.828392
					}
					{bone revolute "wheellr1"
						{parameters "ID=wheelright1;Support=1;"}
						{Matrix34
							0.693493	0	0.720464
							0.720464	0	-0.693493
							0	1	0
							-0.0544586	-5.50941	-2.3168
						}
						{bone "wlr1_view"
							{Matrix34
								1.03	0	0
								0	1.03	0
								0	0	-1.03
								0	0	0
							}
							{VolumeView "wheelr1.ply"}
						}
					}
				}
				{bone "support1"
					{Matrix34
						1	0	0
						0	1	0
						0	0	1
						-1.01585	0.0370925	-0.815384
					}
				}
			}
			{bone "pivot_back"
				{parameters "ID=body;"}
				{Matrix34
					1	0	0
					0	1	0
					0	0	1
					-46.1151	0.230123	2.38089
				}
				{VolumeView "pivot_back.ply"}
				{bone revolute "spring_l"
					{Matrix34
						0	0	-1
						0	1	0
						1	0	0
						1.69013	14.6334	-0.0648537
					}
					{bone revolute "wheell2"
						{parameters "ID=wheelleft2;Support=1;"}
						{Matrix34
							0.799242	0	-0.60101
							-0.60101	0	-0.799242
							0	1	0
							-0.143186	6.14209	-2.59733
						}
						{bone "wll2_view"
							{Matrix34
								1.03	0	0
								0	1.03	0
								0	0	-1.03
								0	0	0
							}
							{VolumeView "wheell2.ply"}
						}
					}
				}
				{bone revolute "spring_r"
					{Matrix34
						0	0	-1
						0	1	0
						1	0	0
						1.66426	-15.7306	-0.0813112
					}
					{bone revolute "wheelr2"
						{parameters "ID=wheelright2;Support=1;"}
						{Matrix34
							0.799242	0	-0.60101
							-0.60101	0	-0.799242
							0	1	0
							-0.159679	-5.38876	-2.57152
						}
						{bone "wlr2_view"
							{Matrix34
								1.03	0	0
								0	1.03	0
								0	0	-1.03
								0	0	0
							}
							{VolumeView "wheelr2.ply"}
						}
					}
				}
			}
		}
	}
}