;Exported by: Normand
;Date:        Sat May 04 22:56:08 2019
;File:        C:\User\Normand\citroen_23.max
{Skeleton
	{animation
		{sequence "doorright" {speed 0.35}}
		{sequence "doorleft" {speed 0.35}}
		{sequence "start" {speed 0.3}}
		{sequence "stop" {speed 0.3}}
	}
	{bone "basis"
		{parameters "SteerMax=30;WheelRadius=0.42;"}
		{Orientation
			1	0	0
			0	-1	0
			0	0	1
		}
		{bone "link2"
			{Matrix34
				-0.999932	0.011645	-0.000228861
				-0.000150038	0.00676924	0.999977
				0.0116462	0.999909	-0.00676702
				-51.5292	0.143893	13.2193
			}
		}
		{bone "emit1"
			{Matrix34
				0.00884067	-0.999951	0.00447319
				0.999961	0.00884065	-2.38416e-005
				-1.57055e-005	0.00447323	0.99999
				0.95646	28.4121	0.000667108
			}
		}
		{bone "emit2"
			{Matrix34
				-0.00400451	0.999992	0
				-0.999982	-0.00400447	-0.00445746
				-0.00445742	-1.78499e-005	0.99999
				0.30582	-28.3296	0.235885
			}
		}
		{bone "emit3"
			{Position -80.9858	-10.5623	3.52937}
			{visibility 0}
		}
		{bone "emit4"
			{Position -80.8759	12.3758	3.52937}
			{visibility 0}
		}
		{bone "pivot_front"
			{parameters "ID=body;"}
			{Matrix34
				1	0	0
				0	0.99999	-0.00447319
				0	0.00447319	0.99999
				38.9658	0.0695267	8.9798
			}
			{VolumeView "pivot_front.ply"}
			{bone revolute "steerl"
				{parameters "ID=body;"}
				{Matrix34
					-1	0	0
					0	1	0
					0	0	1
					1.0633	14.5269	-0.26757
				}
				{VolumeView "steerl.ply"}
			{bone prizmatic "suspension_l1"
				{limits -0.08 0.06}
				{speed2 0.5}
				{Matrix34
					1   0   0
					0   1   0
					0   0   1
						-0.0626869	0.306857	-0.227194
				}
				{bone revolute "wheell1"
					{parameters "ID=wheelleft1;"}
					{Matrix34
						1	0	0
						0	0	1
						0	1	0
					0   0   0
					}
					{VolumeView "wheell1.ply"}
				}
			}
				{bone "fxtracel1"
					{Matrix34
						-1	0	0
						0	1	0
						0	0	1
						-0.432991	-0.0293207	-8.71226
					}
				}
			}
			{bone revolute "steerr"
				{parameters "ID=body;"}
				{Matrix34
					-1	0	0
					0	1	0
					0	0	1
					1.06333	-14.5258	-0.392587
				}
				{VolumeView "steerr.ply"}
			{bone prizmatic "suspension_r1"
				{limits -0.08 0.06}
				{speed2 0.5}
				{Matrix34
					1   0   0
					0   1   0
					0   0   1
						-0.100208	-0.370358	-0.102181
				}
				{bone revolute "wheelr1"
					{parameters "ID=wheelright1;"}
					{Matrix34
						1	0	0
						0	0	1
						0	1	0
					0   0   0
					}
					{VolumeView "wheelr1.ply"}
				}
			}
				{bone "fxtracer1"
					{Matrix34
						-1	0	0
						0	1	0
						0	0	1
						-0.3899	-0.0550041	-8.5905
					}
				}
			}
		}
		{bone "pivot_back"
			{parameters "ID=body;"}
			{Matrix34
				1	0	0
				0	0.99999	-0.00447319
				0	0.00447319	0.99999
				-31.1302	0.0685794	8.64868
			}
			{VolumeView "pivot_back.ply"}
			{bone "spring"
				{parameters "ID=body;"}
				{Matrix34
					0.998173	0	-0.0604171
					0	1	0
					-0.0604171	0	-0.998173
					-0.109568	-0.00685136	1.7988
				}
				{VolumeView "spring.ply"}
			}
			{bone prizmatic "suspension_r2"
				{limits -0.08 0.06}
				{speed2 0.5}
				{Matrix34
					1   0   0
					0   1   0
					0   0   1
					-0.202171	-15.5697	-0.168588
				}
			{bone revolute "wheelr2"
				{parameters "ID=wheelright2;"}
				{Matrix34
					-1	0	0
					0	0	1
					0	1	0
					0   0   0
				}
				{VolumeView "wheelr2.ply"}
			}
			}
			{bone prizmatic "suspension_l2"
				{limits -0.08 0.06}
				{speed2 0.5}
				{Matrix34
					1   0   0
					0   1   0
					0   0   1
					-0.239714	15.5062	-0.168584
				}
			{bone revolute "wheell2"
				{parameters "ID=wheelleft2;"}
				{Matrix34
					-1	0	0
					0	0	1
					0	1	0
					0   0   0
				}
				{VolumeView "wheell2.ply"}
			}
			}
			{bone "fxtracel2"
				{Matrix34
					1	0	0
					0	0	1
					0	-1	0
					-0.178102	15.5655	-8.73542
				}
			}
			{bone "fxtracer2"
				{Matrix34
					1	0	0
					0	0	1
					0	-1	0
					-0.174536	-15.4122	-8.73543
				}
			}
		}
		{bone "body"
			{parameters "ID=body;"}
			{animation
				{sequence "repair" {file "body_r.anm"} {speed 0.4}}
			}
			{Matrix34
				1	0	0
				0	0.99999	-0.00447319
				0	0.00447319	0.99999
				-2.63008	0.0820961	15.0986
			}
			{VolumeView "body.ply"}
			{bone "fxfire1"
				{Position 33.7744	-0.080502	2.50897}
			}
			{bone "fxsmoke1"
				{Matrix34
					-0.816275	-0.527769	-0.234851
					0.542954	-0.839762	0
					-0.197219	-0.127513	0.972031
					1.00532	-7.52739	-6.64146
				}
			}
			{bone "visor1"
				{Position 27.6056	5.74484	16.3678}
			}
			{bone "fxstop1"
				{Matrix34
					-1	0	0
					0	-1	0
					0	0	1
					-48.5309	14.7899	0.838663
				}
			}
			{bone "fxlight"
				{Position 87.6626	-0.341173	-7.14976}
			}
			{bone "cabin"
				{parameters "ID=cabin;"}
				{animation
					{sequence "repair" {file "cabin_r.anm"} {speed 0.4}}
				}
				{Position 16.1918	-0.0803528	10.8773}
				{VolumeView "cabin.ply"}
				{bone "glass_front"
					{parameters "ID=glass;"}
					{Matrix34
						0.971137	0	-0.238521
						0	1	0
						0.238521	0	0.971137
						3.65972	0.0436636	6.13711
					}
					{VolumeView "glass_front.ply"}
				}
				{bone "glass_back"
					{parameters "ID=glass;"}
					{Matrix34
						0.999924	0	-0.0123241
						0	1	0
						0.0123241	0	0.999924
						-15.2288	0.0655667	5.94136
					}
					{VolumeView "glass_back.ply"}
				}
				{bone "headlightr"
					{Position 29.2425	-8.19075	-7.22318}
				}
				{bone "headlightl"
					{Position 29.2337	8.36995	-7.20428}
				}
				{bone "sca"
					{Matrix34
						0.95	0	0
						0	0.95	0
						0	0	0.95
						-1.2	0	0
					}
					{bone "commander"
						{Matrix34
							0.901597	0.00181467	0.432574
							7.40879e-005	0.999991	-0.00434944
							-0.432577	0.00395349	0.901588
							1.54207	-4.73933	-13.1695
						}
					}
					{bone "driver"
						{Matrix34
							0.901595	0.00125277	0.432579
							-0.000764505	0.999999	-0.00130264
							-0.43258	0.000843745	0.901595
							1.42431	4.74941	-13.1518
						}
					}
				}
				{bone "doorl"
					{parameters "ID=cabin;"}
					{Matrix34
						1	0	0
						0	0.999495	-0.0317746
						0	0.0317746	0.999495
						2.6557	11.962	-2.20995
					}
					{VolumeView "doorl.ply"}
				}
				{bone "doorr"
					{parameters "ID=cabin;"}
					{Matrix34
						1	0	0
						0	0.999495	0.0317772
						0	-0.0317772	0.999495
						2.703	-11.8594	-1.87545
					}
					{VolumeView "doorr.ply"}
				}
				{bone "engine"
					{parameters "ID=engine;"}
					{animation
						{sequence "repair" {file "engine_r.anm"} {speed 0.4}}
					}
					{Position 20.1802	0.023819	-7.855}
					{VolumeView "engine.ply"}
				}
			}
			{bone "body_back"
				{parameters "ID=bodyback;"}
				{Position -27.8581	0.260765	8.31847}
				{VolumeView "body_back.ply"}
				{bone "doors_back"
					{parameters "ID=bodyback;"}
					{Position -0.0732727	0	1.70739}
					{VolumeView "doors_back.ply"}
				}
				{bone "door_back"
					{parameters "ID=bodyback;"}
					{Position -26.7331	0.0695334	2.18108}
					{VolumeView "door_back.ply"}
				}
				{bone "shield_holder"
					{parameters "ID=bodyback;"}
					{Position -0.168358	0	8.04476}
					{VolumeView "shield_holder.ply"}
				}
				{bone "seat01"
					{Matrix34
						-0.0233324	-0.999699	-0.00763611
						0.999719	-0.0233638	0.00406628
						-0.00424358	-0.00753909	0.999963
						19.4393	8.13621	-3.85
					}
				}
				{bone "seat02"
					{Matrix34
						0.00784561	0.999941	0.0075177
						-0.99996	0.0078776	-0.00418479
						-0.00424378	-0.00748463	0.999963
						19.206	-8.52539	-3.98
					}
				}
				{bone "seat03"
					{Matrix34
						-0.00946688	-0.999927	-0.00749492
						0.999946	-0.00949834	0.00417269
						-0.00424357	-0.00745501	0.999963
						6.6558	8.57216	-3.9
					}
				}
				{bone "seat04"
					{Matrix34
						-0.00478481	0.999959	0.00769323
						-0.99998	-0.00475197	-0.00428085
						-0.00424411	-0.00771353	0.999961
						6.24615	-8.49119	-4.02
					}
				}
				{bone "seat05"
					{Matrix34
						-0.00512664	0.999957	0.00769796
						-0.999978	-0.00509364	-0.00428352
						-0.00424405	-0.00771979	0.999961
						-6.83979	-8.42826	-4.08
					}
				}
				{bone "seat06"
					{Matrix34
						-0.00766932	-0.999942	-0.00752006
						0.999962	-0.00770095	0.00418604
						-0.00424371	-0.00748766	0.999963
						-6.21863	8.43404	-3.96
					}
				}
				{bone "seat07"
					{Matrix34
						-0.00738371	-0.999944	-0.00752406
						0.999964	-0.00741537	0.00418842
						-0.00424398	-0.00749286	0.999963
						-18.6886	8.79643	-4.00
					}
				}
				{bone "seat08"
					{Matrix34
						-0.00531365	0.999956	0.00770139
						-0.999977	-0.00528071	-0.00428493
						-0.00424404	-0.00772387	0.999961
						-18.3152	-8.36947	-4.13
					}
				}
			}
		}
	}
}
{Volume "body"
	{Box 100.617 20.6722 2.56116}
	{Bone "body"}
	{Matrix34
		0.999296	0	-0.0375171
		0	1	0
		0.0375171	0	0.999296
		-3.17132	1.45703	-2.61277
	}
}
{Volume "bodyback"
	{Box 54.9604 36.782 13.5}
	{Bone "body_back"}
	{Matrix34
		0.999893	0	-0.0146686
		0	1	0
		0.0146686	0	0.999892
		0.154408	-0.118796	1.00011
	}
}
{Volume "cabin"
	{Polyhedron "cabin.vol"}
	{Bone "cabin"}
	{Position -5.25828	-0.260069	-12.7591}
}
{Volume "engine"
	{Polyhedron "engine.vol"}
	{Bone "engine"}
	{Position -2.63735	-0.146592	-4.56624}
}
{Volume "wheelleft1"
	{Cylinder 8.55 4}
	{Bone "wheell1"}
	{Matrix34
		-1	0	0
		0	1	0
		0	0	-1
		-0.00616169	-0.0280253	-0.0915947
	}
}
{Volume "wheelleft2"
	{Cylinder 8.55 7.9}
	{Bone "wheell2"}
	{Matrix34
		-1	0	0
		0	1	0
		0	0	-1
		-0.124632	0.109986	0.216223
	}
}
{Volume "wheelright1"
	{Cylinder 8.55 4}
	{Bone "wheelr1"}
	{Matrix34
		-1	0	0
		0	1	0
		0	0	-1
		0.0313805	-0.0280244	0.493512
	}
}
{Volume "wheelright2"
	{Cylinder 8.55 7.9}
	{Bone "wheelr2"}
	{Matrix34
		-1	0	0
		0	1	0
		0	0	-1
		-0.0870914	0.109988	0.0114334
	}
}
