;Exported by: sk
;Date:        Wed Dec 28 19:01:27 2005
;File:        D:\-Projects1_5-\-3DWork-\-Model-\Germany\Luftvaffe\Fi 156 Storch\Storch_Fi156.max
{Skeleton
	{animation
		{sequence "engine_start" {speed 1.5}}
		{sequence "engine_work" {speed 1.5}}
		{sequence "engine_stop"}
	}
	{bone "basis"
		{parameters "SteerMax=35;"}
		{Orientation
			1	0	0
			0	-1	0
			0	0	1
		}
		{bone "body"
			{parameters "ID=Body;"}
			{Position -22.3101	0	0}
			{VolumeView "body.ply"}
			{bone revolute "flap1"
				{parameters "ID=wingLeft;"}
				{limits -30 30}
				{Matrix34
					1	0	0
					0	0	1
					0	-1	0
					24.7868	44.5779	17.4527
				}
				{VolumeView "flap1.ply"}
			}
			{bone "cabin"
				{parameters "ID=Body;"}
				{Matrix34
					0.939693	0	0.34202
					0	-1	0
					0.34202	0	-0.939693
					56.7645	0.0498982	11.7876
				}
				{VolumeView "cabin.ply"}
			}
			{bone "driver"
				{Matrix34
					0.939693	0	0.34202
					0	1	0
					-0.34202	0	0.939693
					49.8414	0	-15.4624
				}
			}
			{bone "gunner"
				{Matrix34
					0.939693	0	0.34202
					0	1	0
					-0.34202	0	0.939693
					31.3818	0	-15.4624
				}
			}
			{bone "body_back"
				{Position -58.5489	0	6.63847}
				{bone revolute "elevator1"
					{parameters "ID=Body;"}
					{limits -30 30}
					{speed 0.1}
					{Matrix34
						1	0	0
						0	0	1
						0	-1	0
						-13.5935	22.9057	-4.7611
					}
					{VolumeView "elevator1.ply"}
				}
				{bone revolute "elevator2"
					{parameters "ID=Body;"}
					{limits -30 30}
					{speed 0.1}
					{Matrix34
						1	0	0
						0	0	1
						0	-1	0
						-13.6302	-13.3143	-4.7611
					}
					{VolumeView "elevator2.ply"}
				}
				{bone revolute "rudder"
					{parameters "ID=Body;"}
					{limits -30 30}
					{speed 0.1}
					{Position -15.0939	2.57697e-005	10.7347}
					{VolumeView "rudder.ply"}
				}
			}
			{bone "engine"
				{Matrix34
					0	0	-1
					0	1	0
					1	0	0
					63.4321	0	-4.658
				}
				{VolumeView "engine.ply"}
				{bone "propeller"
					{Matrix34
						0	0	1
						-0.173648	0.984808	0
						-0.984808	-0.173648	0
						-2.02347	0	30.3428
					}
					{VolumeView "propeller.ply"}
				}
				{bone "propeller_work"
					{Matrix34
						0	0	1
						-1	0	0
						0	-1	0
						-2.02347	0	30.3428
					}
					{visibility 0}
					{VolumeView "propeller_work.ply"}
				}
			}
			{bone "visor"
				{Position 59.9053	0	14.5596}
			}
		}
		{bone "pivot_back"
			{Position -98.5247	0	-22.4525}
			{bone "wheel_back"
				{parameters "Radius=0.2;support;"}
				{Matrix34
					0	0	1
					1	0	0
					0	1	0
					0.488052	0	13.4527
				}
				{VolumeView "wheel_back.ply"}
			}
		}
		{bone "pivot_front"
			{Position 62.4479	0	-22.4525}
			{bone "wingr1"
				{parameters "ID=wingRight;"}
				{Position -46.8386	-63.4296	39.9083}
				{VolumeView "wingr1.ply"}
				{bone "wingr2"
					{parameters "ID=wingR2;"}
					{Position 0.0130157	-55.0591	-0.0456772}
					{VolumeView "wingr2.ply"}
					{bone revolute "aileron2"
						{parameters "ID=wingR2;"}
						{limits -30 30}
						{Matrix34
							1	0	0
							0	0	1
							0	-1	0
							-13.083	8.08652	0.00299072
						}
						{VolumeView "aileron2.ply"}
					}
				}
				{bone revolute "flap2"
					{parameters "ID=wingRight;"}
					{limits -30 30}
					{Matrix34
						1	0	0
						0	0	-1
						0	1	0
						-13.1328	18.8518	-0.0030365
					}
					{VolumeView "flap2.ply"}
				}
			}
			{bone "wingl1"
				{parameters "ID=wingLeft;"}
				{Position -45.8278	90.3739	40.4584}
				{VolumeView "wingl1.ply"}
				{bone revolute "aileron1"
					{parameters "ID=wingLeft;"}
					{limits -30 30}
					{Matrix34
						1	0	0
						0	0	1
						0	-1	0
						-14.0838	20.0283	-0.592781
					}
					{VolumeView "aileron1.ply"}
				}
				{bone "wingl2"
					{parameters "ID=wingL2;"}
					{Position 0.123886	36.7687	0.0964127}
					{VolumeView "wingl2.ply"}
				}
			}
			{bone "wheell"
				{parameters "ID=Body;Radius=0.3;support;"}
				{Matrix34
					0	0	1
					1	0	0
					0	1	0
					-28.7591	31.5877	-10.5655
				}
				{VolumeView "wheell.ply"}
			}
			{bone "wheelr"
				{parameters "ID=Body;Radius=0.3;support;"}
				{Matrix34
					0	0	1
					1	0	0
					0	1	0
					-28.7591	-31.5876	-10.5655
				}
				{VolumeView "wheelr.ply"}
			}
		}
		{bone "emit1"
			{parameters "Group=crew;"}
			{Matrix34
				0.964228	0	-0.265075
				0	1	0
				0.265075	0	0.964228
				-27.8404	-25.2653	-19.6458
			}
			{visibility 0}
		}
		{bone "emit2"
			{parameters "Group=crew;"}
			{Matrix34
				0	-0.999979	-0.00648234
				0.965926	0.00167759	-0.258814
				0.258819	-0.0062615	0.965906
				-27.8226	24.7054	-19.3348
			}
			{visibility 0}
		}
	}
}
{Obstacle "rectangle04"
	{Obb2
		{Center -17.868 -0.0647192}
		{Extent 3.11203 90.3185}
		{Axis 0 1}
	}
	{Rotate}
}
{Obstacle "rectangle1"
	{Obb2
		{Center 33.1602 -0.0647199}
		{Extent 5.72614 35.2531}
		{Axis -1 0}
	}
	{Rotate}
}
{Obstacle "rectangle3"
	{Obb2
		{Center -98.5296 0.557688}
		{Extent 10.291 46.0249}
		{Axis -1 0}
	}
	{Rotate}
}
{Volume "aileron1"
	{Box 7.61259 1.38445 69.1207}
	{Bone "aileron1"}
	{Position -3.69952	0	0}
}
{Volume "aileron2"
	{Box 7.61259 1.38445 69.1207}
	{Bone "aileron2"}
	{Position -3.70272	0	0}
}
{Volume "body1"
	{Box 28.2482 60.6067 3.91767}
	{Bone "body"}
	{Position 38.9302	37.7963	18.3489}
}
{Volume "body2"
	{Box 28.2482 40.0004 3.91767}
	{Bone "body"}
	{Position 38.9302	-30.6878	18.3489}
}
{Volume "body3"
	{Box 2.88811 3.89669 48.5088}
	{Bone "body"}
	{Matrix34
		0.984808	-0.0733867	0.157379
		0	0.906308	0.422618
		-0.173648	-0.416198	0.892539
		51.3198	20.4914	-10.3941
	}
}
{Volume "body4"
	{Box 2.97966 2.36532 48.5088}
	{Bone "body"}
	{Matrix34
		0.984808	0.0593912	0.163176
		0	0.939692	-0.34202
		-0.173648	0.336824	0.925417
		51.9344	-20.2373	-9.67792
	}
}
{Volume "body"
	{Box 140.751 16.3825 15.5075}
	{Bone "body"}
	{Matrix34
		0.996195	0	-0.0871557
		0	1	0
		0.0871557	0	0.996195
		6.62268	-0.527254	-0.04185
	}
}
{Volume "cockpit"
	{Box 44.6959 22.0366 12.9007}
	{Bone "cabin"}
	{Matrix34
		0.939693	0	0.34202
		0	1	0
		-0.34202	0	0.939693
		-21.5831	0.0962033	-3.09932
	}
}
{Volume "elevator1"
	{Box 19.4373 1.49106 44.3828}
	{Bone "elevator1"}
	{Position -4.09361	0	0}
}
{Volume "elevator2"
	{Box 19.4373 1.49106 44.3828}
	{Bone "elevator2"}
	{Position -4.05688	0	9.59139}
}
{Volume "engine1"
	{Box 11.6665 11.9665 21.7492}
	{Bone "engine"}
	{Position 0.30388	0	10.8746}
}
{Volume "flap1"
	{Box 5.70665 1.64247 62.4953}
	{Bone "flap1"}
	{Position -2.8092	0	0}
}
{Volume "flap2"
	{Box 5.70662 1.64247 62.4953}
	{Bone "flap2"}
	{Position -2.80903	0	0}
}
{Volume "1blade1"
	{Box 2.71159 4.55469 53.6997}
	{Bone "propeller"}
	{Matrix34
		1	0	0
		0	0.962621	-0.270853
		0	0.270853	0.962621
		-0.987354	-0.0449227	-0.193687
	}
}
{Volume "rudder"
	{Box 23.7182 1.8921 34.7209}
	{Bone "rudder"}
	{Position -4.08427	0	-0.801292}
}
{Volume "wheelback"
	{Cylinder 2.87237 1.70317}
	{Bone "wheel_back"}
	{Position 0	0	0}
}
{Volume "wheell"
	{Cylinder 5.87396 3.48296}
	{Bone "wheell"}
	{Position 0	0	0}
}
{Volume "wheelr"
	{Cylinder 5.87396 3.48296}
	{Bone "wheelr"}
	{Position 0	0	0}
}
{Volume "wingl1"
	{Box 28.2482 60.6067 3.91767}
	{Bone "wingl1"}
	{Position 0	0	0.343058}
}
{Volume "wingl2"
	{Box 28.3686 38.6416 3.0404}
	{Bone "wingl2"}
	{Position 0.00308228	0	-1.00209}
}
{Volume "wingr1"
	{Box 28.2591 75.2844 6.14806}
	{Bone "wingr1"}
	{Position 0.989243	-3.89853	0.475914}
}
{Volume "wingr2"
	{Box 28.4027 55.9815 3.0315}
	{Bone "wingr2"}
	{Position 1.1076	0.0161133	-0.549933}
}
