;Exported by: Normand
;Date:        Mon Aug 27 10:17:08 2018
;File:        C:\Users\Normand\155mle1917.max
{Skeleton
	{animation
		{sequence "recoil" {speed 0.5}}
		{sequence "close" {speed 0.3}}
	}
	{bone revolute "basis"
		{parameters "wheelradius=0.6;"}
		{speed 0.002}
		{Orientation
			1	0	0
			0	-1	0
			0	0	1
		}
		{bone "emit3"
			{Matrix34
				0	-1	0
				1	0	0
				0	0	1
				-49.4062	14.3477	0
			}
		}
		{bone "emit4"
			{Matrix34
				0	1	0
				-1	0	0
				0	0	1
				-49.4062	-14.8575	0
			}
		}
		{bone "driver3"
			{Position -60.1675	-7.72528	0}
		}
		{bone "driver4"
			{Position -60.5319	7.62002	0}
		}
		{bone "commander"
			{Position -2.87846	-34.1642	0}
		}
		{bone "charger2"
			{Matrix34
				0.697104	-0.71697	0
				0.71697	0.697104	0
				0	0	1
				-57.0842	11.88755	0
			}
		}
		{bone "body"
			{parameters "ID=body;"}
			{animation
				{sequence "repair" {file "body_r.anm"} {speed 0.3}}
			}
			{Position -0.199944	0.513625	12.0831}
			{VolumeView "body.ply"}
			{bone revolute "gun_rot"
				{parameters "ID=gun;"}
				{Matrix34
					1	0	0
					0	0	1
					0	-1	0
					-1.02173	-0.492768	13.3561
				}
				{VolumeView "gun_rot.ply"}
				{bone "gun"
					{parameters "ID=gun;"}
					{animation
						{sequence "repair" {file "gun_r.anm"} {speed 0.3}}
					}
					{Matrix34
						1	0	0
						0	0	-1
						0	1	0
						11.0445	1.15826	0.549042
					}
					{VolumeView "gun120.ply"}
					{bone "gun_cover"
						{parameters "ID=gun;"}
						{Position -20.416	-3.20444	0.832413}
						{VolumeView "gun_cover.ply"}
					}
					{bone "fx_invers"
						{Matrix34
							-1	0	0
							0	-1	0
							0	0	1
							-21.5719	0.535174	-0.183147
						}
					}
					{bone "visor"
						{Matrix34
							1	0	0
							0	1	0
							0	0	1
							-2.56903	0.525384	3.97927
						}
					}
					{bone "foresight1"
						{Matrix34
							1	0	0
							0	1	0
							0	0	1
							37.4512	0.55293	-0.163303
						}
					}
				}
				{bone "sight"
					{parameters "ID=gun;"}
					{Matrix34
						1	0	0
						0	0	-1
						0	1	0
						-4.17318	1.12155	-9.69064
					}
					{VolumeView "sight.ply"}
					{bone "glass"
						{parameters "ID=gun;"}
						{Position -0.346802	-0.186615	0.949966}
						{VolumeView "glass.ply"}
					}
				}
			}
			{bone "turret"
				{parameters "ID=turret;"}
				{animation
					{sequence "repair" {file "turret_r.anm"} {speed 0.3}}
				}
				{Position 7.75066	-0.525421	11.7632}
				{VolumeView "turret.ply"}
				{bone "cover"
					{parameters "ID=turret;"}
					{Position -2.53839	13.1223	6.41508}
					{VolumeView "cover.ply"}
				}
			}
			{bone "detail1"
				{Position -28.514	5.63391	-3.10131}
				{VolumeView "detail1.ply"}
			}
			{bone "support"
				{parameters "ID=body;"}
				{Position -81.6608	0.695923	-7.7538}
				{VolumeView "support.ply"}
			}
			{bone "arml"
				{parameters "ID=body;"}
				{Matrix34
					1	0	0
					0	-1	0
					0	0	1
					-26.5446	5.83989	2.14071
				}
				{VolumeView "arml.ply"}
			}
			{bone "armr"
				{parameters "ID=body;"}
				{Position -26.5446	-6.74255	2.14071}
				{VolumeView "armr.ply"}
			}
			{bone "link1"
				{Matrix34
					-0.991456	0	-0.13044
					0	-1	0
					-0.13044	0	0.991456
					-94.1479	-0.486709	-11.1299
				}
			}
			{bone "visor2"
				{Matrix34
					1	0	0
					0	1	0
					0	0	1
					1.43453	-17.6672	20.7482
				}
			}
		}
		{bone "pivot_front"
			{Position -0.199461	-0.676164	12.1654}
			{VolumeView "pivot_front.ply"}
			{bone revolute "wheell"
				{parameters "ID=wheelleft;"}
				{Matrix34
					-1	0	0
					0	0	1
					0	1	0
					-0.015697	16.8	-0.110094
				}
				{VolumeView "wheell.ply"}
			}
			{bone revolute "wheelr"
				{parameters "ID=wheelright;"}
				{Matrix34
					-1	0	0
					0	0	1
					0	1	0
					-0.0157018	-15.5745	0.0712986
				}
				{VolumeView "wheelr.ply"}
			}
			{bone "fxtracel1"
				{Position 0.157439	17.292	-12.1686}
			}
			{bone "fxtracer1"
				{Position 0.0864882	-16.3507	-12.1686}
			}
		}
		{bone "emit2"
			{Position -36.0024	-32.4492	0}
			{visibility 0}
		}
		{bone "emit1"
			{Position -33.684	27.8488	0}
			{visibility 0}
		}
		{bone "charger"
			{Position -36.1633	-16.8798	0}
		}
		{bone "gunner"
			{Position -32.6286	16.7414	0}
		}
		{bone "driver1"
			{Position -20.3009	16.6327	0}
		}
		{bone "driver2"
			{Position -20.3202	-17.1078	0}
		}
		{bone "seat1"
			{Matrix34
				0.600489	0.79943	-0.0180303
				-0.799621	0.600449	-0.00814117
				0.00431803	0.0193062	0.999804
				-49.7635	4.76223	1.01678
			}
		}
		{bone "seat2"
			{Matrix34
				0.204541	-0.975	-0.0868241
				0.978531	0.205958	-0.00759608
				0.0252883	-0.0834064	0.996195
				-41.3199	-6.84874	1.22649
			}
		}
		{bone "seat3"
			{Matrix34
				0.600489	0.79943	-0.0180303
				-0.799621	0.600449	-0.00814117
				0.00431803	0.0193062	0.999804
				-49.7635	4.76223	1.01678
			}
		}
		{bone "seat4"
			{Matrix34
				0.204541	-0.975	-0.0868241
				0.978531	0.205958	-0.00759608
				0.0252883	-0.0834064	0.996195
				-41.3199	-6.84874	1.22649
			}
		}
	}
}
{Volume "body2"
	{Polyhedron "body2.vol"}
	{Bone "body"}
	{Position -33.9511	-0.516892	-6.39516}
}
{Volume "body"
	{Box 4 4.5 20}
	{Bone "body"}
	{Matrix34
		1	0	0
		0	0	1
		0	-1	0
		0.499712	0.173101	2.84214
	}
}
{Volume "gun_rot"
	{Box 62 6.86821 4.5}
	{Bone "gun_rot"}
	{Matrix34
		1	0	0
		0	0	-1
		0	1	0
		-3.63364	-3.7407	0.0500389
	}
}
{Volume "gun"
	{Cylinder 2 58}
	{Bone "gun"}
	{Matrix34
		0	-1	0
		0	0	1
		-1	0	0
		8.68685	0.531957	-0.140727
	}
}
{Volume "turret2"
	{Polyhedron "turret2.vol"}
	{Bone "turret"}
	{Position 2.26104	-0.3284	-14.2315}
}
{Volume "turret"
	{Box 33 14 0.678013}
	{Bone "turret"}
	{Matrix34
		0	-1	0
		-0.409437	0	0.912339
		-0.912339	0	-0.409437
		-4.61757	-0.0508846	8.09021
	}
}
{Volume "wheelleft"
	{Cylinder 12.5 7.5}
	{Bone "wheell"}
	{Matrix34
		-1	0	0
		0	1	0
		0	0	-1
		0.0586192	0.108313	0.759731
	}
}
{Volume "wheelright"
	{Cylinder 12.5 7.5}
	{Bone "wheelr"}
	{Matrix34
		-1	0	0
		0	1	0
		0	0	-1
		0.0586161	-0.0730851	-0.808324
	}
}