;Exported by: Sergey
;Date:        Wed Dec 24 21:07:30 2014
;File:        D:\Sergey\Documents\3dsMax\scenes\_resource_MoW\-vehicle_machine_gun\8-mm Schwarzlose M.07-12\Schwarzlose M.07-24 on AA tripod.max
{Skeleton
	{animation
		{sequence "close" {speed 0.6}}
		{sequence "recoil" {speed 0.9}}
	}
	{bone revolute "basis"
		{parameters "basis;"}
		{speed 0.001}
		{Orientation
			1	0	0
			0	-1	0
			0	0	1
		}
		{bone "body"
			{parameters "ID=body;"}
			{Position 0	0.00876779	0.473922}
			{VolumeView "body.ply"}
			{bone "support02"
				{parameters "ID=body;"}
				{Matrix34
					0.0156881	0	-0.999877
					-0.999877	0	-0.0156881
					0	-1	0
					0	1.5333	0
				}
				{VolumeView "support02.ply"}
				{bone "support02-1"
					{parameters "ID=body;"}
					{Matrix34
						1	0	0
						0	0.311646	0.950198
						0	-0.950199	0.311646
						0	9.28931	-2.81708
					}
					{VolumeView "support02-1.ply"}
				}
				{bone "styazhka02"
					{Matrix34
						-0.66011	-0.751169	0
						0	0	1
						-0.751169	0.66011	0
						-0.826551	7.12799	-2.00329
					}
					{VolumeView "styazhka02.ply"}
				}
			}
			{bone "support01"
				{parameters "ID=body;"}
				{Matrix34
					0.0137608	0	-0.999905
					-0.999905	0	-0.0137608
					0	1	0
					0	-1.5719	0
				}
				{VolumeView "support01.ply"}
				{bone "support01-1"
					{parameters "ID=body;"}
					{Matrix34
						1	0	0
						0	0.311646	0.950198
						0	-0.950198	0.311646
						0	9.15007	-2.77141
					}
					{VolumeView "support01-1.ply"}
				}
				{bone "styazhka01"
					{Matrix34
						0.656486	0.754338	0
						0	0	1
						0.754338	-0.656486	0
						-0.811365	6.98079	0.672151
					}
					{VolumeView "styazhka01.ply"}
				}
			}
			{bone "support03"
				{parameters "ID=body;"}
				{Position 0.110684	-0.00876829	17.051}
				{VolumeView "support03.ply"}
			}
			{bone "sector"
				{parameters "ID=body;"}
				{Position 2.40004	0.846902	-0.834071}
				{VolumeView "sector.ply"}
			}
			{bone revolute "turret"
				{parameters "ID=body;"}
				{Position -0.401712	-0.00876774	25.847}
				{VolumeView "turret.ply"}
				{bone revolute "gun_rot"
					{parameters "ID=body;"}
					{limits -5 50}
					{Matrix34
						1	0	0
						0	0	1
						0	-1	0
						0.0332964	0.85567	0.5439
					}
					{VolumeView "gun_rot.ply"}
					{bone "mgun1"
						{parameters "ID=mgun;"}
						{Position -9.77181	-0.88229	0.855682}
						{VolumeView "mg07_31.ply"}
						{bone "fx_shell"
							{Matrix34
								0.233534	-0.294654	-0.926629
								-0.972349	-0.0707679	-0.222554
								0	0.95298	-0.303033
								8.63783	0.133791	0.00622134
							}
						}
						{bone "visor"
							{Position 20.5216	3.7647	0.000234939}
						}
						{bone "shooter00"
							{Matrix34
								1	0	0
								0	0	-1
								0	1	0
								25.0269	1.84499	0.00103782
							}
						}
						{bone "foresight4"
							{Matrix34
								1	0	0
								0	0	-1
								0	1	0
								24.0973	1.84499	0.00103782
							}
						}
						{bone "ammo1"
							{parameters "CommonMesh;"}
							{Matrix34
								0.000213562	-0.0199937	0.9998
								0.00989774	-0.999751	-0.0199948
								0.999951	0.00989977	-1.56215e-005
								7.81825	1.31479	-1.22492
							}
							{VolumeView "ammo1.ply"}
							{bone "ammo2"
								{parameters "CommonMesh;"}
								{Matrix34
									0.598211	0.801339	0
									-0.801339	0.598211	0
									0	0	1
									2.11464	1.92755	0.0372972
								}
								{VolumeView "ammo2.ply"}
								{bone "ammo3"
									{parameters "CommonMesh;"}
									{Matrix34
										0.874235	0.485503	0
										-0.485504	0.874235	0
										0	0	1
										3.78832	-0.0215464	-0.0622163
									}
									{VolumeView "ammo3.ply"}
									{bone "ammo4"
										{parameters "CommonMesh;"}
										{Position 3.7275	0.0300446	-0.0548944}
										{VolumeView "ammo4.ply"}
									}
								}
							}
						}
						{bone "pricel"
							{parameters "ID=pricel;"}
							{Matrix34
								1	0	0
								0	0	-1
								0	1	0
								16.1815	2.31912	-0.0098892
							}
							{VolumeView "pricel.ply"}
						}
					}
				}
				{bone "commander"
					{Matrix34
						0.661672	0.749793	0
						-0.749793	0.661672	0
						0	0	1
						-14.2141	-14.7487	-26.3209
					}
				}
				{bone "gunner"
					{Position -12.8239	-0.00337522	-26.3209}
				}
			}
		}
		{bone "emit1"
			{Position -17.7354	-7.45146	-0.000117389}
		}
		{bone "emit2"
			{Position -22.2519	-3.39717	-0.000281055}
		}
		{bone "driver1"
			{Position -2.08511	5.20278	0}
		}
		{bone "driver2"
			{Position -2.21907	-5.02826	0}
		}
	}
}
{Volume "body1"
	{Cylinder 0.512146 7.87402}
	{Bone "support01"}
	{Matrix34
		-0.00917399	-0.297463	-0.954689
		0.999525	-0.0308262	0
		-0.0294295	-0.954235	0.297604
		-0.184328	3.85798	-1.01288
	}
}
{Volume "body2"
	{Cylinder 0.517319 7.87402}
	{Bone "support02"}
	{Matrix34
		0.013377	0.308589	0.951102
		0.999062	-0.0433076	0
		-0.0411899	-0.950209	0.308879
		-0.109686	4.46998	-1.17697
	}
}
{Volume "body"
	{Cylinder 0.769019 25.1968}
	{Bone "body"}
	{Matrix34
		0	-1	0
		0.999881	0	0.015396
		-0.015396	0	0.999881
		0.172107	-0.00260363	12.7306
	}
}
{Volume "mgun"
	{Box 2.34078 2.28465 21.1014}
	{Bone "mgun1"}
	{Matrix34
		0	0	-1
		0	1	0
		1	0	0
		10.3684	2.31137	-0.0112772
	}
}
