;Exported by: vlss
;Date:        Sat May 07 11:20:05 2016
;File:        pz8.obj
{Skeleton
	{bone "basis"
		{Orientation
			1	0	0
			0	-1	0
			0	0	1
		}
		{bone "body"
			{parameters "ID=body;"}
			{animation
				{sequence "break" {file "body_r.anm"}}
			}
			{Matrix34
				0.999844	-0.00194233	0.017586
				0.00199963	0.999993	-0.00324103
				-0.0175795	0.00327569	0.99984
				-9.10246	-0.179413	12.3316
			}
			{VolumeView "body.ply"}
			{bone revolute "turret"
				{parameters "ID=turret;"}
				{animation
					{sequence "break" {file "turret_r.anm"}}
				}
				{speed 0.01}
				{Matrix34
					0.989815	-0.141356	-0.0168849
					0.141861	0.989307	0.0338586
					0.0119182	-0.0359091	0.999284
					-15.9713	0.104523	28.9989
				}
				{VolumeView "turret.ply"}
				{bone revolute "gun_rot"
					{parameters "ID=mantlet;"}
					{animation
						{sequence "break" {file "Gun_rot_r.anm"}}
					}
					{limits -5 15}
					{speed 0.01}
					{Matrix34
						0.98698	0.0246915	-0.158935
						-0.160101	0.0560826	-0.985506
						-0.0154201	0.998121	0.0593056
						30.8789	-0.836772	12.6368
					}
					{VolumeView "gun_rot.ply"}
					{bone "gun"
						{parameters "ID=gun;"}
						{animation
							{sequence "break" {file "gun_r.anm"} {speed 0.9}}
						}
						{Matrix34
							1	0	0
							0	0	1
							0	-1	0
							36.656	19.0781	-0.216341
						}
						{VolumeView "gun.ply"}
					}
					{bone "mantlet"
						{Matrix34
							1	0	0
							0	0	1
							0	-1	0
							15.3738	-1.3325	0.184775
						}
					}
					{bone "gun2"
						{parameters "ID=gun2;"}
						{Matrix34
							0.999999	0.00112486	0
							0	0	1
							0.00112484	-0.999999	0
							30.0269	0.619431	-7.42989
						}
						{VolumeView "gun2.ply"}
					}
				}
			}
		}
		{bone "wheelsr"
			{parameters "ID=trackright;"}
			{Position -1.25993	-22.7931	10.0285}
			{VolumeView "wheelsr.ply"}
			{bone "trackr"
				{parameters "ID=trackright;"}
				{Position 0.434506	0.202364	3.65019}
				{VolumeView "trackr.ply"}
			}
		}
		{bone "wheelsl"
			{parameters "ID=trackleft;"}
			{Position -1.26708	23.1833	10.0285}
			{VolumeView "wheelsl.ply"}
			{bone "trackl"
				{parameters "ID=trackleft;"}
				{Position 0.434612	-0.20027	3.65019}
				{VolumeView "trackl.ply"}
			}
		}
	}
}
{Volume "body"
	{Polyhedron "body.vol"}
	{Bone "body"}
	{Position 11.6605	-0.0259241	13.8558}
}
{Volume "crew"
	{Polyhedron "crew.vol"}
	{Bone "body"}
	{Matrix34
		0.999999	0	0.00112486
		0	1	0
		-0.00112486	0	0.999999
		7.15616	-0.188213	-1.26091
	}
}
{Volume "gun2"
	{Polyhedron "gun2.vol"}
	{Bone "gun2"}
	{Position 0	0.71006	0}
}
{Volume "gun"
	{Polyhedron "gun.vol"}
	{Bone "gun"}
	{Position 1.75732	0.924721	0.496754}
}
{Volume "inventory"
	{Polyhedron "inventory.vol"}
	{Bone "body"}
	{Matrix34
		0.999999	0	0.00112486
		0	1	0
		-0.00112486	0	0.999999
		-6.45142	-0.188219	-1.27622
	}
}
{Volume "trackleft"
	{Polyhedron "trackleft.vol"}
	{Bone "wheelsl"}
	{Position 3.27813	2.78193	-0.0188093}
}
{Volume "trackright"
	{Polyhedron "trackright.vol"}
	{Bone "wheelsr"}
	{Position 3.25539	-3.02601	-0.0187531}
}
{Volume "turret"
	{Polyhedron "turret.vol"}
	{Bone "turret"}
	{Matrix34
		0.999999	0	-0.00112486
		0	1	0
		0.00112486	0	0.999999
		-1.00971	0.39166	13.0925
	}
}
