;Exported by: Normand
;Date:        Sat Aug 14 10:38:46 2021
;File:        C:\Users\Normand\57_m1_xx.max
{Skeleton
	{bone revolute "basis"
		{speed 0.002}
		{Orientation
			1	0	0
			0	-1	0
			0	0	1
		}
		{bone "body"
			{parameters "ID=body;"}
			{Matrix34
				0.997972	0	-0.0636565
				-0.00824489	0.991577	-0.129259
				0.0631203	0.129521	0.989566
				0.792673	0.410335	8.39928
			}
			{VolumeView "body.ply"}
			{bone revolute "turret"
				{parameters "ID=turret;"}
				{Matrix34
					0.997833	-0.00348718	-0.0656981
					0	0.998594	-0.0530051
					0.0657906	0.0528903	0.996431
					-3.30287	-0.314917	0.112903
				}
				{VolumeView "turret.ply"}
				{bone revolute "gun_rot"
					{parameters "ID=gun;"}
					{Matrix34
						0.99924	0.0389053	-0.00237632
						0	0.0609651	0.99814
						0.0389778	-0.997381	0.0609188
						-0.780268	-0.149579	9.12123
					}
					{VolumeView "gun_rot.ply"}
					{bone "gun"
						{parameters "ID=gun;"}
						{Matrix34
							1	0	0
							0	0	-1
							0	1	0
							-7.85198	1.2197	-0.151176
						}
						{VolumeView "gun.ply"}
						{bone "lock"
							{Position -7.30296	-0.0440223	-1.51314}
							{VolumeView "lock.ply"}
						}
					}
				}
			}
			{bone "part1"
				{Position -1.16814	1.24525	1.61066}
				{VolumeView "standl.ply"}
			}
			{bone "part2"
				{Matrix34
					0.989001	-0.0191571	0.146662
					0.0191571	0.999816	0.0014126
					-0.146662	0.00141257	0.989186
					-1.17888	-2.05227	1.61066
				}
				{VolumeView "standr.ply"}
			}
			{bone "part3"
				{Matrix34
					0.0895227	0	-0.995985
					0	1	0
					0.995985	0	0.0895227
					1.94903	0	-1.31291
				}
				{VolumeView "shield.ply"}
			}
		}
		{bone "pivot_front"
			{Position 0.0169525	-0.0612508	8.43435}
			{bone revolute "wheell"
				{parameters "ID=wheelleft;"}
				{Matrix34
					-1	0	0
					0	0	1
					0	1	0
					-0.0147988	15.185	0.00395298
				}
				{VolumeView "wheelleft.ply"}
			}
			{bone revolute "wheelr"
				{parameters "ID=wheelright;"}
				{Matrix34
					-1	0	0
					0	0	1
					0	1	0
					-0.026157	-15.5922	0.00395298
				}
				{VolumeView "wheelright.ply"}
			}
		}
	}
}
{Volume "body"
	{Box 2.92328 24.9991 3.5281}
	{Bone "body"}
	{Position -0.682452	-0.396215	0.426533}
}
{Volume "gun2"
	{Cylinder 2 28.5}
	{Bone "gun"}
	{Matrix34
		0	-1	0
		0	0	1
		-1	0	0
		11.38	-0.0682301	-3.4973
	}
}
{Volume "gun3"
	{Box 4.73999 5.37524 5.25}
	{Bone "gun"}
	{Position -5.64644	-0.149919	-0.567735}
}
{Volume "gun"
	{Cylinder 1.5 50.5}
	{Bone "gun"}
	{Matrix34
		0	-1	0
		0	0	1
		-1	0	0
		21.9459	-0.136914	-0.167792
	}
}
{Volume "shield2"
	{Box 0.5 25 4}
	{Bone "body"}
	{Position 1.58299	-0.252007	0.658587}
}
{Volume "shield3"
	{Box 3.59008 5.83387 0.5}
	{Bone "body"}
	{Matrix34
		0	-1	0
		0	0	1
		-1	0	0
		1.57217	10.3004	5.61639
	}
}
{Volume "shield4"
	{Box 3.59008 5.83387 0.5}
	{Bone "body"}
	{Matrix34
		0	-1	0
		0	0	1
		-1	0	0
		1.57217	-10.9257	5.61639
	}
}
{Volume "shield5"
	{Polyhedron "shield5.vol"}
	{Bone "body"}
	{Matrix34
		0	-1	0
		0	0	1
		-1	0	0
		1.82217	-13.1374	11.4532
	}
}
{Volume "part3"
	{Box 25 3.59998 0.5}
	{Bone "part3"}
	{Matrix34
		0	-1	0
		-0.995985	0	0.0895227
		-0.0895227	0	-0.995985
		1.42169	-0.265296	-0.495438
	}
}
{Volume "part1"
	{Polyhedron "standl.vol"}
	{Bone "part1"}
	{Matrix34
		0.861104	-0.495038	0.115921
		0.498236	0.86704	0.00158741
		-0.101294	0.0563892	0.993257
		-22.8469	13.376	-4.24289
	}
}
{Volume "part2"
	{Polyhedron "standr.vol"}
	{Bone "part2"}
	{Matrix34
		0.863385	0.491047	0.115932
		-0.49438	0.869246	0
		-0.100773	-0.0573145	0.993257
		-22.8078	-13.4147	-4.24289
	}
}
{Volume "turret"
	{Polyhedron "turret_shield.vol"}
	{Bone "turret"}
	{Position -4.16958	0.0481818	2.09841}
}
{Volume "wheelleft"
	{Cylinder 7.75944 4.25}
	{Bone "wheell"}
	{Matrix34
		-1	0	0
		0	1	0
		0	0	-1
		-0.0210519	-0.0808222	-0.206919
	}
}
{Volume "wheelright"
	{Cylinder 7.75944 4.25}
	{Bone "wheelr"}
	{Matrix34
		-1	0	0
		0	1	0
		0	0	-1
		-0.0317677	-0.0808227	0.186548
	}
}
