;Exported by: Shinelon
;Date:        Wed Mar 04 15:35:33 2020
;File:        E:\SteamLibrary\steamapps\common\Men of War Assault Squad 2\mods\max\Lorraine39_xx.max
{Skeleton
	{bone revolute "basis"
		{Orientation
			1	0	0
			0	-1	0
			0	0	1
		}
		{bone "emit2"
			{Matrix34
				1	0	0
				0	1	0
				0	0	1
				-67.0084	0	2.41562e-005
			}
		}
		{bone "emit1"
			{Matrix34
				-1	0	0
				0	-1	0
				0	0	1
				53.8149	0	-1.55793e-005
			}
		}
		{bone "body"
			{parameters "ID=body;"}
			{Position -2.1275	0.406317	16}
			{VolumeView "body.ply"}
			{bone "shieldr1"
				{parameters "ID=shieldR1;"}
				{Matrix34
					0.999848	0	-0.0174524
					0	1	0
					0.0174524	0	0.999848
					-44.5927	-8.04785	5.58743
				}
				{VolumeView "shieldr1.ply"}
			}
			{bone "shieldl1"
				{parameters "ID=shieldL1;"}
				{Matrix34
					0.999848	0	-0.0174524
					0	1	0
					0.0174524	0	0.999848
					-44.5927	7.23997	5.58734
				}
				{VolumeView "shieldl1.ply"}
			}
			{bone "shieldr2"
				{parameters "ID=shieldR2;"}
				{Matrix34
					0.999848	0	-0.0174524
					0	1	0
					0.0174524	0	0.999848
					31.7809	-0.406334	-0.757243
				}
				{VolumeView "shieldr2.ply"}
			}
			{bone "shieldl2"
				{parameters "ID=shieldL2;"}
				{Matrix34
					0.999848	0	-0.0174524
					0	1	0
					0.0174524	0	0.999848
					21.0936	-0.40634	10.4921
				}
				{VolumeView "shieldl2.ply"}
			}
			{bone "seat04"
				{Matrix34
					0.6099	-0.719846	0.331426
					0.765928	0.642787	-0.0133693
					-0.203413	0.262003	0.943386
					-11.2199	4.61851	-4.0582
				}
			}
			{bone "seat03"
				{Matrix34
					0.6099	0.719846	0.331426
					-0.765928	0.642788	0.0133694
					-0.203413	-0.262003	0.943386
					-11.2966	-3.14491	-4.05686
				}
			}
			{bone "seat05"
				{Matrix34
					0.6099	0.719846	0.331426
					-0.765928	0.642788	0.0133694
					-0.203413	-0.262003	0.943386
					-21.1471	-3.14491	-3.88492
				}
			}
			{bone "seat06"
				{Matrix34
					0.6099	-0.719846	0.331426
					0.765928	0.642787	-0.0133693
					-0.203413	0.262003	0.943386
					-21.0703	4.61851	-3.88626
				}
			}
			{bone "seat08"
				{Matrix34
					0.6099	-0.719846	0.331426
					0.765928	0.642787	-0.0133693
					-0.203413	0.262003	0.943386
					-31.3156	4.61851	-3.70742
				}
			}
			{bone "seat07"
				{Matrix34
					0.6099	0.719846	0.331426
					-0.765928	0.642788	0.0133694
					-0.203413	-0.262003	0.943386
					-31.3923	-3.14491	-3.70609
				}
			}
			{bone "seat01"
				{Matrix34
					0.999848	0	-0.0174524
					0	1	0
					0.0174524	0	0.999848
					-5.83182	-6.08026	-0.535429
				}
			}
			{bone "seat02"
				{Matrix34
					0.999848	0	-0.0174524
					0	1	0
					0.0174524	0	0.999848
					-5.83784	9.05069	-0.535325
				}
			}
		}
		{bone "wheelsl"
			{parameters "ID=trackleft;"}
			{Position -0.315884	11.514	9.84779}
			{VolumeView "wheelsl.ply"}
			{bone revolute "wheell6"
				{parameters "ID=trackleft;"}
				{Matrix34
					-1	0	0
					0	0	1
					0	1	0
					-27.6167	2.03556	-4.50519
				}
				{VolumeView "wheell6.ply"}
			}
			{bone revolute "wheell5"
				{parameters "ID=trackleft;"}
				{Matrix34
					-1	0	0
					0	0	1
					0	1	0
					-15.8718	2.03557	-4.50519
				}
				{VolumeView "wheell5.ply"}
			}
			{bone revolute "wheell4"
				{parameters "ID=trackleft;"}
				{Matrix34
					-1	0	0
					0	0	1
					0	1	0
					-5.26201	2.03556	-4.50518
				}
				{VolumeView "wheell4.ply"}
			}
			{bone revolute "wheell3"
				{parameters "ID=trackleft;"}
				{Matrix34
					-1	0	0
					0	0	1
					0	1	0
					6.48291	2.03556	-4.50518
				}
				{VolumeView "wheell3.ply"}
			}
			{bone revolute "wheell2"
				{parameters "ID=trackleft;"}
				{Matrix34
					-1	0	0
					0	0	1
					0	1	0
					17.0927	2.03556	-4.50518
				}
				{VolumeView "wheell2.ply"}
			}
			{bone revolute "wheell1"
				{parameters "ID=trackleft;"}
				{Matrix34
					-1	0	0
					0	0	1
					0	1	0
					28.8376	2.03556	-4.50518
				}
				{VolumeView "wheell1.ply"}
			}
			{bone "trackl"
				{parameters "ID=trackleft;"}
				{Position 0.473385	2.33948	-1.20029}
				{VolumeView "trackl.ply"}
			}
		}
		{bone "wheelsr"
			{parameters "ID=trackright;"}
			{Position -0.315879	-11.7358	9.84776}
			{VolumeView "wheelsr.ply"}
			{bone revolute "wheelr5"
				{parameters "ID=trackright;"}
				{Matrix34
					-1	0	0
					0	0	1
					0	1	0
					-15.8718	-2.03556	-4.50519
				}
				{VolumeView "wheelr5.ply"}
			}
			{bone revolute "wheelr4"
				{parameters "ID=trackright;"}
				{Matrix34
					-1	0	0
					0	0	1
					0	1	0
					-5.26201	-2.03556	-4.50518
				}
				{VolumeView "wheelr4.ply"}
			}
			{bone revolute "wheelr3"
				{parameters "ID=trackright;"}
				{Matrix34
					-1	0	0
					0	0	1
					0	1	0
					6.4829	-2.03556	-4.50518
				}
				{VolumeView "wheelr3.ply"}
			}
			{bone revolute "wheelr2"
				{parameters "ID=trackright;"}
				{Matrix34
					-1	0	0
					0	0	1
					0	1	0
					17.0927	-2.03556	-4.50518
				}
				{VolumeView "wheelr2.ply"}
			}
			{bone revolute "wheelr1"
				{parameters "ID=trackright;"}
				{Matrix34
					-1	0	0
					0	0	1
					0	1	0
					28.8376	-2.03555	-4.50517
				}
				{VolumeView "wheelr1.ply"}
			}
			{bone revolute "wheelr6"
				{parameters "ID=trackright;"}
				{Matrix34
					-1	0	0
					0	0	1
					0	1	0
					-27.6167	-2.03556	-4.50519
				}
				{VolumeView "wheelr6.ply"}
			}
			{bone "trackr"
				{parameters "ID=trackright;"}
				{Position 0.47338	-2.3397	-1.20026}
				{VolumeView "trackr.ply"}
			}
		}
	}
}
{Volume "body1"
	{Polyhedron "body1.vol"}
	{Bone "body"}
	{Matrix34
		0	1	0
		-0.999848	0	0.0174524
		0.0174524	0	0.999848
		2.25102	-0.406326	-5.22815
	}
}
{Volume "body2"
	{Polyhedron "body2.vol"}
	{Bone "body"}
	{Matrix34
		0.999848	0	-0.0174524
		0	1	0
		0.0174524	0	0.999848
		-21.3184	-16.9947	5.14803
	}
}
{Volume "body3"
	{Polyhedron "body3.vol"}
	{Bone "body"}
	{Matrix34
		0.999848	0	-0.0174524
		0	1	0
		0.0174524	0	0.999848
		-21.3184	16.1821	5.14803
	}
}
{Volume "body5"
	{Polyhedron "body5.vol"}
	{Bone "body"}
	{Matrix34
		0.999848	0	-0.0174524
		0	1	0
		0.0174524	0	0.999848
		-44.2981	-0.406326	5.54914
	}
}
{Volume "body6"
	{Polyhedron "body6.vol"}
	{Bone "body"}
	{Matrix34
		0.999848	0	-0.0174524
		0	1	0
		0.0174524	0	0.999848
		1.38737	-0.406326	4.75169
	}
}
{Volume "body7"
	{Polyhedron "body7.vol"}
	{Bone "body"}
	{Matrix34
		0.999848	0	-0.0174524
		0	1	0
		0.0174524	0	0.999848
		-21.4274	-0.406324	-1.09699
	}
}
{Volume "shieldl1"
	{Polyhedron "shieldl1.vol"}
	{Bone "shieldl1"}
	{Position 0.141624	-3.76419	0}
}
{Volume "shieldl2"
	{Polyhedron "shieldl2.vol"}
	{Bone "shieldl2"}
	{Position 2.23923	0	-2.18004}
}
{Volume "shieldr1"
	{Polyhedron "shieldr1.vol"}
	{Bone "shieldr1"}
	{Position 0.140362	3.76377	0}
}
{Volume "shieldr2"
	{Polyhedron "shieldr2.vol"}
	{Bone "shieldr2"}
	{Position -3.18764	0	3.36408}
}
{Volume "trackleft"
	{Polyhedron "trackleft.vol"}
	{Bone "trackl"}
	{Position -1.45137e-005	3.14713e-005	0}
}
{Volume "trackright"
	{Polyhedron "trackright.vol"}
	{Bone "trackr"}
	{Position -1.36346e-005	-4.3869e-005	-1.81198e-005}
}
