;Exported by:	 guita
;Date:			 11.06.2022 12:53:47
;File:			 D:\Git\3D_Scenes\GoH_3D_vehicles_rus\vehicles\tank_medium\t-34-41\T-34-41_xx.max
{skeleton
	{bone "basis"
		{orientation
			1 	 0 	 0
			0 	 -1 	 0
			0 	 0 	 1
		}
		{bone "wheelsl"
			{parameters "wheelsl;id=trackleft;"}
			{Position 3.5662 	 20.0367 	 9.4937}
			{LODView
				{VolumeView "wheelsl.ply"}
				{VolumeView "wheelsl_lod1.ply"}
			}
			{bone prizmatic "suspension_l1"
				{parameters "ikspeed2=2;"}
				{limits -0.19 0.12}
				{Position 31.9443 	 4.1728 	 -0.5085}
				{bone revolute "wheell2"
					{parameters "id=trackleft;radius=0.49;"}
					{matrix34
						1 	 0 	 0
						0 	 0 	 -1
						0 	 1 	 0
						0 	 0.2091 	 0
					}
					{LODView
						{VolumeView "wheell2.ply"}
						{VolumeView "wheell2_lod1.ply"}
					}
				}
			}
			{bone prizmatic "suspension_l2"
				{parameters "ikspeed2=2;"}
				{limits -0.19 0.16}
				{Position 13.5591 	 4.1728 	 -0.5086}
				{bone revolute "wheell3"
					{parameters "id=trackleft;radius=0.49;"}
					{matrix34
						1 	 0 	 0
						0 	 0 	 -1
						0 	 1 	 0
						0 	 0.2091 	 0
					}
					{LODView
						{VolumeView "wheell3.ply"}
						{VolumeView "wheell3_lod1.ply"}
					}
				}
			}
			{bone prizmatic "suspension_l3"
				{parameters "ikspeed2=2;"}
				{limits -0.19 0.17}
				{Position -6.7928 	 4.1728 	 -0.5086}
				{bone revolute "wheell4"
					{parameters "id=trackleft;radius=0.49;"}
					{matrix34
						-0.5 	 0 	 0.866
						0.866 	 0 	 0.5
						0 	 1 	 0
						0 	 0.2091 	 0
					}
					{LODView
						{VolumeView "wheell2.ply"}
						{VolumeView "wheell2_lod1.ply"}
					}
				}
			}
			{bone prizmatic "suspension_l4"
				{parameters "ikspeed2=2;"}
				{limits -0.19 0.17}
				{Position -24.1069 	 4.1728 	 -0.5086}
				{bone revolute "part8"
					{parameters "id=trackleft;radius=0.49;"}
					{matrix34
						0.866 	 0 	 -0.5
						-0.5 	 0 	 -0.866
						0 	 1 	 0
						0 	 0.2091 	 0
					}
					{LODView
						{VolumeView "part8.ply"}
						{VolumeView "part8_lod1.ply"}
					}
				}
			}
			{bone prizmatic "suspension_l5"
				{parameters "ikspeed2=2;"}
				{limits -0.19 0.17}
				{Position -40.961 	 4.1728 	 -0.5085}
				{bone revolute "part2"
					{parameters "id=trackleft;radius=0.49;"}
					{matrix34
						0.5 	 0 	 0.866
						0.866 	 0 	 -0.5
						0 	 1 	 0
						0 	 0.2092 	 0
					}
					{LODView
						{VolumeView "wheell2.ply"}
						{VolumeView "wheell2_lod1.ply"}
					}
				}
			}
		}
		{bone "wheelsr"
			{parameters "wheelsr;id=trackright;"}
			{Position 3.5662 	 -20.0631 	 9.4937}
			{LODView
				{VolumeView "wheelsr.ply"}
				{VolumeView "wheelsr_lod1.ply"}
			}
			{bone prizmatic "suspension_r4"
				{parameters "ikspeed2=2;"}
				{limits -0.19 0.13}
				{Position -24.1069 	 -4.2118 	 -0.5086}
				{bone revolute "wheelr5"
					{parameters "id=trackright;radius=0.49;"}
					{matrix34
						0 	 0 	 1
						1 	 0 	 0
						0 	 1 	 0
						0 	 -0.1706 	 0
					}
					{LODView
						{VolumeView "wheelr5.ply"}
						{VolumeView "wheelr5_lod1.ply"}
					}
				}
			}
			{bone prizmatic "suspension_r3"
				{parameters "ikspeed2=2;"}
				{limits -0.19 0.13}
				{Position -6.7928 	 -4.2118 	 -0.5086}
				{bone revolute "wheelr4"
					{parameters "id=trackright;radius=0.49;"}
					{matrix34
						-0.5 	 0 	 -0.866
						-0.866 	 0 	 0.5
						0 	 1 	 0
						0 	 -0.1706 	 0
					}
					{LODView
						{VolumeView "wheelr4.ply"}
						{VolumeView "wheelr4_lod1.ply"}
					}
				}
			}
			{bone prizmatic "suspension_r1"
				{parameters "ikspeed2=2;"}
				{limits -0.19 0}
				{Position 31.9443 	 -4.2118 	 -0.5086}
				{bone revolute "wheelr2"
					{parameters "id=trackright;radius=0.49;"}
					{matrix34
						1 	 0 	 0
						0 	 0 	 -1
						0 	 1 	 0
						0 	 -0.1706 	 0
					}
					{LODView
						{VolumeView "wheelr4.ply"}
						{VolumeView "wheelr4_lod1.ply"}
					}
				}
			}
			{bone prizmatic "suspension_r5"
				{parameters "ikspeed2=2;"}
				{limits -0.19 0.16}
				{Position -40.9609 	 -4.2118 	 -0.5086}
				{bone revolute "wheelr6"
					{parameters "id=trackright;radius=0.49;"}
					{matrix34
						0.5 	 0 	 0.866
						0.866 	 0 	 -0.5
						0 	 1 	 0
						0 	 -0.1706 	 0
					}
					{LODView
						{VolumeView "wheelr4.ply"}
						{VolumeView "wheelr4_lod1.ply"}
					}
				}
			}
			{bone prizmatic "suspension_r2"
				{parameters "ikspeed2=2;"}
				{limits -0.19 0.08}
				{Position 13.5591 	 -4.2118 	 -0.5086}
				{bone revolute "part7"
					{parameters "id=trackright;radius=0.49;"}
					{matrix34
						1 	 0 	 0
						0 	 0 	 -1
						0 	 1 	 0
						0 	 -0.1706 	 0
					}
					{LODView
						{VolumeView "wheelr5.ply"}
						{VolumeView "wheelr5_lod1.ply"}
					}
				}
			}
		}
		{bone "body"
			{parameters "id=body;"}
			{matrix34
				0.9986 	 0.0024 	 -0.0523
				-0.0006 	 0.9994 	 0.0349
				0.0523 	 -0.0348 	 0.998
				-1.6851 	 -0.0134 	 19.1755
			}
			{LODView
				{VolumeView "body.ply"}
				{VolumeView "body_lod1.ply"}
			}
            {Bone revolute "roller_joint"
                {Limits -45 30}
                {Matrix34
                    1	0	-0.1
                    0	0	1.1
                    0	-1	0
                    53.5501	0	-10
                }
                {VolumeView "roller_joint.ply"}
                {Bone "roller"
                    {Parameters "Radius=0.5;"}
                    {Matrix34
                        -0.999667	-0.0255255	0.00373586
                        -0.00374329	0.000243543	-0.999993
                        0.0255244	-0.999674	-0.000339084
                        49.9871	3.28649	-0.68605
                    }
                    {Bone revolute "wheelroller"
                        {Matrix34
                            1.05	0	0.05
                            0	-0	1
                            0	1	0
                            -0.0503013	0.775368	0.106659
                        }
                        {VolumeView "wheelroller.ply"}
                    }
                }
            }
			{bone "cover_driver"
				{matrix34
					-0.6157 	 0 	 -0.788
					0 	 -1 	 0
					-0.788 	 0 	 0.6157
					35.2745 	 3.9935 	 8.5118
				}
				{LODView
					{VolumeView "cover_driver.ply"}
					{VolumeView "cover_driver_lod1.ply"}
				}
			}
			{bone revolute "turret"
				{parameters "id=turret;"}
				{speed 0.01}
				{matrix34
					0.9828 	 0.1831 	 -0.0254
					-0.1792 	 0.9776 	 0.1107
					0.0451 	 -0.1042 	 0.9935
					9.2384 	 0.1484 	 13.9041
				}
				{LODView
					{VolumeView "turret.ply"}
					{VolumeView "turret_lod1.ply"}
				}
				{bone "part5"
					{matrix34
						-0.4384 	 0 	 0.8988
						0 	 -1 	 0
						0.8988 	 0 	 0.4384
						0.9628 	 -0.0015 	 10.7143
					}
					{LODView
						{VolumeView "part5.ply"}
						{VolumeView "part5_lod1.ply"}
					}
				}
				{bone revolute "gun_rot"
					{parameters "id=gun;"}
					{limits -5 22}
					{speed 0.015}
					{matrix34
						0.9903 	 -0.0016 	 -0.1392
						0.1392 	 0 	 0.9903
						-0.0016 	 -1 	 0.0002
						12.8576 	 -0.3733 	 3.9048
					}
					{LODView
						{VolumeView "gun_rot.ply"}
						{VolumeView "gun_rot_lod1.ply"}
					}
					{bone "gun"
						{parameters "id=gun;"}
						{matrix34
							1 	 0 	 0
							0 	 1 	 0
							0 	 0 	 1
							28.8788 	 1.6522 	 0.0031
						}
						{LODView
							{VolumeView "gun.ply"}
							{VolumeView "gun_lod1.ply"}
						}
					}
				}
			}
			{bone revolute "mgun_rot"
				{limits -30 30}
				{speed 0.015}
				{matrix34
					0.9901 	 0.0382 	 -0.1352
					-0.0069 	 0.9744 	 0.2246
					0.1403 	 -0.2215 	 0.965
					41.3531 	 -11.0148 	 5.1264
				}
				{bone revolute "mgun"
					{limits -11 20}
					{speed 0.015}
					{matrix34
						0.1315 	 0.9909 	 0.0282
						-0.0377 	 -0.0234 	 0.999
						0.9906 	 -0.1324 	 0.0343
						-0.0045 	 -0.0093 	 -0.1968
					}
					{LODView
						{VolumeView "mgun.ply"}
						{VolumeView "mgun_lod1.ply"}
					}
				}
			}
			{bone "part4"
				{matrix34
					-0.9792 	 -0.0654 	 0.1921
					0.0181 	 -0.971 	 -0.2384
					0.2022 	 -0.23 	 0.952
					-9.631 	 24.7301 	 7.6099
				}
				{LODView
					{VolumeView "part4.ply"}
					{VolumeView "part4_lod1.ply"}
				}
			}
			{bone revolute "part1"
				{parameters "id=trackleft;radius=0.25;"}
				{matrix34
					0.9966 	 -0.0816 	 -0.0121
					-0.0045 	 0.0918 	 -0.9958
					0.0824 	 0.9924 	 0.0911
					50.9955 	 24.4574 	 -6.6292
				}
				{LODView
					{VolumeView "part1.ply"}
					{VolumeView "part1_lod1.ply"}
				}
			}
			{bone revolute "part3"
				{parameters "id=trackleft;radius=0.31;"}
				{matrix34
					1 	 -0.0055 	 0.0002
					-0.0003 	 -0.1044 	 -0.9945
					0.0055 	 0.9945 	 -0.1044
					-50.4135 	 25.1343 	 -7.8105
				}
				{LODView
					{VolumeView "part3.ply"}
					{VolumeView "part3_lod1.ply"}
				}
			}
			{bone revolute "wheelr1"
				{parameters "id=trackright;radius=0.25;"}
				{matrix34
					1 	 0 	 0
					0 	 0.1045 	 -0.9945
					0 	 0.9945 	 0.1045
					50.9969 	 -25.0157 	 -6.6487
				}
				{LODView
					{VolumeView "wheelr1.ply"}
					{VolumeView "wheelr1_lod1.ply"}
				}
			}
			{bone revolute "wheelr7"
				{parameters "id=trackright;radius=0.31;"}
				{matrix34
					1 	 0 	 0
					0 	 0 	 -1
					0 	 1 	 0
					-50.4135 	 -25.1344 	 -7.8105
				}
				{LODView
					{VolumeView "wheelr7.ply"}
					{VolumeView "wheelr7_lod1.ply"}
				}
			}
			{bone "part6"
				{parameters "id=engine;"}
				{matrix34
					-0.9659 	 0 	 0.2588
					0 	 -1 	 0
					0.2588 	 0 	 0.9659
					-28.5873 	 0 	 13.6837
				}
				{LODView
					{VolumeView "part6.ply"}
					{VolumeView "part6_lod1.ply"}
				}
			}
			{bone "engine"
				{parameters "id=engine;"}
				{Position -29.4334 	 -0.0018 	 0}
				{LODView
					{VolumeView "engine.ply"}
					{VolumeView "engine_lod1.ply"}
				}
			}
		}
	}
}
{volume "body1"
	{polyhedron "body1.vol"}
	{bone "body"}
	{Position 44.1356 	 1.4812 	 -5.1569}
}
{volume "body2"
	{polyhedron "body2.vol"}
	{bone "body"}
	{Position 44.1356 	 1.4812 	 -5.1569}
}
{volume "body3"
	{polyhedron "body3.vol"}
	{bone "body"}
	{Position 44.1356 	 1.4812 	 -5.1569}
}
{volume "body4"
	{polyhedron "body4.vol"}
	{bone "body"}
	{matrix34
		0 	 1 	 0
		-0.0175 	 0 	 0.9998
		0.9998 	 0 	 0.0175
		41.2128 	 -10.8167 	 4.9568
	}
}
{volume "body5"
	{box 10.4624 11.0299 0.77261}
	{bone "cover_driver"}
	{matrix34
		-0.866 	 0 	 -0.5
		0 	 -1 	 0
		-0.5 	 0 	 0.866
		-4.3203 	 -1.0854 	 -3.18
	}
}
{volume "engine1"
	{polyhedron "engine1.vol"}
	{bone "engine"}
	{Position 73.569 	 1.4829 	 -5.1569}
}
{volume "engine2"
	{polyhedron "engine2.vol"}
	{bone "engine"}
	{Position 73.569 	 1.4829 	 -5.1569}
}
{volume "gun2"
	{polyhedron "gun2.vol"}
	{bone "gun_rot"}
	{matrix34
		0 	 0 	 -1
		0 	 1 	 0
		1 	 0 	 0
		4.286 	 0.7725 	 0.0636
	}
}
{volume "gun"
	{cylinder 1.35846 37.3517}
	{bone "gun_rot"}
	{matrix34
		0 	 0 	 1
		0 	 1 	 0
		-1 	 0 	 0
		27.6921 	 1.5896 	 0.0404
	}
}
{volume "mantlet"
	{polyhedron "mantlet.vol"}
	{bone "gun_rot"}
	{matrix34
		-1 	 0 	 0
		0 	 1 	 0
		0 	 0 	 -1
		0.7776 	 -0.3979 	 5.6387
	}
}
{volume "part4"
	{box 24.8634 3.31081 5.86813}
	{bone "part4"}
	{matrix34
		-0.9994 	 -0.033 	 0.0122
		0.0332 	 -0.7661 	 0.6419
		-0.0118 	 0.6419 	 0.7667
		0.0095 	 -0.1659 	 0.028
	}
}
{volume "part5"
	{box 1.34735 14.6262 19.4234}
	{bone "part5"}
	{matrix34
		0.028 	 0.0449 	 -0.9986
		0.9987 	 -0.0441 	 0.026
		-0.0429 	 -0.998 	 -0.0461
		6.801 	 0.0678 	 0.0167
	}
}
{volume "part6"
	{box 2.47305 37.0319 12.6283}
	{bone "part6"}
	{matrix34
		-0.0177 	 -0.0169 	 0.9997
		-0.0041 	 -0.9998 	 -0.017
		0.9998 	 -0.0044 	 0.0177
		6.5942 	 0.0268 	 -1.5616
	}
}
{volume "trackleft1"
	{cylinder 4.98708 3.32915}
	{bone "part1"}
	{Position -0.1259 	 -0.0243 	 -0.4013}
}
{volume "trackleft2"
	{cylinder 8.22046 6.62148}
	{bone "wheell2"}
	{matrix34
		-1 	 0 	 0
		0 	 -1 	 0
		0 	 0 	 1
		-0.0024 	 -0.0033 	 -0.0803
	}
}
{volume "trackleft3"
	{cylinder 8.22046 6.62148}
	{bone "wheell3"}
	{matrix34
		-1 	 0 	 0
		0 	 -1 	 0
		0 	 0 	 1
		-0.0024 	 -0.0033 	 -0.0803
	}
}
{volume "trackleft4"
	{cylinder 8.22046 6.62148}
	{bone "wheell4"}
	{matrix34
		-1 	 0 	 0
		0 	 -1 	 0
		0 	 0 	 1
		-0.0024 	 -0.0033 	 -0.0803
	}
}
{volume "trackleft5"
	{cylinder 8.22046 6.62148}
	{bone "part8"}
	{matrix34
		-0.6806 	 0.0274 	 -0.7321
		0.5391 	 -0.6579 	 -0.5258
		-0.4961 	 -0.7526 	 0.433
		1.7807 	 2.7521 	 3.8635
	}
}
{volume "trackleft6"
	{cylinder 8.13083 7.11765}
	{bone "part2"}
	{matrix34
		0.5006 	 0.8613 	 0.0869
		-0.8599 	 0.4832 	 0.1646
		0.0998 	 -0.1572 	 0.9825
		-0.2059 	 0.2631 	 -0.3146
	}
}
{volume "trackleft7"
	{cylinder 6.31723 3.31074}
	{bone "part3"}
	{matrix34
		-0.9986 	 0.0523 	 0.0006
		-0.0523 	 -0.9986 	 0.0088
		0.0011 	 0.0087 	 1
		-0.0015 	 0.0127 	 -0.8354
	}
}
{volume "trackright1"
	{cylinder 5.05379 3.31074}
	{bone "wheelr1"}
	{matrix34
		-1 	 0 	 0
		0 	 -1 	 0
		0 	 0 	 1
		0 	 0 	 0.5643
	}
}
{volume "trackright2"
	{cylinder 8.22046 6.62148}
	{bone "wheelr2"}
	{matrix34
		-1 	 0 	 0
		0 	 -1 	 0
		0 	 0 	 1
		-0.0024 	 -0.0033 	 0.0736
	}
}
{volume "trackright3"
	{cylinder 8.13083 7.11765}
	{bone "part7"}
	{matrix34
		0.994 	 0.0043 	 -0.1092
		-0.0034 	 1 	 0.0079
		0.1092 	 -0.0075 	 0.994
		0.1359 	 0.0221 	 0.2813
	}
}
{volume "trackright4"
	{cylinder 8.22046 6.62148}
	{bone "wheelr4"}
	{matrix34
		-1 	 0 	 0
		0 	 -1 	 0
		0 	 0 	 1
		-0.0024 	 -0.0033 	 0.0736
	}
}
{volume "trackright5"
	{cylinder 8.22046 6.62148}
	{bone "wheelr5"}
	{matrix34
		-1 	 0 	 0
		0 	 -1 	 0
		0 	 0 	 1
		-0.0024 	 -0.0033 	 0.0736
	}
}
{volume "trackright6"
	{cylinder 8.22046 6.62148}
	{bone "wheelr6"}
	{matrix34
		-1 	 0 	 0
		0 	 -1 	 0
		0 	 0 	 1
		-0.0024 	 -0.0033 	 0.0736
	}
}
{volume "trackright7"
	{cylinder 6.31723 3.31074}
	{bone "wheelr7"}
	{matrix34
		-1 	 0 	 0
		0 	 -1 	 0
		0 	 0 	 1
		-0.0002 	 0 	 0.7219
	}
}
{volume "turret2"
	{polyhedron "turret2.vol"}
	{bone "turret"}
	{Position -0.1274 	 -0.0382 	 -2.4621}
}
{volume "turret"
	{polyhedron "turret.vol"}
	{bone "turret"}
	{matrix34
		-1 	 0 	 0
		0 	 0 	 1
		0 	 1 	 0
		-3.1137 	 15.8539 	 4.0744
	}
}
