;Exported by:	 guita
;Date:			 04.10.2024 18:26:08
;File:			 G:\SVN\Working Resources\GatesOfHell\GoH_3d_vehicle_ger\vehicles\tank_medium\Stug_3_f\stug3f_xx.max
{skeleton
	{bone "basis"
		{orientation
			1 	 0 	 0
			0 	 -1 	 0
			0 	 0 	 1
		}
		{bone "body"
			{parameters "id=body;"}
			{matrix34
				0.9998 	 -0.0008 	 0.0222
				0 	 0.9994 	 0.0349
				-0.0222 	 -0.0349 	 0.9991
				-0.887 	 -0.0012 	 25.4483
			}
			{VolumeView "body1_f8.ply"}
			{bone "body_f8"
				{Position 1.25	0.1	-3.15}
				{VolumeView "body_f8.ply"}
				{bone "body2_f8"
					{Position 0.00537181	0.0145187	-5.2301}
					{VolumeView "body2_f8.ply"}
				}
			}
			{bone revolute "part3"
				{parameters "id=part3;"}
				{matrix34
					1 	 0 	 0
					0 	 0 	 -1
					0 	 1 	 0
					-40.4663 	 25.0963 	 -13.3974
				}
				{VolumeView "part3.ply"}
			}
			{bone revolute "part2"
				{parameters "id=part2;"}
				{matrix34
					1 	 0 	 0
					0 	 0 	 -1
					0 	 1 	 0
					44.4647 	 -24.5713 	 -14.5949
				}
				{VolumeView "part2.ply"}
			}
			{bone "part1"
				{parameters "id=part1;"}
				{matrix34
					0.9998 	 0 	 -0.0222
					-0.0008 	 0.9994 	 -0.0349
					0.0222 	 0.0349 	 0.9991
					-37.3817 	 10.3764 	 2.644
				}
				{VolumeView "part1.ply"}
			}
		}
	}
}
{volume "body2"
	{polyhedron "body2.vol"}
	{bone "body"}
	{Position 17.8895 	 -0.0173 	 -12.2529}
}
{volume "box2"
	{polyhedron "box2.vol"}
	{bone "body"}
	{Position 2.9755 	 21.0733 	 2.1358}
}
{volume "box3"
	{polyhedron "box3.vol"}
	{bone "body"}
	{matrix34
		0.9998 	 0 	 -0.0222
		-0.0008 	 0.9994 	 -0.0349
		0.0222 	 0.0349 	 0.9991
		2.9755 	 -21.0987 	 2.1358
	}
}
{volume "body1"
	{polyhedron "body1.vol"}
	{bone "body"}
	{Position 3.5234 	 -0.0175 	 0.1566}
}
{volume "body3"
	{polyhedron "body3.vol"}
	{bone "body"}
	{Position 3.5684 	 0.0685 	 6.7139}
}
{volume "body4"
	{polyhedron "body4.vol"}
	{bone "body"}
	{Position 26.6696 	 -13.33 	 1.4285}
}
{volume "body5"
	{polyhedron "body5.vol"}
	{bone "body"}
	{Position 26.6564 	 10.964 	 1.4264}
}
{volume "box1"
	{polyhedron "box1.vol"}
	{bone "body"}
	{Position -5.1237 	 -0.0293 	 10.4535}
}
{volume "engine"
	{polyhedron "engine.vol"}
	{bone "body"}
	{Position -33.2936 	 -0.0173 	 -9.0499}
}
{volume "gun"
	{cylinder 2.04918 51.4498}
	{bone "body"}
	{matrix34
		0.1931 	 0.3665 	 0.9102
		-0.1058 	 -0.9144 	 0.3907
		0.9755 	 -0.1718 	 -0.1378
		45.7006 	 -7.0296 	 -0.8056
	}
}
{volume "mantlet1"
	{polyhedron "mantlet1.vol"}
	{bone "body"}
	{matrix34
		0.9769 	 -0.1761 	 -0.1211
		0.1545 	 0.9734 	 -0.1694
		0.1477 	 0.1468 	 0.9781
		27.1496 	 -3.4866 	 3.4796
	}
}
{volume "mantlet2"
	{box 1.00495 15.0341 16.6001}
	{bone "body"}
	{matrix34
		0.9798 	 -0.1288 	 0.1532
		-0.1273 	 0.1896 	 0.9736
		-0.1545 	 -0.9734 	 0.1694
		23.6113 	 -2.9196 	 3.6204
	}
}
{volume "part1"
	{box 8.57704 1.65135 13.0192}
	{bone "part1"}
	{matrix34
		0.8899 	 0.3982 	 0.2226
		-0.2619 	 0.0465 	 0.964
		0.3735 	 -0.9161 	 0.1457
		-3.9452 	 -1.9167 	 -1.1483
	}
}
{volume "part2"
	{cylinder 7.88222 5.70671}
	{bone "part2"}
	{matrix34
		0.9998 	 0.0222 	 0
		0.0222 	 -0.9991 	 0.0349
		0.0008 	 -0.0349 	 -0.9994
		0.1118 	 -0.1811 	 0.0039
	}
}
{volume "part3"
	{cylinder 7.88703 4.52936}
	{bone "part3"}
	{matrix34
		0.9998 	 0.0222 	 0
		0.0222 	 -0.9991 	 0.0349
		0.0008 	 -0.0349 	 -0.9994
		-0.142 	 0.1401 	 -0.3026
	}
}
{volume "trackleft1"
	{cylinder 8.97625 8.66611}
	{bone "body"}
	{matrix34
		1 	 0 	 0
		0 	 0 	 1
		0 	 -1 	 0
		44.5671 	 24.7777 	 -14.5376
	}
}
{volume "trackleft2"
	{cylinder 8.6172 8.66611}
	{bone "body"}
	{matrix34
		1 	 0 	 0
		0 	 0 	 1
		0 	 -1 	 0
		-40.5755 	 24.7777 	 -13.4928
	}
}
{volume "trackleft3"
	{box 71.9657 11.4646 8.36686}
	{bone "body"}
	{matrix34
		0.9998 	 0 	 -0.0222
		0.0222 	 0.0349 	 0.9991
		0.0008 	 -0.9994 	 0.0349
		0.4396 	 24.0042 	 -21.5626
	}
}
{volume "trackleft4"
	{box 71.9657 5.61764 8.36686}
	{bone "body"}
	{matrix34
		1 	 0 	 0
		0 	 0 	 1
		0 	 -1 	 0
		0.9182 	 24.7416 	 -7.9915
	}
}
{volume "trackright1"
	{cylinder 8.97625 8.66611}
	{bone "body"}
	{matrix34
		1 	 0 	 0
		0 	 0 	 1
		0 	 -1 	 0
		44.5671 	 -24.49 	 -14.5376
	}
}
{volume "trackright2"
	{cylinder 8.6172 8.66611}
	{bone "body"}
	{matrix34
		1 	 0 	 0
		0 	 0 	 1
		0 	 -1 	 0
		-40.5755 	 -24.49 	 -13.4928
	}
}
{volume "trackright3"
	{box 71.9657 11.4646 8.36686}
	{bone "body"}
	{matrix34
		0.9998 	 0 	 -0.0222
		0.0222 	 0.0349 	 0.9991
		0.0008 	 -0.9994 	 0.0349
		0.4777 	 -25.2332 	 -19.8436
	}
}
{volume "trackright4"
	{box 71.9657 5.61764 8.36686}
	{bone "body"}
	{matrix34
		1 	 0 	 0
		0 	 0 	 1
		0 	 -1 	 0
		0.9182 	 -24.526 	 -7.9915
	}
}
