;Exported by: trax
;Date:        Wed Apr 30 21:15:38 2014
;File:        C:\Users\trax\Documents\3dsmax\scenes\Caproni CA.101-3m\ca101.max
{Skeleton
	{animation
		{sequence "engine_start" {speed 0.95}}
		{sequence "engine_stop" {speed 0.95}}
		{sequence "engine_work" {speed 0.18}}
		{sequence "open" {speed 0.22} {resume}}
	}
	{bone "basis"
		{parameters "SteerMax=45;"}
		{Orientation
			1	0	0
			0	-1	0
			0	0	1
		}
		{bone "body"
			{parameters "ID=body;"}
			{Position 61.0548	1.74909e-005	20.1358}
			{VolumeView "body.ply"}
			{bone "wingl1"
				{parameters "ID=wingLeft;"}
				{Position -1.71172	43.0721	15.4968}
				{VolumeView "wingl1.ply"}
				{bone "wingl2"
					{parameters "ID=wingl2;"}
					{Position 4.26867	4.67366	-18.9806}
					{VolumeView "wingl2.ply"}
					{bone "engine1_1"
						{parameters "ID=engine1_1;"}
						{Position 25.5399	-0.470402	5.68561}
						{VolumeView "engine1_1.ply"}
						{bone "engine1_3"
							{parameters "ID=engine1_3;"}
							{Matrix34
								1	0	0
								0	1	0
								0	0	1
								5.29128	0	0
							}
							{VolumeView "engine1_3.ply"}
							{bone "propeller1_work"
								{parameters "CommonMesh;ID=propeller1;"}
								{Matrix34
									1	0	0
									0	1	0
									0	0	1
									6.34785	0	0
								}
								{visibility 0}
								{VolumeView "propeller1_work.ply"}
							}
							{bone "propeller1"
								{parameters "ID=propeller1;"}
								{Matrix34
									1	0	0
									0	0.995314	-0.0966961
									0	0.0966961	0.995314
									6.37698	0	0
								}
								{VolumeView "propeller1.ply"}
							}
						}
						{bone "engine1_2"
							{parameters "ID=engine1_2;"}
							{Matrix34
								1	0	0
								0	1	0
								0	0	1
								2.01601	0	0
							}
							{VolumeView "engine1_2.ply"}
						}
						{bone "fxsmoke2"
							{Matrix34
								-0.965926	-0.258819	0
								0.258819	-0.965926	0
								0	0	1
								0.134583	-11.5895	-2.98036
							}
						}
						{bone "fxsmoke1"
							{Matrix34
								-0.824835	0.45881	-0.330366
								-0.511037	-0.854988	0.0885214
								-0.241845	0.241845	0.939693
								0.134583	6.27632	-11.2845
							}
						}
					}
				}
				{bone "wingl3"
					{parameters "ID=wingl3;"}
					{Position 2.99233	126.222	8.07417}
					{VolumeView "wingl3.ply"}
					{bone revolute "aileron1"
						{parameters "ID=wingl3;"}
						{limits -30 30}
						{speed 0.1}
						{Matrix34
							1	0	0
							0	-0.0523357	0.99863
							0	-0.99863	-0.0523357
							-23.6207	-79.6905	-7.54805
						}
						{VolumeView "aileron1.ply"}
					}
				}
			}
			{bone "wingr1"
				{parameters "ID=wingRight;"}
				{Position -1.71172	-50.2284	15.4968}
				{VolumeView "wingr1.ply"}
				{bone "wingr2"
					{parameters "ID=wingr2;"}
					{Matrix34
						-1	0	0
						0	-1	0
						0	0	-1
						4.26865	2.50927	-18.9806
					}
					{VolumeView "wingr2.ply"}
					{bone "engine2_1"
						{parameters "ID=engine2_1;"}
						{Matrix34
							-1	0	0
							0	-1	0
							0	0	-1
							-25.5399	-0.439545	-5.68561
						}
						{VolumeView "engine2_1.ply"}
						{bone "engine2_2"
							{parameters "ID=engine2_2;"}
							{Position 2.01601	0	0}
							{VolumeView "engine2_2.ply"}
						}
						{bone "engine2_3"
							{parameters "ID=engine2_3;"}
							{Position 5.29128	0	0}
							{VolumeView "engine2_3.ply"}
							{bone "propeller2_work"
								{parameters "CommonMesh;ID=propeller2;"}
								{Position 6.35648	-0.00186157	0}
								{visibility 0}
								{VolumeView "propeller2_work.ply"}
							}
							{bone "propeller2"
								{parameters "ID=propeller2;"}
								{Matrix34
									1	0	0
									0	0.999999	-0.00118506
									0	0.00118506	0.999999
									6.37698	-0.00185394	0
								}
								{VolumeView "propeller2.ply"}
							}
						}
						{bone "fxsmoke4"
							{Matrix34
								-0.965926	-0.258819	0
								0.258819	-0.965926	0
								0	0	1
								0.134598	-12.2462	-2.98037
							}
						}
						{bone "fxsmoke3"
							{Matrix34
								-0.824835	0.45881	-0.330366
								-0.511037	-0.854988	0.0885213
								-0.241844	0.241845	0.939693
								0.13459	5.61965	-11.2845
							}
						}
					}
				}
				{bone "wingr3"
					{parameters "ID=wingr3;"}
					{Position 2.9923	-119.07	8.07412}
					{VolumeView "wingr3.ply"}
					{bone revolute "aileron2"
						{parameters "ID=wingr3;"}
						{limits -30 30}
						{speed 0.1}
						{Matrix34
							1	0	0
							0	-0.0523358	-0.99863
							0	-0.99863	0.0523358
							-23.6172	79.6905	-7.54798
						}
						{VolumeView "aileron2.ply"}
					}
				}
			}
			{bone "engine3_1"
				{parameters "ID=engine3_1;"}
				{Position 69.1267	-0.0113068	-5.45527}
				{VolumeView "engine3_1.ply"}
			}
			{bone "cabin"
				{parameters "ID=cabin;"}
				{Position 35.6145	0.00307145	4.68495}
				{VolumeView "cabin.ply"}
				{bone "window2"
					{parameters "ID=window;"}
					{Position -0.223312	-0.00037223	10.5815}
					{VolumeView "window2.ply"}
				}
				{bone "driver"
					{Position -7.57848	7.82172	-15.9684}
				}
				{bone "commander"
					{Position -7.57848	-8.02744	-15.9684}
				}
				{bone "window1"
					{parameters "ID=window;"}
					{Position -0.223312	-0.00037223	10.5815}
					{VolumeView "window1.ply"}
				}
				{bone "window3"
					{parameters "ID=window;"}
					{Position -0.223312	-0.00037223	10.5815}
					{VolumeView "window3.ply"}
				}
				{bone "seat00"
					{Matrix34
						0	-0.99349	0.113924
						1	0	0
						0	0.113924	0.99349
						-20.1201	4.19996	-25.3228
					}
				}
				{bone "seat01"
					{Matrix34
						0	-0.99349	0.113924
						1	0	0
						0	0.113924	0.99349
						-37.4928	4.14672	-25.3083
					}
				}
				{bone "seat02"
					{Matrix34
						0	-0.99349	0.113924
						1	0	0
						0	0.113924	0.99349
						-78.0116	3.48011	-25.4239
					}
				}
				{bone "seat03"
					{Matrix34
						0	0.996225	0.0868075
						-1	0	0
						0	-0.0868075	0.996225
						-97.187	-3.1695	-25.5628
					}
				}
				{bone "seat04"
					{Matrix34
						0	0.996225	0.0868075
						-1	0	0
						0	-0.0868075	0.996225
						-46.498	-3.75163	-25.4482
					}
				}
				{bone "seat05"
					{Matrix34
						0	0.996225	0.0868075
						-1	0	0
						0	-0.0868075	0.996225
						-28.108	-3.93546	-25.4379
					}
				}
			}
			{bone "door"
				{parameters "CommonMesh;ID=body;"}
				{Position -18.6231	16.0252	-5.49779}
				{VolumeView "door.ply"}
			}
			{bone "window4"
				{parameters "ID=window;"}
				{Position -49.2947	15.4964	-1.23628}
				{VolumeView "window4.ply"}
			}
			{bone "detail2"
				{VolumeView "detail2.ply"}
			}
			{bone "engine3_2"
				{parameters "ID=wngine3_2;"}
				{Position 72.4019	-0.0113068	-5.45527}
				{VolumeView "engine3_2.ply"}
				{bone "fxsmoke6"
					{Matrix34
						-0.965926	-0.258819	0
						0.258819	-0.965926	0
						0	0	1
						-5.04922	-12.2317	-2.92885
					}
				}
				{bone "fxsmoke5"
					{Matrix34
						-0.824835	0.458809	-0.330366
						-0.511037	-0.854988	0.0885212
						-0.241845	0.241845	0.939693
						-5.04922	5.63419	-11.233
					}
				}
				{bone "propeller3_work"
					{parameters "CommonMesh;ID=propeller3;"}
					{Position 6.35158	-0.00185847	0}
					{visibility 0}
					{VolumeView "propeller3_work.ply"}
				}
				{bone "propeller3"
					{parameters "ID=propeller3;"}
					{Matrix34
						1	0	0
						0	0.225771	-0.97418
						0	0.97418	0.225771
						6.37698	-0.00185664	0
					}
					{VolumeView "propeller3.ply"}
				}
			}
			{bone revolute "turret"
				{parameters "ID=turret;"}
				{limits -95 95}
				{speed 0.2}
				{Position -51.4435	-0.0682288	7.37556}
				{VolumeView "turret.ply"}
				{bone revolute "mgun_rot"
					{limits -10 30}
					{speed 0.2}
					{Matrix34
						-1	0	0
						0	0	1
						0	1	0
						-9.00252	0.0682093	16.3637
					}
					{bone revolute "mgun"
						{Position 3.25735	0	0}
					}
				}
				{bone "gunner"
					{Matrix34
						-1	0	0
						0	-1	0
						0	0	1
						-1.54359	0.0954846	-6.81154
					}
				}
			}
			{bone "detail1"
				{VolumeView "detail1.ply"}
			}
			{bone "body_back"
				{parameters "ID=body_back;"}
				{Position -149.041	-1.10992e-005	2.78762}
				{VolumeView "body_back.ply"}
				{bone revolute "elevator1"
					{parameters "ID=body_back;"}
					{limits -30 30}
					{speed 0.1}
					{Matrix34
						1	0	0
						0	0	1
						0	-1	0
						-31.7882	27.7928	-4.5661
					}
					{VolumeView "elevator1.ply"}
				}
				{bone revolute "rudder"
					{parameters "ID=body_back;"}
					{limits -30 30}
					{speed 0.1}
					{Position -35.6481	0.000724771	9.47939}
					{VolumeView "rudder.ply"}
				}
				{bone revolute "elevator2"
					{parameters "ID=body_back;"}
					{limits -30 30}
					{speed 0.1}
					{Matrix34
						1	0	0
						0	0	1
						0	-1	0
						-31.7736	-27.7226	-4.56609
					}
					{VolumeView "elevator2.ply"}
				}
			}
			{bone "visor"
				{Position 43.4703	2.00031	13.1618}
			}
			{bone "detail3"
				{parameters "ID=body;"}
				{Position -136.082	-1.10992e-005	2.78762}
				{VolumeView "detail3.ply"}
			}
			{bone "enumerator"
				{parameters "ID=body;"}
				{Position -103.201	12.2823	-5.41715}
				{VolumeView "enumerator.ply"}
			}
			{bone "enumerator01"
				{parameters "ID=body;"}
				{Position -96.5591	-13.1887	-5.41715}
				{VolumeView "enumerator01.ply"}
			}
			{bone "shooter_b00"
				{Position 5.94593	3.73018	-21.2067}
			}
			{bone "shooter_b01"
				{Position 5.94593	-4.61051	-21.7675}
			}
			{bone revolute "bomb01"
				{Position 1.20316	-10.7549	-16.6813}
				{VolumeView "bomb01.ply"}
			}
			{bone revolute "bomb00"
				{Position 1.20316	10.735	-16.6813}
				{VolumeView "bomb00.ply"}
			}
		}
		{bone "pivot_front"
			{parameters "Main;"}
			{Position 81.9846	-0.0460819	-2.90435}
			{bone "retract_wheell"
				{parameters "ID=retract_wheelL;"}
				{Position -0.374863	47.1727	-14.5537}
				{VolumeView "retract_wheell.ply"}
				{bone revolute "wheell"
					{parameters "ID=wheelL;Radius=0.4;"}
					{Matrix34
						1	0	0
						0	-0.0551065	-0.99848
						0	0.99848	-0.0551065
						0.0483246	1.51725	0.115288
					}
					{VolumeView "wheell.ply"}
				}
				{bone "support1"
					{Position 0.0483246	6.85801	-9.63652}
				}
			}
			{bone "retract_wheelr"
				{parameters "ID=retract_wheelR;"}
				{Position -0.371078	-47.4172	-14.538}
				{VolumeView "retract_wheelr.ply"}
				{bone revolute "wheelr"
					{parameters "ID=wheelR;Radius=0.4;"}
					{Matrix34
						1	0	0
						0	0.0576582	-0.998336
						0	-0.998336	-0.0576582
						0.0445633	-1.18484	0.0995541
					}
					{VolumeView "wheelr.ply"}
				}
				{bone "support2"
					{Position 0.0445633	-7.0482	-9.65224}
				}
			}
		}
		{bone "pivot_back"
			{Position -123.516	0	13.7476}
			{bone revolute "steer_back"
				{parameters "ID=body_back;"}
				{Position -0.0512848	0.00401603	-3.19959}
				{VolumeView "steer_back.ply"}
				{bone revolute "wheel_back"
					{parameters "ID=body_back;Radius=0.2;"}
					{Matrix34
						1	0	0
						0	0	-1
						0	1	0
						-5.87809	-0.0451729	-5.2833
					}
					{VolumeView "wheel_back.ply"}
				}
				{bone "support3"
					{Position -5.87809	-0.0451731	-9.21055}
				}
			}
		}
		{bone "emit1"
			{Matrix34
				0	-1	0
				1	0	0
				0	0	1
				36.3131	23.9894	-16.9938
			}
		}
	}
}
{Obstacle "rectangle1"
	{Obb2
		{Center 3.75984 -0.295277}
		{Extent 132.328 9.38023}
		{Axis 1 0}
	}
	{Rotate}
}
{Obstacle "rectangle2"
	{Obb2
		{Center 83.1224 -0.0091629}
		{Extent 15.3845 61.8782}
		{Axis 1 0}
	}
	{Rotate}
}
{Obstacle "rectangle3"
	{Obb2
		{Center -115.909 0.00672531}
		{Extent 12.555 46.9036}
		{Axis 1 0}
	}
	{Rotate}
}
{Volume "aileron1"
	{Box 11.8443 124.602 2.5868}
	{Bone "aileron1"}
	{Matrix34
		1	0	0
		0	-1.31652e-005	-1
		0	1	-1.31652e-005
		-5.7731	0.0210019	9.76445
	}
}
{Volume "aileron2"
	{Box 11.8443 124.602 2.5868}
	{Bone "aileron2"}
	{Matrix34
		1	0	0
		0	1.39512e-005	1
		0	-1	1.39587e-005
		-5.77659	-0.0159819	-9.66812
	}
}
{Volume "body2"
	{Polyhedron "body_back.vol"}
	{Bone "body_back"}
	{Position -18.3018	0.0687926	-6.68521}
}
{Volume "body"
	{Polyhedron "body.vol"}
	{Bone "body"}
	{Position -9.92173	-2.36878e-005	-1.71072}
}
{Volume "cockpit"
	{Polyhedron "cabin.vol"}
	{Bone "cabin"}
	{Position -29.265	-0.081315	-0.0509644}
}
{Volume "elevator1"
	{Box 17.5296 46.6667 2.32149}
	{Bone "elevator1"}
	{Matrix34
		1	0	0
		0	0	-1
		0	1	0
		-0.356491	0.0111666	0.32436
	}
}
{Volume "elevator2"
	{Box 17.5296 46.6667 2.32149}
	{Bone "elevator2"}
	{Matrix34
		1	0	0
		0	0	-1
		0	1	0
		-0.371117	0.0111609	0.0523243
	}
}
{Volume "engine1_1"
	{Polyhedron "engine1_1.vol"}
	{Bone "engine1_1"}
	{Position -18.5674	0.0756378	0.0341759}
}
{Volume "engine1"
	{Cylinder 11.9822 6.32606}
	{Bone "engine1_2"}
	{Matrix34
		0	1	0
		0	0	1
		1	0	0
		3.46928	0.0756341	-0.0842613
	}
}
{Volume "engine1_3"
	{Cylinder 10.5255 4.90829}
	{Bone "engine1_3"}
	{Matrix34
		0	1	0
		0	0	1
		1	0	0
		0.496306	-0.0428085	-0.0842646
	}
}
{Volume "engine2_1"
	{Polyhedron "engine2_1.vol"}
	{Bone "engine2_1"}
	{Position -18.5674	0.060463	0.034174}
}
{Volume "engine2"
	{Cylinder 11.9822 6.32606}
	{Bone "engine2_2"}
	{Matrix34
		0	1	0
		0	0	1
		1	0	0
		3.46927	0.0604707	-0.0842629
	}
}
{Volume "engine2_3"
	{Cylinder 10.5255 4.90829}
	{Bone "engine2_3"}
	{Matrix34
		0	1	0
		0	0	1
		1	0	0
		0.496314	-0.0579757	-0.0842646
	}
}
{Volume "engine3"
	{Cylinder 11.9822 6.32606}
	{Bone "engine3_1"}
	{Matrix34
		0	1	0
		0	0	1
		1	0	0
		3.07904	-0.107142	-0.141661
	}
}
{Volume "engine3_2"
	{Cylinder 10.5255 4.90829}
	{Bone "engine3_2"}
	{Matrix34
		0	1	0
		0	0	1
		1	0	0
		0.106078	-0.225585	-0.141661
	}
}
{Volume "inventory"
	{Box 39.797 9.94924 14.2132}
	{Bone "body"}
	{Position -93.9993	-0.228593	-8.45988}
}
{Volume "spin1"
	{Box 50.9306 3.90863 2.16041}
	{Bone "propeller1"}
	{Matrix34
		0	0.499999	0.866026
		0	-0.866026	0.499999
		1	0	0
		0.197482	0.0133095	0
	}
}
{Volume "spin2"
	{Box 50.9306 3.90863 2.16041}
	{Bone "propeller2"}
	{Matrix34
		0	0.939693	-0.342019
		0	0.342019	0.939693
		1	0	0
		0.197482	0	0
	}
}
{Volume "spin3"
	{Box 50.9306 3.90863 2.16041}
	{Bone "propeller3"}
	{Matrix34
		0	-0.0871557	0.996195
		0	-0.996195	-0.0871557
		1	0	0
		-0.192746	-0.167614	-0.0573963
	}
}
{Volume "gear_l"
	{Box 9.04929 34.5135 4.20897}
	{Bone "retract_wheell"}
	{Matrix34
		-1	0	0
		0	0	1
		0	1	0
		-0.0417937	0.416519	16.9953
	}
}
{Volume "gear_r"
	{Box 9.04929 34.5135 4.20897}
	{Bone "retract_wheelr"}
	{Matrix34
		-1	0	0
		0	0	1
		0	1	0
		-0.0455778	0.0823171	16.9796
	}
}
{Volume "rudder"
	{Box 21.2143 43.4524 3.01339}
	{Bone "rudder"}
	{Matrix34
		-1	0	0
		0	0	1
		0	1	0
		-3.16724	0.0304703	-1.19196
	}
}
{Volume "wheelback"
	{Cylinder 4.44751 1.81548}
	{Bone "wheel_back"}
	{Matrix34
		-1	0	0
		0	-1	0
		0	0	1
		-0.0568693	0.0582791	0.00640094
	}
}
{Volume "wheell"
	{Cylinder 11.048 5.26121}
	{Bone "wheell"}
	{Matrix34
		-1	0	0
		0	-0.999972	-0.00745096
		0	-0.00745108	0.999972
		0	-0.0195986	2.63053
	}
}
{Volume "wheelr"
	{Cylinder 11.048 5.26121}
	{Bone "wheelr"}
	{Matrix34
		-1	0	0
		0	-0.999928	-0.011971
		0	0.0119709	-0.999928
		-2.25285e-005	-0.0277167	2.65511
	}
}
{Volume "canopy"
	{Box 0.343752 13.9792 7.4613}
	{Bone "window1"}
	{Matrix34
		-0.836745	-0.223288	-0.5
		-0.483095	-0.128916	0.866025
		-0.257831	0.96619	0
		0.477325	11.7139	0.361546
	}
}
{Volume "canopy1"
	{Box 0.343752 13.9792 15.5444}
	{Bone "window2"}
	{Matrix34
		-0.866025	0	-0.5
		-0.5	0	0.866025
		0	1	0
		2.20059	0.0448408	0.361546
	}
}
{Volume "canopy2"
	{Box 0.343752 13.9792 7.4613}
	{Bone "window3"}
	{Matrix34
		-0.836846	0.22291	-0.5
		-0.483153	0.128697	0.866025
		0.257395	0.966306	0
		0.477318	-11.9922	0.361546
	}
}
{Volume "wingl1"
	{Box 51.736 126.971 6.63283}
	{Bone "wingl1"}
	{Matrix34
		1	0	0
		0	0.998389	0.0567478
		0	-0.0567478	0.998389
		6.05894	36.659	3.25243
	}
}
{Volume "wingl2"
	{Box 37.9281 71.8807 2.36887}
	{Bone "wingl2"}
	{Matrix34
		1	0	0
		0	0.873461	0.486894
		0	-0.486894	0.873461
		0.125134	-0.143431	-0.338823
	}
}
{Volume "wingl3"
	{Box 53.5364 46.9035 7.1066}
	{Bone "wingl3"}
	{Matrix34
		1	0	0
		0	0.996807	0.0798532
		0	-0.0798532	0.996807
		-1.44119	-3.22013	0.719756
	}
}
{Volume "wingr1"
	{Box 51.736 126.971 6.63283}
	{Bone "wingr1"}
	{Matrix34
		1	0	0
		0	-0.998389	0.0567477
		0	0.0567477	0.998389
		6.05895	-29.6034	3.25244
	}
}
{Volume "wingr2"
	{Box 37.9281 71.8807 2.36887}
	{Bone "wingr2"}
	{Matrix34
		-1	0	0
		0	0.873461	-0.486894
		0	-0.486894	-0.873461
		-0.125145	-0.0161153	0.338825
	}
}
{Volume "wingr3"
	{Box 53.5364 46.9035 7.1066}
	{Bone "wingr3"}
	{Matrix34
		1	0	0
		0	-0.996807	0.0798524
		0	0.0798524	0.996807
		-1.44116	3.12366	0.719772
	}
}
