;Exported by: dpostnikov
;Date:        Sun May 05 21:31:37 2019
;File:        C:\old\Documents\3dsmax\scenes\citroen_23_xx.max
{Skeleton
	{bone "basis"
		{parameters "SteerMax=30;WheelRadius=0.3;"}
		{Orientation
			1	0	0
			0	-1	0
			0	0	1
		}
		{bone "pivot_front"
			{Matrix34
				1	0	0
				0	0.99999	-0.00447319
				0	0.00447319	0.99999
				38.9658	0.0577223	6.34088
			}
			{VolumeView "pivot_front.ply"}
			{bone revolute "steerl"
				{Matrix34
					-1	0	0
					0	1	0
					0	0	1
					1.0633	14.5269	-0.26757
				}
				{VolumeView "steerl.ply"}
				{bone revolute "wheell1"
					{Matrix34
						1	0	0
						0	0	1
						0	1	0
						-0.0626869	0.306857	-0.227194
					}
					{VolumeView "wheell1.ply"}
				}
			}
			{bone revolute "steerr"
				{Matrix34
					-1	0	0
					0	1	0
					0	0	1
					1.06333	-14.5258	-0.392585
				}
				{VolumeView "steerr.ply"}
				{bone revolute "wheelr1"
					{Matrix34
						1	0	0
						0	0	1
						0	1	0
						-0.100208	-0.370358	-0.102182
					}
					{VolumeView "wheelr1.ply"}
				}
			}
		}
		{bone "pivot_back"
			{Matrix34
				1	0	0
				0	0.99999	-0.00447319
				0	0.00447319	0.99999
				-31.1302	0.056775	6.00976
			}
			{VolumeView "pivot_back.ply"}
			{bone "spring"
				{Matrix34
					0.998173	0	-0.0604171
					0	1	0
					-0.0604171	0	-0.998173
					-0.109568	-0.00685136	1.7988
				}
				{VolumeView "spring.ply"}
			}
			{bone revolute "wheelr2"
				{Matrix34
					-1	0	0
					0	0	1
					0	1	0
					-0.202171	-15.5697	-0.168587
				}
				{VolumeView "wheelr2.ply"}
			}
			{bone revolute "wheell2"
				{Matrix34
					-1	0	0
					0	0	1
					0	1	0
					-0.239714	15.5062	-0.168584
				}
				{VolumeView "wheell2.ply"}
			}
		}
		{bone "body"
			{parameters "ID=body;"}
			{Matrix34
				0.999654	0	0.0263064
				-0.00251057	0.995436	0.0954026
				-0.0261863	-0.0954357	0.995091
				-2.63008	0.0684706	11.6345
			}
			{VolumeView "body.ply"}
			{bone "cabin"
				{parameters "ID=cabin;"}
				{Matrix34
					0.9979	0	-0.0647779
					0	1	0
					0.0647779	0	0.9979
					16.1918	-0.0803527	10.3226
				}
				{VolumeView "cabin.ply"}
				{bone "doorl"
					{Matrix34
						1	0	0
						0	0.999495	-0.0317746
						0	0.0317746	0.999495
						2.6557	11.962	-2.20995
					}
					{VolumeView "doorl.ply"}
				}
				{bone "doorr"
					{Matrix34
						0.167885	0.98531	0.0312692
						-0.985807	0.167802	0.00529359
						-3.11956e-005	-0.0317141	0.999497
						2.703	-11.8594	-1.87545
					}
					{VolumeView "doorr.ply"}
				}
				{bone "engine"
					{parameters "ID=engine;"}
					{Matrix34
						0.996035	0.00823789	0.0885821
						0	0.995704	-0.0925978
						-0.0889644	0.0922306	0.991755
						20.1802	0.0238192	-7.855
					}
					{VolumeView "engine.ply"}
				}
			}
			{bone "body_back"
				{Matrix34
					0.999998	0.00182055	-0.000238894
					-0.00183278	0.997564	-0.0697323
					0.000111362	0.0697326	0.997566
					-27.8581	0.260765	8.31846
				}
				{VolumeView "body_back.ply"}
				{bone "doors_back"
					{parameters "ID=bodyback;"}
					{Position -0.0732727	0	1.70739}
				}
				{bone "door_back"
					{parameters "ID=bodyback;"}
					{Position -26.934	0.0695335	-3.73676}
				}
				{bone "shield_holder"
					{parameters "ID=bodyback;"}
					{Position -0.168362	0	8.04475}
				}
			}
		}
	}
}
{Volume "body"
	{Box 100.617 20.6722 2.56116}
	{Bone "body"}
	{Matrix34
		0.999296	0	-0.0375171
		0	1	0
		0.0375172	0	0.999296
		-3.17132	1.45703	-2.61277
	}
}
{Volume "cabin"
	{Polyhedron "cabin.vol"}
	{Bone "cabin"}
	{Position -5.25828	-0.260069	-12.7591}
}
{Volume "engine"
	{Polyhedron "engine.vol"}
	{Bone "engine"}
	{Position -2.63735	-0.146592	-4.56624}
}
{Volume "wheelleft1"
	{Cylinder 6 4}
	{Bone "wheell1"}
	{Matrix34
		-1	0	0
		0	1	0
		0	0	-1
		-0.00616169	-0.0280253	-0.0915937
	}
}
{Volume "wheelleft2"
	{Cylinder 6 7.9}
	{Bone "wheell2"}
	{Matrix34
		-1	0	0
		0	1	0
		0	0	-1
		-0.124632	0.109986	0.216223
	}
}
{Volume "wheelright1"
	{Cylinder 6 4}
	{Bone "wheelr1"}
	{Matrix34
		-1	0	0
		0	1	0
		0	0	-1
		0.0313805	-0.0280244	0.493512
	}
}
{Volume "wheelright2"
	{Cylinder 6 7.9}
	{Bone "wheelr2"}
	{Matrix34
		-1	0	0
		0	1	0
		0	0	-1
		-0.0870914	0.109986	0.0114334
	}
}
