;Exported by: Normand
;Date:        Tue Oct 09 16:58:54 2018
;File:        C:\Users\Normand\type97_chi_ha4_xx.max
{Skeleton
	{bone "basis"
		{parameters "WheelRadius=0.3;"}
		{Orientation
			1	0	0
			0	-1	0
			0	0	1
		}
		{Extension "/properties/damage_components.ext"}
		{bone "body"
			{parameters "ID=body;"}
			{Matrix34
				0.999659	0.00108709	-0.0261075
				0.000254159	0.998682	0.0513161
				0.0261289	-0.0513052	0.998341
				-7.04323	-0.576074	15.6414
			}
			{VolumeView "body.ply"}
			{bone revolute "turret"
				{parameters "ID=turret;"}
				{Matrix34
					0.998102	-0.004806	-0.0614023
					0	0.996951	-0.0780302
					0.0615901	0.0778821	0.995058
					4.72901	-4.93585	10.9646
				}
				{VolumeView "turret.ply"}
				{bone revolute "gun_rot"
					{parameters "ID=gun;"}
					{Matrix34
						0.990657	0.126685	-0.0504878
						0.05008	0.00640419	0.998725
						0.126847	-0.991922	0
						12.1538	0.988946	3.67317
					}
					{VolumeView "gun_rot.ply"}
					{bone "gun"
						{parameters "ID=gun;"}
						{Matrix34
							1	0	0
							0	0	-1
							0	1	0
							0.937625	0.925531	1.15929
						}
						{VolumeView "gun.ply"}
					}
				}
				{bone revolute "turret_mgun"
					{limits -30 30}
					{Position -17.0966	4.14941	4.28717}
					{bone revolute "mgun2"
						{limits -30 30}
						{Matrix34
							-1	0	0
							0	0	1
							0	1	0
							-0.098423	-0.0122209	-0.0383949
						}
						{VolumeView "mgun.ply"}
					}
				}
				{bone "cover1"
					{Matrix34
						1	0	0
						0	-0.707107	0.707107
						0	-0.707107	-0.707107
						-0.70469	-7.16176	11.7586
					}
					{VolumeView "cover1.ply"}
				}
				{bone "cover2"
					{Position -0.504073	4.22495	11.7674}
					{VolumeView "cover2.ply"}
				}
			}
			{bone "suspension"
				{Position 1.16082	-0.12108	8.25851}
				{VolumeView "suspension.ply"}
				{bone revolute "wheell8"
					{Matrix34
						-1	0	0
						0	0	1
						0	1	0
						-47.7533	19.968	-13.8211
					}
					{VolumeView "wheell8.ply"}
				}
				{bone revolute "wheelr1"
					{Matrix34
						-0.99863	0	0.052336
						0.052336	0	0.99863
						0	1	0
						44.1543	-19.58	-9.6257
					}
					{VolumeView "wheelr1.ply"}
				}
				{bone revolute "wheelr8"
					{Matrix34
						-1	0	0
						0	0	1
						0	1	0
						-47.7297	-19.982	-13.8247
					}
					;{VolumeView "wheelr8.ply"}
				}
				{bone revolute "wheell9"
					{Matrix34
						-1	0	0
						0	0	1
						0	1	0
						28.1813	19.9218	-8.53587
					}
					{VolumeView "wheell9.ply"}
				}
				{bone revolute "wheell10"
					{Matrix34
						-1	0	0
						0	0	1
						0	1	0
						-0.0388761	19.33	-8.90205
					}
					{VolumeView "wheell10.ply"}
				}
				{bone revolute "wheell11"
					{Matrix34
						-1	0	0
						0	0	1
						0	1	0
						-29.1661	19.8876	-10.3979
					}
					{VolumeView "wheell11.ply"}
				}
				{bone revolute "wheelr9"
					{Matrix34
						-1	0	0
						0	0	1
						0	1	0
						28.2046	-19.8463	-8.53935
					}
					{VolumeView "wheelr9.ply"}
				}
				{bone revolute "wheelr10"
					{Matrix34
						-1	0	0
						0	0	1
						0	1	0
						-0.0156178	-19.2881	-8.90556
					}
					{VolumeView "wheelr10.ply"}
				}
				{bone revolute "wheelr11"
					{Matrix34
						-1	0	0
						0	0	1
						0	1	0
						-29.1429	-19.8805	-10.4014
					}
					{VolumeView "wheelr11.ply"}
				}
				{bone revolute "wheell1"
					{Matrix34
						-0.99863	0	0.052336
						0.052336	0	0.99863
						0	1	0
						44.1541	19.6967	-9.62556
					}
					{VolumeView "wheell1.ply"}
				}
			}
			{bone revolute "turret_mgun1"
				{limits -30 30}
				{Position 24.4456	7.94262	7.33185}
				{bone revolute "mgun1"
					{limits -30 30}
					{Matrix34
						1	0	0
						0	0	1
						0	-1	0
						0.0284634	0.00639343	0.0116692
					}
					{VolumeView "mgun1.ply"}
				}
			}
			{bone "engine"
				{parameters "ID=engine;"}
				{Position -21.6242	-0.0862299	0.732747}
				{bone "engine_cover"
					{parameters "ID=engine;"}
					{Matrix34
						-0.707107	0	-0.707107
						0	1	0
						0.707107	0	-0.707107
						-14.7009	-0.017315	8.1876
					}
					{VolumeView "engine_cover.ply"}
				}
			}
			{bone "enumerator"
				{parameters "ID=enumerator;"}
				{Position 6.98703	-0.111914	8.12129}
			}
		}
		{bone "wheelsL"
			{Position -6.09021	18.8932	8.25618}
			{VolumeView "wheelsl.ply"}
			{bone revolute "wheell2"
				{Matrix34
					-1	0	0
					0	0	1
					0	1	0
					33.6449	1.0581	-1.4537
				}
				{VolumeView "wheell2.ply"}
			}
			{bone revolute "wheell3"
				{Matrix34
					-1	0	0
					0	0	1
					0	1	0
					20.8514	1.0494	-1.4537
				}
				;{VolumeView "wheell3.ply"}
			}
			{bone revolute "wheell4"
				{Matrix34
					-1	0	0
					0	0	1
					0	1	0
					6.37075	1.04065	-1.45367
				}
				{VolumeView "wheell4.ply"}
			}
			{bone revolute "wheell5"
				{Matrix34
					-1	0	0
					0	0	1
					0	1	0
					-6.47977	1.03293	-1.4537
				}
				{VolumeView "wheell5.ply"}
			}
			{bone revolute "wheell6"
				{Matrix34
					-1	0	0
					0	0	1
					0	1	0
					-20.9135	1.02426	-1.45366
				}
				{VolumeView "wheell6.ply"}
			}
			{bone revolute "wheell7"
				{Matrix34
					-1	0	0
					0	0	1
					0	1	0
					-35.0942	1.01573	-1.45367
				}
				{VolumeView "wheell7.ply"}
			}
		}
		{bone "wheelsR"
			{Position -6.06676	-18.9256	8.2527}
			{VolumeView "wheelsr.ply"}
			{bone revolute "wheelr3"
				{Matrix34
					-1	0	0
					0	0	1
					0	1	0
					20.8535	-1.01639	-1.45406
				}
				{VolumeView "wheelr3.ply"}
			}
			{bone revolute "wheelr4"
				{Matrix34
					-1	0	0
					0	0	1
					0	1	0
					6.37283	-1.02514	-1.45401
				}
				{VolumeView "wheelr4.ply"}
			}
			{bone revolute "wheelr5"
				{Matrix34
					-1	0	0
					0	0	1
					0	1	0
					-6.47769	-1.03287	-1.45407
				}
				{VolumeView "wheelr5.ply"}
			}
			{bone revolute "wheelr6"
				{Matrix34
					-1	0	0
					0	0	1
					0	1	0
					-20.9114	-1.04153	-1.45401
				}
				;{VolumeView "wheelr6.ply"}
			}
			{bone revolute "wheelr7"
				{Matrix34
					-1	0	0
					0	0	1
					0	1	0
					-35.0921	-1.05007	-1.45401
				}
				{VolumeView "wheelr7.ply"}
			}
			{bone revolute "wheelr2"
				{Matrix34
					-1	0	0
					0	0	1
					0	1	0
					33.647	-1.00767	-1.45407
				}
				{VolumeView "wheelr2.ply"}
			}
		}
	}
}
{Volume "body2"
	{Polyhedron "body2.vol"}
	{Bone "body"}
	{Position -1.39355	0.397218	-11.2528}
}
{Volume "body3"
	{Polyhedron "body3.vol"}
	{Bone "body"}
	{Position 7.36856	0.105894	4.72896}
}
{Volume "body4"
	{Polyhedron "body4.vol"}
	{Bone "body"}
	{Position 21.2914	-7.50156	4.81688}
}
{Volume "body"
	{Polyhedron "body.vol"}
	{Bone "body"}
	{Position 45.7307	0.379017	-11.1374}
}
{Volume "engine1"
	{Polyhedron "engine1.vol"}
	{Bone "engine"}
	{Position 0.430706	0.113894	4.0024}
}
{Volume "engine2"
	{Polyhedron "engine2.vol"}
	{Bone "engine"}
	{Position -19.2083	0.731943	4.0014}
}
{Volume "gun"
	{Cylinder 1.18617 16}
	{Bone "gun"}
	{Matrix34
		0	-1	0
		0	0	1
		-1	0	0
		7.73443	-0.0394186	-0.0262524
	}
}
{Volume "gunrot"
	{Box 9.39085 1.6 1.55}
	{Bone "gun_rot"}
	{Matrix34
		1	0	0
		0	0	-1
		0	1	0
		6.01169	-0.794658	1.18866
	}
}
{Volume "mantlet"
	{Box 2.88692 7.74219 7.74219}
	{Bone "turret"}
	{Matrix34
		0.987609	0	0.156933
		0	1	0
		-0.156933	0	0.987609
		12.5963	0.965817	3.78891
	}
}
{Volume "trackleft"
	{Box 104.5 22.5 7.5}
	{Bone "wheelsl"}
	{Matrix34
		1	0	0
		0	0	1
		0	-1	0
		-2.01851	0.591322	2.9082
	}
}
{Volume "trackright"
	{Box 104.5 22.5 7.5}
	{Bone "wheelsr"}
	{Matrix34
		1	0	0
		0	0	1
		0	-1	0
		-2.04195	-0.609899	2.91167
	}
}
{Volume "turret2"
	{Polyhedron "turret2.vol"}
	{Bone "turret"}
	{Position 3.21363	1.44977	4.17261}
}
{Volume "turret3"
	{Polyhedron "turret3.vol"}
	{Bone "turret"}
	{Position -8.28554	1.44977	4.17261}
}
{Volume "turret"
	{Polyhedron "turret.vol"}
	{Bone "turret"}
	{Position 9.6391	1.44977	4.17261}
}

