;Exported by: skr
;Date:        Sat Jun 29 14:44:51 2013
;File:        D:\Documents\3dsmax\scenes\_my_projects\_infantry weapon\Fiat-Revelli M1914-35\stank mgun fiat-revelli_1914-35.max
{Skeleton
	{animation
		{sequence "close" {speed 0.5}}
		{sequence "recoil" {speed 0.5}}
	}
	{bone revolute "basis"
		{parameters "basis;"}
		{speed 0.001}
		{Orientation
			1	0	0
			0	-1	0
			0	0	1
		}
		{bone "body"
			{parameters "ID=body;"}
			{Matrix34
				0.957121	0	0.289688
				-0.289688	0	0.957121
				0	-1	0
				4.27812	-0.494583	10.6672
			}
			{VolumeView "body.ply"}
			{bone revolute "turret"
				{parameters "ID=turret;"}
				{limits -5 15}
				{speed 0.01}
				{Matrix34
					0.957121	-0.289688	0
					0.289688	0.957121	0
					0	0	1
					-0.134171	0.363042	-0.494581
				}
				{VolumeView "turret.ply"}
				{bone revolute "gun_rot"
					{parameters "ID=turret;"}
					{limits -20 20}
					{speed 0.01}
					{Matrix34
						1	0	0
						0	0	-1
						0	1	0
						-0.656487	0.352771	0
					}
					{VolumeView "gun_rot.ply"}
					{bone "gun"
						{parameters "ID=gun;"}
						{Matrix34
							1	0	0
							0	0	1
							0	-1	0
							-9.64923	0	1.39863
						}
						{VolumeView "gun.ply"}
						{bone "visor"
							{parameters "Vis;"}
							{Position 17.9733	2.88662	0}
						}
						{bone "foresight1"
							{Position 24.9124	1.87574	0}
						}
					}
					{bone "ammo_box"
						{parameters "ID=ammo_box;"}
						{Position -0.57906	5.67846	-1.5245}
						{VolumeView "ammo_box.ply"}
						{bone "lenta"
							{parameters "ID=ammo_box;"}
							{Matrix34
								0	1	0
								0	0	1
								1	0	0
								-0.332519	3.54974	1.65001
							}
							{VolumeView "lenta.ply"}
						}
					}
					{bone "gunner"
						{Position -15.7247	0	-11.324}
					}
					{bone "commander"
						{Position -13.8082	16.6648	-11.324}
					}
				}
			}
			{bone "noga01"
				{parameters "ID=noga01;"}
				{Matrix34
					0.961949	0.273228	0
					-0.273228	0.961949	0
					0	0	1
					-1.75648	-0.481709	-0.493676
				}
				{VolumeView "noga01.ply"}
				{bone "noga_011"
					{parameters "ID=noga01;"}
					{Matrix34
						-1	0	0
						0	0.537197	0.843457
						0	0.843457	-0.537197
						0.00049305	-11.8013	8.09479
					}
					{VolumeView "noga_011.ply"}
				}
			}
			{bone "noga02"
				{parameters "ID=noga02;"}
				{Matrix34
					0.960423	0.278545	0
					-0.278545	0.960423	0
					0	0	-1
					-1.75648	-0.481709	-0.493676
				}
				{VolumeView "noga02.ply"}
				{bone "noga_021"
					{parameters "ID=noga02;"}
					{Matrix34
						-1	0	0
						0	0.537196	0.843457
						0	0.843457	-0.537197
						0.00049305	-11.9002	8.17541
					}
					{VolumeView "noga_021.ply"}
				}
			}
			{bone "noga03"
				{parameters "ID=body;"}
				{Matrix34
					0.978198	0.207675	0
					0	0	-1
					-0.207675	0.978198	0
					-18.2551	-3.93678	-0.495106
				}
				{VolumeView "noga03.ply"}
			}
		}
		{bone "emit1"
			{parameters "Group=crew;"}
			{Position -30.3271	4.20565	0}
		}
		{bone "emit2"
			{parameters "Group=crew;"}
			{Position -35.2697	15.0939	0}
		}
		{bone "driver2"
			{Position 5.89971	11.8907	0}
		}
		{bone "driver1"
			{Position -7.08977	3.32174	0}
		}
	}
}
{Volume "ammobox"
	{Box 7.69879 3.08288 3.14961}
	{Bone "ammo_box"}
	{Matrix34
		0	-1	0
		0	0	1
		-1	0	0
		0.108183	0.441146	1.36306
	}
}
{Volume "body1"
	{Cylinder 0.659473 19.685}
	{Bone "body"}
	{Matrix34
		0	0	-1
		-0.212493	0.977162	0
		0.977162	0.212493	0
		-10.3916	-2.23371	-0.530628
	}
}
{Volume "body2"
	{Cylinder 0.529872 6.88976}
	{Bone "noga01"}
	{Matrix34
		0.917421	-0.191734	-0.34868
		-0.397313	-0.489711	-0.776096
		-0.0219485	0.850542	-0.525449
		0.0401596	-3.01647	2.4856
	}
}
{Volume "body3"
	{Cylinder 0.529872 6.88976}
	{Bone "noga02"}
	{Matrix34
		-0.200933	0.529115	0.824417
		-0.979601	-0.110935	-0.167557
		-0.00280007	0.841267	-0.540613
		-0.0262823	-2.98432	2.49503
	}
}
{Volume "gun"
	{Box 25.7779 2.66833 2.16535}
	{Bone "gun"}
	{Position 12.3138	1.17131	0.0264103}
}
{Volume "turret"
	{Box 6.39808 1.54028 1.67323}
	{Bone "turret"}
	{Position -2.78139	0.445405	0.0186668}
}
