;Exported by: Normand
;Date:        Sat Feb 04 20:49:10 2017
;File:        C:\Users\Normand\fiat626.max
{Skeleton
	{animation
		{sequence "stop" {speed 0.3}}
		{sequence "start" {speed 0.3}}
		{sequence "doorright" {speed 0.5}}
		{sequence "doorleft" {speed 0.5}}
	}
	{bone "basis"
		{parameters "SteerMax=30;WheelRadius=0.5;"}
		{Orientation
			1	0	0
			0	-1	0
			0	0	1
		}
		{bone "pivot_back"
			{Position -27.8399	0.508995	9.41855}
			{VolumeView "pivot_back.ply"}
			{bone revolute "wheelr2"
				{parameters "ID=wheelright2;"}
				{Matrix34
					-1	0	0
					0	0	1
					0	1	0
					-0.393932	-16.7152	-0.249964
				}
				{VolumeView "wheelr2.ply"}
			}
			{bone revolute "wheell2"
				{parameters "ID=wheelleft2;"}
				{Matrix34
					-1	0	0
					0	0	1
					0	1	0
					-0.408363	16.1121	-0.247961
				}
				{VolumeView "wheell2.ply"}
			}
			{bone "fxtracel2"
				{Matrix34
					-1	0	0
					0	-1	0
					0	0	1
					-0.553535	15.9495	-9.38512
				}
			}
			{bone "fxtracelr2"
				{Matrix34
					-1	0	0
					0	-1	0
					0	0	1
					-0.553246	-17.0891	-9.38512
				}
			}
		}
		{bone "pivot_front"
			{Position 32.0698	0.245534	11.2799}
			{VolumeView "pivot_front.ply"}
			{bone revolute "steerl"
				{Matrix34
					1	0	0
					0	-1	0
					0	0	1
					0.0990372	12.8181	-1.72313
				}
				{VolumeView "steerl.ply"}
				{bone revolute "wheell1"
					{parameters "ID=wheelleft1;"}
					{Matrix34
						-1	0	0
						0	0	1
						0	-1	0
						-0.0483017	-3.07576	-0.282239
					}
					{VolumeView "wheell1.ply"}
				}
				{bone "fxtracel1"
					{Matrix34
						-1	0	0
						0	1	0
						0	0	1
						-0.00242615	-3.08703	-9.51725
					}
				}
			}
			{bone revolute "steerr"
				{Matrix34
					1	0	0
					0	-1	0
					0	0	1
					0.194695	-13.0216	-1.72313
				}
				{VolumeView "steerr.ply"}
				{bone "fxtracer1"
					{Matrix34
						-1	0	0
						0	1	0
						0	0	1
						-0.117012	3.17166	-9.51725
					}
				}
				{bone revolute "wheelr1"
					{parameters "ID=wheelright1;"}
					{Matrix34
						-1	0	0
						0	0	1
						0	-1	0
						-0.126869	3.08656	-0.336864
					}
					{VolumeView "wheelr1.ply"}
				}
			}
		}
		{bone "body"
			{parameters "ID=body;"}
			{animation
				{sequence "repair" {file "body_r.anm"} {speed 0.4}}
			}
			{Position -0.283527	-0.00167657	13.6421}
			{VolumeView "body.ply"}
			{bone "fxstop1"
				{Position -58.1834	18.5802	1.40745}
			}
			{bone "fxfire1"
				{Position 44.7099	-0.0201161	12.7374}
			}
			{bone "fxfire2"
				{Position 17.9435	0.547505	0.100025}
			}
			{bone "fxsmoke1"
				{Matrix34
					0	-1	0
					1	0	0
					0	0	1
					-54.1028	-10.5507	7.62083
				}
			}
			{bone "visor2"
				{Position 52.5305	-10.42	23.7373}
			}
			{bone "visor1"
				{Position 52.5305	10.42	23.7373}
			}
			{bone "fxstop2"
				{Position -58.1834	-18.861	1.40745}
			}
			{bone "body_back"
				{Position -1.6703	-0.0409861	13.254}
				{VolumeView "body_back.ply"}
				{bone "seats"
					{parameters "ID=bodyback;"}
					{Position -19.8496	0.0426626	-7.88359}
					{VolumeView "seats.ply"}
					{bone "seat01"
						{Matrix34
							-0.0233323	-0.973859	0.22595
							0.999719	-0.0217691	0.00940819
							-0.00424354	0.226106	0.974093
							24.4888	7.82431	2.33799
						}
					}
					{bone "seat02"
						{Matrix34
							0.00756316	0.963923	0.266073
							-0.999952	0.00895952	-0.00403384
							-0.00627214	-0.26603	0.963944
							24.2795	-8.34589	2.22449
						}
					}
					{bone "seat03"
						{Matrix34
							-0.00946684	-0.999927	-0.00749487
							0.999946	-0.00949839	0.00417269
							-0.00424364	-0.00745494	0.999963
							13.0189	8.21546	2.29234
						}
					}
					{bone "seat04"
						{Matrix34
							-0.00478495	0.999959	0.00769321
							-0.99998	-0.0047521	-0.00428095
							-0.00424414	-0.00771355	0.999961
							12.6513	-8.3152	2.17532
						}
					}
					{bone "seat05"
						{Matrix34
							-0.00512659	0.999957	0.00769798
							-0.999978	-0.0050937	-0.00428337
							-0.00424379	-0.00771977	0.999961
							0.90992	-8.25874	2.12601
						}
					}
					{bone "seat06"
						{Matrix34
							-0.00766932	-0.999942	-0.00752
							0.999962	-0.00770095	0.00418601
							-0.00424371	-0.00748759	0.999963
							1.46725	8.09153	2.24242
						}
					}
					{bone "seat07"
						{Matrix34
							-0.00738367	-0.999944	-0.007524
							0.999964	-0.00741542	0.00418841
							-0.00424398	-0.00749278	0.999963
							-9.72144	8.41669	2.19734
						}
					}
					{bone "seat08"
						{Matrix34
							-0.00531367	0.999956	0.00770132
							-0.999977	-0.00528068	-0.00428473
							-0.00424387	-0.00772391	0.999961
							-9.38638	-8.20599	2.08266
						}
					}
					{bone "seat09"
						{Matrix34
							-0.00662366	-0.99995	-0.0075346
							0.999969	-0.00665541	0.00419413
							-0.00424406	-0.00750659	0.999963
							-22.3861	8.32092	2.1429
						}
					}
					{bone "seat10"
						{Matrix34
							-0.004877	0.999959	0.00769464
							-0.999979	-0.00484409	-0.00428144
							-0.00424389	-0.00771537	0.999961
							-22.6047	-8.1575	2.02694
						}
					}
				}
				{bone "shield"
					{parameters "CommonMesh;ID=shield;"}
					{animation
						{sequence "repair" {file "shield_r.anm"} {speed 0.4}}
					}
					{Position -20.076	0.0299518	16.5237}
					{VolumeView "shield.ply"}
				}
			}
			{bone "fuel"
				{Position -7.19944	-10.1248	-4.57231}
			}
			{bone "cabin"
				{parameters "ID=cabin;"}
				{animation
					{sequence "repair" {file "cabin_r.anm"} {speed 0.4}}
				}
				{Position 35.2349	-0.0316706	14.8708}
				{VolumeView "cabin.ply"}
				{bone "doorr"
					{Matrix34
						0.999995	0.0011061	-0.00307283
						-0.00110796	0.999999	-0.000601135
						0.00307217	0.000604536	0.999995
						-10.8916	-20.0024	1.10428
					}
					{VolumeView "doorr.ply"}
				}
				{bone "doorl"
					{Matrix34
						0.999995	0.00110624	-0.00307281
						-0.00110801	0.999999	-0.000601053
						0.00307223	0.000604421	0.999995
						-10.9355	19.8701	1.08108
					}
					{VolumeView "doorl.ply"}
				}
				{bone "glass_1"
					{parameters "ID=glass;"}
					{Position 13.9509	0.0365955	8.15478}
					{VolumeView "glass_1.ply"}
				}
				{bone "glass_2"
					{parameters "ID=glass;"}
					{Position 13.9509	0.0365955	8.15478}
					{VolumeView "glass_2.ply"}
				}
				{bone "headlightl"
					{Matrix34
						0.999896	0.000327517	0.0144186
						-0.00112284	0.998476	0.0551859
						-0.0143785	-0.0551964	0.998372
						16.3644	13.5118	-7.78199
					}
				}
				{bone "headlightr"
					{Matrix34
						0.999896	0.000327517	0.0144186
						-0.00112284	0.998476	0.0551859
						-0.0143785	-0.0551964	0.998372
						16.3819	-14.4501	-9.32209
					}
				}
				{bone "fxlight"
					{Matrix34
						0.999896	0.000327517	0.0144186
						-0.00112284	0.998476	0.0551859
						-0.0143785	-0.0551964	0.998372
						62.5879	-0.113175	-13.2299
					}
				}
				{bone "commander"
					{Matrix34
						0.982834	-0.00907945	0.18427
						-0.00112281	0.998475	0.055186
						-0.18449	-0.0544455	0.981325
						-1.23861	7.32576	-12.7709
					}
				}
				{bone "driver"
					{Matrix34
						0.982834	-0.00907945	0.18427
						-0.00112281	0.998475	0.055186
						-0.18449	-0.0544455	0.981325
						-1.22047	-8.81207	-13.6628
					}
				}
				{bone revolute "steer_wheel"
					{parameters "ID=cabin;"}
					{Matrix34
						0.950387	0	0.31107
						0	1	0
						-0.31107	0	0.950387
						5.87615	-10.0842	3.0316
					}
					{VolumeView "steer_wheel.ply"}
				}
			}
			{bone "engine"
				{Position 35.0055	0.0429074	2.98614}
			}
			{bone "wh_sp"
				{Position -47.7921	12.4299	4.57886}
				{VolumeView "wh_sp.ply"}
			}
		}
		{bone "link2"
			{Matrix34
				-1	0	0
				0	-1	0
				0	0	1
				-59.8145	0.177289	12.4682
			}
		}
		{bone "emit1"
			{Matrix34
				-0.5	0.866025	0
				-0.866025	-0.5	0
				0	0	1
				53.1461	-35.6994	0
			}
		}
		{bone "emit2"
			{Matrix34
				-0.5	-0.866025	0
				0.866025	-0.5	0
				0	0	1
				53.2086	34.588	0
			}
		}
		{bone "emit3"
			{Position -85.7869	12.5064	0}
		}
		{bone "emit4"
			{Position -85.7718	-12.4024	0}
		}
	}
}
{Volume "body"
	{Box 108.278 23.9239 4.5}
	{Bone "body"}
	{Position -1.87555	-0.204146	0.828501}
}
{Volume "bodyback"
	{Box 74.6755 42.0169 10.3132}
	{Bone "body_back"}
	{Position -19.9184	-0.0823059	0.177613}
}
{Volume "cabin"
	{Polyhedron "cabin.vol"}
	{Bone "cabin"}
	{Position 0.444107	-0.123283	-16.0907}
}
{Volume "engine"
	{Box 30.3163 9.81587 8.59974}
	{Bone "engine"}
	{Position 1.62563	-0.0504798	4.21572}
}
{Volume "glass_1"
	{Polyhedron "glass_1.vol"}
	{Bone "glass_1"}
	{Position 0.726463	0.000815392	-0.00218964}
}
{Volume "glass_2"
	{Polyhedron "glass_2.vol"}
	{Bone "glass_2"}
	{Position 0.726463	0.000815719	-0.00218964}
}
{Volume "shield"
	{Box 74.5275 41.4273 27.4794}
	{Bone "shield"}
	{Position -0.560505	-0.0933053	-1.7683}
}
{Volume "wheelleft1"
	{Cylinder 9.54023 4.97924}
	{Bone "wheell1"}
	{Matrix34
		-1	0	0
		0	1	0
		0	0	-1
		-0.0172932	0.00455763	-0.00369239
	}
}
{Volume "wheelleft2"
	{Cylinder 9.42288 10}
	{Bone "wheell2"}
	{Matrix34
		-1	0	0
		0	1	0
		0	0	-1
		-0.0116215	-0.116018	-0.0811653
	}
}
{Volume "wheelright1"
	{Cylinder 9.54023 4.97924}
	{Bone "wheelr1"}
	{Matrix34
		-1	0	0
		0	1	0
		0	0	-1
		-0.000208245	0.0591831	0.00889421
	}
}
{Volume "wheelright2"
	{Cylinder 9.42288 10}
	{Bone "wheelr2"}
	{Matrix34
		-1	0	0
		0	1	0
		0	0	-1
		-0.0117058	-0.116015	0.0228672
	}
}
