;Exported by: Normand
;Date:        Wed Aug 31 22:41:05 2016
;File:        C:\Users\Normand\pf621_75aa_xx.max
{Skeleton
	{bone "basis"
		{parameters "SteerMax=30;WheelRadius=0.5;"}
		{Orientation
			1	0	0
			0	-1	0
			0	0	1
		}
		{bone "body"
			{parameters "ID=body;"}
			{Matrix34
				0.999962	0	0.00867873
				0.000211556	0.999703	-0.0243755
				-0.00867615	0.0243764	0.999665
				-6.43439	0.200641	15.776
			}
			{VolumeView "body.ply"}
			{bone "lightl"
				{parameters "ID=body;"}
				{Position 44.0714	7.4204	2.51211}
				{VolumeView "lightl.ply"}
			}
			{bone "lightr"
				{parameters "ID=body;"}
				{Position 44.0714	-7.36342	2.47762}
				{VolumeView "lightr.ply"}
			}
			{bone "wheel_steer"
				{parameters "ID=body;"}
				{Position 14.1644	5.15881	10.5743}
				{VolumeView "wheel_steer.ply"}
			}
			{bone "fxfire1"
				{Position 33.0343	-0.0945932	5.29455}
			}
			{bone "bodyback"
				{parameters "ID=body;"}
				{Position -29.4388	-0.0391934	-2.57655}
				{VolumeView "bodyback.ply"}
				{bone revolute "turret"
					{parameters "ID=turret;"}
					{limits -150 150}
					{Matrix34
						-0.999463	0.00208067	-0.0327102
						-0.000828793	-0.999268	-0.0382387
						-0.0327658	-0.0381911	0.998733
						-0.327213	0.146911	1.91307
					}
					{VolumeView "turret.ply"}
					{bone revolute "gun_rot"
						{limits -5 75}
						{Matrix34
							1	0	0
							0	0	1
							0	-1	0
							-16.7723	0.302111	12.3196
						}
						{VolumeView "gun_rot.ply"}
						{bone "gun"
							{parameters "ID=gun;"}
							{Matrix34
								0.999646	0	0.0265896
								0.0265896	0	-0.999646
								0	1	0
								19.7879	3.0428	0.645721
							}
							{VolumeView "gun.ply"}
						}
					}
					{bone "seatr1"
						{parameters "ID=turret;"}
						{Position -10.4213	-7.20269	5.8126}
						{VolumeView "seatr1.ply"}
					}
					{bone "seatl1"
						{parameters "ID=turret;"}
						{Position -10.4213	12.1724	5.75401}
						{VolumeView "seatl1.ply"}
					}
					{bone "seatl2"
						{parameters "ID=turret;"}
						{Matrix34
							-1	0	0
							0	-1	0
							0	0	1
							4.18097	6.83131	5.8126
						}
						{VolumeView "seatl2.ply"}
					}
					{bone "seatl3"
						{parameters "ID=turret;"}
						{Position 19.3395	8.64519	3.96659}
						{VolumeView "seatl3.ply"}
					}
					{bone "seatr2"
						{parameters "ID=turret;"}
						{Position 19.3395	-7.99166	3.96658}
						{VolumeView "seatr2.ply"}
					}
				}
			}
			{bone "engine"
				{parameters "ID=engine;"}
				{Matrix34
					0	0	1
					0	1	0
					-1	0	0
					39.9981	-0.0226209	3.71672
				}
				{VolumeView "engine.ply"}
				{bone "cover1"
					{parameters "ID=engine;"}
					{Matrix34
						0.981151	-0.190717	-0.031129
						0.190809	0.981627	0
						0.030557	-0.00593981	0.999515
						6.35365	1.61273	0.10495
					}
					{VolumeView "cover1.ply"}
				}
				{bone "coverl2"
					{parameters "ID=engine;"}
					{Matrix34
						1	0	0
						0	0.258819	-0.965926
						0	0.965926	0.258819
						-0.901251	3.99808	-2.38117
					}
					{VolumeView "coverl2.ply"}
				}
				{bone "coverl1"
					{parameters "ID=engine;"}
					{Matrix34
						1	0	0
						0	0.34202	0.939693
						0	-0.939693	0.34202
						-0.901974	3.38872	-2.38126
					}
					{VolumeView "coverl1.ply"}
				}
				{bone "coverr1"
					{parameters "ID=engine;"}
					{Matrix34
						1	0	0
						0	0.258819	-0.965926
						0	0.965926	0.258819
						-0.901979	-3.28384	-2.38123
					}
					{VolumeView "coverr1.ply"}
				}
				{bone "coverr2"
					{parameters "ID=engine;"}
					{Matrix34
						1	0	0
						0	0.258819	0.965926
						0	-0.965926	0.258819
						-0.901251	-3.88545	-2.38115
					}
					{VolumeView "coverr2.ply"}
				}
				{bone "cover2"
					{parameters "ID=engine;"}
					{Matrix34
						0.931447	0.363876	0
						-0.363876	0.931447	0
						0	0	1
						6.59357	-1.55562	0
					}
					{VolumeView "cover2.ply"}
				}
			}
			{bone "cabin"
				{parameters "ID=Cabin;"}
				{Position -0.0172749	-0.240379	-2.96509}
				{VolumeView "cabin.ply"}
				{bone "seat_front"
					{parameters "ID=cabin;"}
					{Position 4.50133	-0.0295765	5.21603}
					{VolumeView "seat_front.ply"}
				}
				{bone "glass_frame"
					{parameters "ID=cabin;"}
					{Matrix34
						0.0946427	0	-0.995511
						0	1	0
						0.995511	0	0.0946427
						18.2374	0.17599	14.8454
					}
					{VolumeView "glass_frame.ply"}
				}
			}
			{bone "standl"
				{parameters "ID=body;"}
				{Position -47.0734	8.16518	-8.19963}
				{VolumeView "standl.ply"}
				{bone "standl3"
					{parameters "ID=body;"}
					{Matrix34
						0.99996	-0.000198314	0.00891552
						-0.000446673	0.997384	0.0722799
						-0.00890587	-0.072281	0.997344
						2.9323	2.3434	-6.58103
					}
					{VolumeView "standl3.ply"}
				}
				{bone "standl1"
					{parameters "ID=body;"}
					{Matrix34
						0.99996	-0.000198346	0.00891549
						-0.000340394	0.998176	0.0603746
						-0.00891048	-0.0603753	0.998136
						49.424	7.84045	-6.59464
					}
					{VolumeView "standl1.ply"}
				}
				{bone "standl2"
					{parameters "ID=body;"}
					{Matrix34
						0.416291	-0.906709	-0.0676768
						0.909188	0.414387	0.0407494
						-0.00890318	-0.0784952	0.996875
						31.1657	3.84185	-5.29267
					}
					{VolumeView "standl2.ply"}
					{bone "standl4"
						{parameters "ID=body;"}
						{Matrix34
							0.99996	-0.000502179	-0.00890279
							-0.00019845	0.996915	-0.0784951
							0.0089156	0.0784936	0.996875
							-0.109949	0.298055	-0.558267
						}
						{VolumeView "standl4.ply"}
					}
				}
			}
			{bone "standr"
				{parameters "ID=body;"}
				{Matrix34
					1	0	0
					0	-1	0
					0	0	1
					-47.0734	-7.98779	-8.19963
				}
				{VolumeView "standr.ply"}
				{bone "standr3"
					{parameters "ID=body;"}
					{Matrix34
						0.99996	-0.000198316	0.00891546
						-0.000446673	0.997384	0.0722799
						-0.00890586	-0.072281	0.997344
						2.93229	2.3434	-6.58103
					}
					{VolumeView "standr3.ply"}
				}
				{bone "standr1"
					{parameters "ID=body;"}
					{Matrix34
						0.99996	-0.000198366	0.0089155
						-0.00034037	0.998176	0.0603746
						-0.00891044	-0.0603753	0.998136
						49.424	7.84045	-6.59464
					}
					{VolumeView "standr1.ply"}
				}
				{bone "standr2"
					{parameters "ID=body;"}
					{Matrix34
						0.416291	-0.906709	-0.0676768
						0.909188	0.414387	0.0407493
						-0.00890314	-0.0784952	0.996875
						31.1657	3.84185	-5.29267
					}
					{VolumeView "standr2.ply"}
					{bone "standr4"
						{parameters "ID=body;"}
						{Matrix34
							0.99996	-0.000502047	-0.00890359
							-0.000198264	0.996915	-0.0784951
							0.00891481	0.0784936	0.996875
							-0.109945	0.298057	-0.558267
						}
						{VolumeView "standr4.ply"}
					}
				}
			}
		}
		{bone "pivot_back"
			{parameters "ID=body;"}
			{Position -36.0659	0.549976	8.80874}
			{VolumeView "pivot_back.ply"}
			{bone prizmatic "suspension_r2"
				{limits -0.1 0.08}
				{speed2 0.5}
				{Matrix34
					1   0   0
					0   1   0
					0   0   1
					0.00627899	-14.9249	-0.109035
				}
				{bone revolute "wheelright2"
					{parameters "ID=body;"}
					{Matrix34
						-1	0	0
						0	0	1
						0	1	0
						0   0.2   0
					}
					{VolumeView "wheelright2.ply"}
				}
				{bone revolute "wheelright21"
					{parameters "ID=body;"}
					{Matrix34
						-1	0	0
						0	0	1
						0	1	0
						0   -3.0   0
					}
					{VolumeView "wheelright2.ply"}
				}
			}
			{bone prizmatic "suspension_l2"
				{limits -0.1 0.08}
				{speed2 0.5}
				{Matrix34
					1   0   0
					0   1   0
					0   0   1
					0.00646973	15.1339	-0.0388832
				}
				{bone revolute "wheelleft2"
					{parameters "ID=body;"}
					{Matrix34
						-1	0	0
						0	0	1
						0	1	0
						0   2   0
					}
					{VolumeView "wheelleft2.ply"}
				}
				{bone revolute "wheelleft21"
					{parameters "ID=body;"}
					{Matrix34
						-1	0	0
						0	0	1
						0	1	0
						0   -1.2   0
					}
					{VolumeView "wheelleft2.ply"}
				}
			}
		}
		{bone "pivot_front"
			{Position 31.7681	0.152338	0}
			{bone revolute "steer_l"
				{Matrix34
					-1	0	0
					0	1	0
					0	0	1
					-0.241014	13.6721	8.76534
				}
				{bone prizmatic "suspension_l1"
					{limits -0.1 0.08}
					{speed2 0.5}
					{Matrix34
						1   0   0
						0   1   0
						0   0   1
						-0.0216255	0.492261	0.00122929
					}
					{bone revolute "wheelleft1"
						{parameters "ID=body;"}
						{Matrix34
							1	0	0
							0	0	1
							0	1	0
						0   1   0
						}
						{VolumeView "wheelleft1.ply"}
					}
				}
			}
			{bone revolute "steer_r"
				{Matrix34
					-1	0	0
					0	1	0
					0	0	1
					-0.234537	-13.5763	8.76534
				}
				{bone prizmatic "suspension_r1"
					{limits -0.1 0.08}
					{speed2 0.5}
					{Matrix34
						1   0   0
						0   1   0
						0   0   1
						-0.0147686	-0.192122	-0.0637503
					}
					{bone revolute "wheelright1"
						{parameters "ID=body;"}
						{Matrix34
							1	0	0
							0	0	1
							0	1	0
							0   -1   0
						}
						{VolumeView "wheelright1.ply"}
					}
				}
			}
		}
	}
}
{Volume "body"
	{Box 87.9583 15.6132 2.50288}
	{Bone "body"}
	{Position -2.36354	0.029779	-3.97023}
}
{Volume "cabin2"
	{Box 2.3 20.25 28}
	{Bone "cabin"}
	{Matrix34
		1	0	0
		0	0	1
		0	-1	0
		-0.574302	0.239193	9.82435
	}
}
{Volume "cabin3"
	{Polyhedron "cabin3.vol"}
	{Bone "cabin"}
	{Position 10.1001	0.026971	-0.466558}
}
{Volume "cabin"
	{Box 3 25 15}
	{Bone "cabin"}
	{Position 19.4187	0.0782644	7.5809}
}
{Volume "engine"
	{Box 21 16 14}
	{Bone "engine"}
	{Matrix34
		0	0	-1
		0	1	0
		1	0	0
		0.784979	0.0444372	8.42971
	}
}
{Volume "gun"
	{Cylinder 2.5 54}
	{Bone "gun"}
	{Matrix34
		0	1	0
		0	0	1
		1	0	0
		0.197212	0.747687	0.311632
	}
}
{Volume "turret1"
	{Box 0.551264 10.474 21.5}
	{Bone "turret"}
	{Position 13.1036	-7.91395	13.9564}
}
{Volume "turret2"
	{Box 8.42556 0.567524 21.5}
	{Bone "turret"}
	{Matrix34
		0.921212	0.389062	0
		-0.389061	0.921212	0
		0	0	1
		9.21222	-14.7994	14.0079
	}
}
{Volume "turret4"
	{Polyhedron "turret4.vol"}
	{Bone "turret"}
	{Position 0.0167885	0.327198	2.43504}
}
{Volume "turret"
	{Polyhedron "turret.vol"}
	{Bone "turret"}
	{Position 9.39614	10.437	3.18308}
}
{Volume "wheelleft1"
	{Cylinder 5.0 3.9}
	{Bone "wheelleft1"}
	{Matrix34
		-1	0	0
		0	1	0
		0	0	-1
		-0.102764	-0.000341415	0.0488651
	}
}
{Volume "wheelleft2"
	{Cylinder 9.3 8.4}
	{Bone "wheelleft2"}
	{Matrix34
		-1	0	0
		0	1	0
		0	0	-1
		0.0507285	0.023819	0.0431585
	}
}
{Volume "wheelright1"
	{Cylinder 5.0 3.9}
	{Bone "wheelright1"}
	{Matrix34
		-1	0	0
		0	1	0
		0	0	-1
		-0.103145	0.0646391	0.0310934
	}
}
{Volume "wheelright2"
	{Cylinder 9.3 8.4}
	{Bone "wheelright2"}
	{Matrix34
		-1	0	0
		0	1	0
		0	0	-1
		0.0505301	0.0939722	-0.00663853
	}
}
