;Exported by:	 carlos
;Date:			 14.07.2021 18:55:17
;File:			 E:\GoH_3D_vehicles_rus\vehicles\tank_medium\t3476_42\T-34-76_42_xx.max
{skeleton
	{bone "basis"
		{orientation
			1 	 0 	 0
			0 	 -1 	 0
			0 	 0 	 1
		}
		{bone "wheelsr"
			{parameters "wheelsr;id=trackright;"}
			{Position 2.8501 	 -20.1707 	 9.5953}
			{LODView
				{VolumeView "wheelsr.ply"}
				{VolumeView "wheelsr_lod1.ply"}
			}
			{bone "trackr"
				{parameters "id=trackright;"}
				{matrix34
					-1 	 0 	 0
					0 	 -1 	 0
					0 	 0 	 1
					-5.4271 	 -4.141 	 0.204
				}
				{VolumeView "trackr.ply"}
			}
			{bone prizmatic "suspension_r1"
				{parameters "ikspeed2=2;"}
				{limits -0.19 0.06}
				{Position 32.363 	 -4.4426 	 -0.5556}
				{bone revolute "wheelr2"
					{parameters "id=trackright;radius=0.46;"}
					{matrix34
						1 	 0 	 0
						0 	 0 	 -1
						0 	 1 	 0
						0 	 0 	 0
					}
					{LODView
						{VolumeView "wheelr2.ply"}
						{VolumeView "wheelr2_lod1.ply"}
					}
				}
			}
			{bone prizmatic "suspension_r5"
				{parameters "ikspeed2=2;"}
				{limits -0.19 0.17}
				{Position -40.8446 	 -4.4426 	 -0.5556}
			}
			{bone prizmatic "suspension_r2"
				{parameters "ikspeed2=2;"}
				{limits -0.19 0.17}
				{Position 14.0652 	 -4.4426 	 -0.5556}
				{bone revolute "part4"
					{parameters "id=trackright;radius=0.46;"}
					{matrix34
						1 	 0 	 0
						0 	 0 	 -1
						0 	 1 	 0
						0 	 0 	 0
					}
					{LODView
						{VolumeView "part4.ply"}
						{VolumeView "part4_lod1.ply"}
					}
				}
			}
			{bone prizmatic "suspension_r4"
				{parameters "ikspeed2=2;"}
				{limits -0.19 0.17}
				{Position -23.641 	 -4.4426 	 -0.5556}
				{bone revolute "wheelr5"
					{parameters "id=trackright;radius=0.46;"}
					{matrix34
						0.5 	 0 	 0.866
						0.866 	 0 	 -0.5
						0 	 1 	 0
						0 	 0 	 0
					}
					{LODView
						{VolumeView "wheelr5.ply"}
						{VolumeView "wheelr5_lod1.ply"}
					}
				}
			}
			{bone prizmatic "suspension_r3"
				{parameters "ikspeed2=2;"}
				{limits -0.19 0.17}
				{Position -6.4868 	 -4.4426 	 -0.5556}
				{bone revolute "wheelr4"
					{parameters "id=trackright;radius=0.46;"}
					{matrix34
						0.5 	 0 	 -0.866
						-0.866 	 0 	 -0.5
						0 	 1 	 0
						0 	 0 	 0
					}
					{LODView
						{VolumeView "wheelr2.ply"}
						{VolumeView "wheelr2_lod1.ply"}
					}
				}
			}
		}
		{bone "wheelsl"
			{parameters "wheelsl;id=trackleft;"}
			{Position 2.8501 	 19.9533 	 9.5953}
			{LODView
				{VolumeView "wheelsl.ply"}
				{VolumeView "wheelsl_lod1.ply"}
			}
			{bone "trackl"
				{parameters "id=trackleft;"}
				{matrix34
					-1 	 0 	 0
					0 	 -1 	 0
					0 	 0 	 1
					-5.4271 	 4.0319 	 0.204
				}
				{VolumeView "trackl.ply"}
			}
			{bone prizmatic "suspension_l1"
				{parameters "ikspeed2=2;"}
				{limits -0.19 0.03}
				{Position 32.363 	 4.4425 	 -0.5556}
				{bone revolute "wheell2"
					{parameters "id=trackleft;radius=0.46;"}
					{matrix34
						1 	 0 	 0
						0 	 0 	 -1
						0 	 1 	 0
						0 	 0 	 0
					}
					{LODView
						{VolumeView "wheell2.ply"}
						{VolumeView "wheell2_lod1.ply"}
					}
				}
			}
			{bone prizmatic "suspension_l2"
				{parameters "ikspeed2=2;"}
				{limits -0.19 0.07}
				{Position 14.0652 	 4.4425 	 -0.5556}
				{bone revolute "wheell3"
					{parameters "id=trackleft;radius=0.46;"}
					{matrix34
						1 	 0 	 0
						0 	 0 	 -1
						0 	 1 	 0
						0 	 0 	 0
					}
					{LODView
						{VolumeView "wheell3.ply"}
						{VolumeView "wheell3_lod1.ply"}
					}
				}
			}
			{bone prizmatic "suspension_l3"
				{parameters "ikspeed2=2;"}
				{limits -0.19 0.11}
				{Position -6.4868 	 4.4425 	 -0.5556}
				{bone revolute "wheell4"
					{parameters "id=trackleft;radius=0.46;"}
					{matrix34
						-0.5 	 0 	 -0.866
						-0.866 	 0 	 0.5
						0 	 1 	 0
						0 	 0 	 0
					}
					{LODView
						{VolumeView "wheell2.ply"}
						{VolumeView "wheell2_lod1.ply"}
					}
				}
			}
			{bone prizmatic "suspension_l4"
				{parameters "ikspeed2=2;"}
				{limits -0.19 0.17}
				{Position -23.641 	 4.4426 	 -0.5556}
			}
			{bone prizmatic "suspension_l5"
				{parameters "ikspeed2=2;"}
				{limits -0.19 0.17}
				{Position -40.8446 	 4.4426 	 -0.5556}
				{bone revolute "part7"
					{parameters "id=trackleft;radius=0.46;"}
					{matrix34
						-0.5 	 -0.7647 	 0.4066
						0.866 	 -0.4415 	 0.2347
						0 	 0.4695 	 0.8829
						0 	 2.4211 	 -0.3513
					}
					{LODView
						{VolumeView "wheell2.ply"}
						{VolumeView "wheell2_lod1.ply"}
					}
				}
			}
		}
		{bone "body"
			{parameters "id=body;"}
			{matrix34
				0.9986 	 -0.0003 	 -0.0523
				-0.0006 	 0.9998 	 -0.0174
				0.0523 	 0.0174 	 0.9985
				-2.4337 	 -0.0957 	 19.8975
			}
			{LODView
				{VolumeView "body.ply"}
				{VolumeView "body_lod1.ply"}
			}
			{bone "cover_driver"
				{matrix34
					-0.8992 	 -0.1048 	 -0.4248
					0.0598 	 -0.9912 	 0.118
					-0.4334 	 0.0807 	 0.8976
					35.6791 	 5.5653 	 8.2887
				}
				{LODView
					{VolumeView "cover_driver.ply"}
					{VolumeView "cover_driver_lod1.ply"}
				}
			}
			{bone "part1"
				{matrix34
					-1 	 0 	 0
					0 	 -1 	 0
					0 	 0 	 1
					52.9693 	 -23.699 	 -1.6656
				}
				{LODView
					{VolumeView "part1.ply"}
					{VolumeView "part1_lod1.ply"}
				}
			}
			{bone "part5"
				{matrix34
					-1 	 0 	 0
					0 	 -1 	 0
					0 	 0 	 1
					-35.0896 	 -24.9201 	 8.1523
				}
				{LODView
					{VolumeView "part5.ply"}
					{VolumeView "part5_lod1.ply"}
				}
			}
			{bone revolute "wheelr1"
				{parameters "id=trackright;radius=0.25;"}
				{matrix34
					1 	 0 	 0
					0 	 0 	 -1
					0 	 1 	 0
					51.2961 	 -24.8076 	 -6.4304
				}
				{LODView
					{VolumeView "wheelr1.ply"}
					{VolumeView "wheelr1_lod1.ply"}
				}
			}
			{bone revolute "part3"
				{parameters "id=trackright;radius=0.31;"}
				{matrix34
					1 	 0 	 0
					0 	 0 	 -1
					0 	 1 	 0
					-50.3507 	 -24.963 	 -8.4091
				}
				{LODView
					{VolumeView "part3.ply"}
					{VolumeView "part3_lod1.ply"}
				}
			}
			{bone revolute "wheell7"
				{parameters "id=trackleft;radius=0.31;"}
				{matrix34
					0.9895 	 0.1433 	 -0.0186
					-0.014 	 -0.0333 	 -0.9993
					-0.1438 	 0.9891 	 -0.0309
					-50.3506 	 24.9371 	 -8.4091
				}
				{LODView
					{VolumeView "wheell7.ply"}
					{VolumeView "wheell7_lod1.ply"}
				}
			}
			{bone revolute "wheell1"
				{parameters "id=trackleft;radius=0.25;"}
				{matrix34
					1 	 0 	 0
					0 	 0.2419 	 -0.9703
					0 	 0.9703 	 0.2419
					51.2963 	 23.9342 	 -6.4452
				}
				{LODView
					{VolumeView "wheell1.ply"}
					{VolumeView "wheell1_lod1.ply"}
				}
			}
			{bone revolute "mgun_rot"
				{Position 42.0044 	 -11.0445 	 4.4044}
				{bone revolute "mgun"
					{matrix34
						0.9475 	 0.2787 	 -0.1565
						0.234 	 -0.2712 	 0.9337
						0.2178 	 -0.9213 	 -0.3222
						0 	 0 	 0
					}
					{LODView
						{VolumeView "mgun.ply"}
						{VolumeView "mgun_lod1.ply"}
					}
				}
			}
			{bone "part2"
				{matrix34
					-1 	 0 	 0
					0 	 -1 	 0
					0 	 0 	 1
					-54.6337 	 -24.0114 	 -0.5965
				}
				{LODView
					{VolumeView "part2.ply"}
					{VolumeView "part2_lod1.ply"}
				}
			}
			{bone "engine"
				{parameters "id=engine;"}
				{Position -29.7606 	 1.494 	 0}
				{LODView
					{VolumeView "engine.ply"}
					{VolumeView "engine_lod1.ply"}
				}
			}
			{bone "part6"
				{parameters "commonmesh;id=engine;"}
				{matrix34
					-0.8526 	 0 	 0.5225
					0 	 -1 	 0
					0.5225 	 0 	 0.8526
					-28.6412 	 -0.0029 	 13.0655
				}
				{LODView
					{VolumeView "part6.ply"}
					{VolumeView "part6_lod1.ply"}
				}
			}
			{bone revolute "turret"
				{parameters "id=turret;"}
				{speed 0.01}
				{matrix34
					0.9131 	 -0.3988 	 -0.0845
					0.3929 	 0.9162 	 -0.0785
					0.1087 	 0.0385 	 0.9933
					12.2796 	 1.0656 	 17.6921
				}
				{LODView
					{VolumeView "turret.ply"}
					{VolumeView "turret_lod1.ply"}
				}
				{bone revolute "gun_rot"
					{parameters "id=gun;"}
					{limits -5 22}
					{speed 0.015}
					{matrix34
						0.9976 	 0 	 -0.0698
						0.0698 	 0 	 0.9976
						0 	 -1 	 0
						13.3702 	 -0.694 	 1.6695
					}
					{LODView
						{VolumeView "gun_rot.ply"}
						{VolumeView "gun_rot_lod1.ply"}
					}
					{bone "gun"
						{parameters "id=gun;"}
						{matrix34
							1 	 0 	 0
							0 	 1 	 0
							0 	 0 	 1
							28.4947 	 1.8404 	 -0.3184
						}
						{VolumeView "gun.ply"}
					}
				}
				{bone "cover1"
					{matrix34
						-0.5664 	 0 	 0.8241
						0 	 -1 	 0
						0.8241 	 0 	 0.5664
						1.5866 	 5.8439 	 9.4938
					}
					{VolumeView "cover1.ply"}
				}
			}
		}
	}
}
{volume "body2"
	{polyhedron "body2.vol"}
	{bone "body"}
	{Position 44.8842 	 1.5174 	 -5.8789}
}
{volume "body"
	{polyhedron "body.vol"}
	{bone "body"}
	{Position 44.8842 	 1.5174 	 -5.8789}
}
{volume "engine2"
	{polyhedron "engine2.vol"}
	{bone "body"}
	{Position 44.8842 	 1.5174 	 -5.8789}
}
{volume "engine3"
	{polyhedron "engine3.vol"}
	{bone "body"}
	{Position 44.8842 	 1.5174 	 -5.8789}
}
{volume "engine"
	{polyhedron "engine.vol"}
	{bone "body"}
	{Position 44.8842 	 1.5174 	 -5.8789}
}
{volume "gun2"
	{polyhedron "gun2.vol"}
	{bone "gun_rot"}
	{matrix34
		0 	 0 	 -1
		0 	 1 	 0
		1 	 0 	 0
		3.8803 	 1.0233 	 -0.2953
	}
}
{volume "gun"
	{cylinder 1.38345 35.7009}
	{bone "gun"}
	{matrix34
		0.0062 	 0.0038 	 1
		0.0305 	 0.9995 	 -0.004
		-0.9995 	 0.0305 	 0.006
		-0.2883 	 -0.1854 	 0.031
	}
}
{volume "mantlet"
	{polyhedron "mantlet.vol"}
	{bone "gun_rot"}
	{matrix34
		-1 	 0 	 0
		0 	 1 	 0
		0 	 0 	 -1
		0.3719 	 -0.1471 	 5.2798
	}
}
{volume "part1"
	{polyhedron "part1.vol"}
	{bone "part1"}
	{matrix34
		1 	 0 	 0
		0 	 0 	 1
		0 	 -1 	 0
		0 	 -0.073 	 0
	}
}
{volume "part2"
	{box 6.82433 11.7395 1.48185}
	{bone "part2"}
	{matrix34
		-0.9157 	 0 	 0.4019
		0 	 -1 	 0
		0.4019 	 0 	 0.9157
		-0.0439 	 -0.0043 	 0.378
	}
}
{volume "part3"
	{cylinder 6.32149 3.73445}
	{bone "part3"}
	{Position -0.0015 	 -0.0212 	 0.4058}
}
{volume "part4"
	{cylinder 8.54256 6.82216}
	{bone "part4"}
	{matrix34
		1 	 0 	 0
		0 	 0.8339 	 -0.5519
		0 	 0.5519 	 0.8339
		0 	 1.7393 	 -2.8206
	}
}
{volume "part5"
	{cylinder 3.81534 19.2175}
	{bone "part5"}
	{matrix34
		0 	 0.0355 	 -0.9994
		0.0024 	 0.9994 	 0.0355
		1 	 -0.0024 	 0
		-0.0818 	 0.1352 	 0.5517
	}
}
{volume "part6"
	{box 12.46 36.1979 4.41372}
	{bone "part6"}
	{matrix34
		1 	 0 	 0
		0 	 -0.9945 	 -0.1046
		0 	 0.1046 	 -0.9945
		6.9086 	 0.2324 	 -2.1611
	}
}
{volume "part7"
	{cylinder 8.54256 6.82216}
	{bone "part7"}
	{matrix34
		-0.5206 	 0.8526 	 -0.0462
		-0.8538 	 -0.5199 	 0.0267
		-0.0012 	 0.0534 	 0.9986
		0.1269 	 -0.3783 	 -0.2631
	}
}
{volume "trackleft"
	{polyhedron "trackleft.vol"}
	{bone "wheelsl"}
	{matrix34
		-1 	 0 	 0
		0 	 0 	 1
		0 	 1 	 0
		-9.5891 	 4.4266 	 1.0076
	}
}
{volume "trackright"
	{polyhedron "trackright.vol"}
	{bone "wheelsr"}
	{matrix34
		-1 	 0 	 0
		0 	 0 	 1
		0 	 1 	 0
		-9.5891 	 -3.9354 	 1.0076
	}
}
{volume "turret2"
	{cylinder 17.454 2.78687}
	{bone "turret"}
	{matrix34
		0.9655 	 -0.2605 	 0
		0.2605 	 0.9655 	 0
		0 	 0 	 1
		-0.0204 	 0 	 -5.6653
	}
}
{volume "turret3"
	{polyhedron "turret3.vol"}
	{bone "turret"}
	{matrix34
		-1 	 0 	 0
		0 	 0 	 1
		0 	 1 	 0
		13.6327 	 -11.5531 	 1.6465
	}
}
{volume "turret"
	{polyhedron "turret.vol"}
	{bone "turret"}
	{matrix34
		-1 	 0 	 0
		0 	 -1 	 0
		0 	 0 	 1
		-4.6632 	 0.1267 	 8.8333
	}
}
