;Exported by: Norman
;Date:        Sun Oct 02 17:51:00 2022
;File:        C:\Users\Norman\Documents\3dsmax\scenes\type11_xx.max
{Skeleton
	{bone revolute "basis"
		{speed 0.002}
		{Orientation
			1	0	0
			0	-1	0
			0	0	1
		}
		{bone "body"
			{parameters "ID=body;"}
			{Matrix34
				0.999761	0	0.0218407
				-0.00169996	0.996966	0.0778159
				-0.0217745	-0.0778345	0.996729
				2.01614	-0.320431	8.03873
			}
			{VolumeView "body.ply"}
			{bone "standr"
				{parameters "ID=body;"}
				{Position 1.79308	-2.54576	-7.68438}
				{VolumeView "standr.ply"}
			}
			{bone "standl"
				{parameters "ID=body;"}
				{Position 1.79307	2.58953	-7.69816}
				{VolumeView "standl.ply"}
			}
			{bone revolute "turret"
				{parameters "ID=turret;"}
				{Matrix34
					0.997734	0.00515798	-0.0670781
					0	0.997057	0.0766688
					0.0672761	-0.0764951	0.994798
					0.135923	0.0117218	2.02594
				}
				{VolumeView "turret.ply"}
				{bone revolute "gun_rot"
					{parameters "ID=body;"}
					{Matrix34
						0.961591	0	-0.274488
						0.274488	0	0.96159
						0	-1	0
						0.051762	0.00109375	1.73414
					}
					{VolumeView "gun_rot.ply"}
					{bone "gun"
						{parameters "ID=gun;"}
						{Matrix34
							1	0	0
							0	0	-1
							0	1	0
							0.529523	1.60845	-0.758478
						}
						{VolumeView "gun.ply"}
					}
				}
			}
			{bone "shield"
				{parameters "ID=body;"}
				{Matrix34
					1	0	0
					0	0.999449	0.033192
					0	-0.033192	0.999449
					-2.45421	0.00996399	4.90586
				}
				{VolumeView "shield.ply"}
			}
		}
	}
}
{Volume "body2"
	{Box 1.84438 9.31649 0.5}
	{Bone "body"}
	{Matrix34
		0.900342	0	0.435184
		-0.435185	0	0.900342
		0	-1	0
		4.04043	-0.00682801	-3.49755
	}
}
{Volume "body3"
	{Box 37 1 1}
	{Bone "body"}
	{Matrix34
		0.961783	0.178863	0.207318
		-0.203778	-0.038149	0.978274
		0.182886	-0.983134	-0.000242571
		-17.5805	-3.88034	-3.02148
	}
}
{Volume "body4"
	{Box 37 1 1}
	{Bone "body"}
	{Matrix34
		0.961663	-0.179512	0.207318
		-0.203843	0.0377988	0.978274
		-0.183448	-0.983029	-0.00024249
		-17.7637	3.90925	-3.02148
	}
}
{Volume "body"
	{Box 2.5 2.5 3}
	{Bone "body"}
	{Position 0.15248	-0.0813121	1.09382}
}
{Volume "gun2"
	{Cylinder 0.75748 20}
	{Bone "gun_rot"}
	{Matrix34
		0	0	1
		0	1	0
		-1	0	0
		1.65891	-0.0537631	0.0313274
	}
}
{Volume "gun"
	{Cylinder 0.670367 22.5}
	{Bone "gun"}
	{Matrix34
		0	-1	0
		0	0	1
		-1	0	0
		0.563545	-0.767067	-0.0841786
	}
}
{Volume "shield1"
	{Box 17.5 6 0.25}
	{Bone "shield"}
	{Matrix34
		0	-1	0
		0	0	1
		-1	0	0
		3.53935	-0.0193744	-1.90819
	}
}
{Volume "shield2"
	{Box 17.5 6 0.25}
	{Bone "shield"}
	{Matrix34
		0	-1	0
		-0.518861	0	0.854858
		-0.854859	0	-0.518861
		2.13629	-0.0193746	3.49964
	}
}
{Volume "standl"
	{Cylinder 0.302949 20}
	{Bone "standl"}
	{Matrix34
		0.150901	-0.988549	0
		0	0	1
		-0.988549	-0.150901	0
		-0.299516	-0.115414	-0.000454356
	}
}
{Volume "standr"
	{Cylinder 0.302949 20}
	{Bone "standr"}
	{Matrix34
		0.150899	0.988549	0
		0	0	1
		0.988549	-0.150899	0
		-0.218286	0.0812212	-0.0142319
	}
}