;Exported by: Ve2al
;Date:        Wed Jun 19 22:15:33 2013
;File:        C:\Users\Ve2al\Documents\3dsmax\scenes\Tanks\Panther M10\Panther M10_xx.max
{Skeleton
	{bone "basis"
		{Orientation
			1	0	0
			0	-1	0
			0	0	1
		}
		{bone "body"
			{parameters "ID=body;"}
			{Matrix34
				0.99863	-0.00121713	-0.0523147
				-0.000608815	0.999392	-0.0348729
				0.0523253	0.034857	0.998022
				-7.09125	0.415425	22.6735
			}
			{VolumeView "body.ply"}
			{bone revolute "turret"
				{parameters "ID=turret;"}
				{speed 0.01}
				{Matrix34
					0.974333	-0.224942	-0.00872653
					0.224951	0.97437	0
					0.00850288	-0.00196304	0.999962
					-5.11149	0.177954	16.1255
				}
				{VolumeView "turret.ply"}
				{bone revolute "gun_rot"
					{parameters "ID=gun;"}
					{limits -10 15}
					{speed 0.01}
					{Matrix34
						0.994522	0	-0.104528
						0.104528	0	0.994522
						0	-1	0
						23.5714	-0.0198596	5.53444
					}
					{VolumeView "gun_rot.ply"}
					{bone "gun_rot_m10"
						{parameters "ID=gun;"}
						{Position 0	0	0}
						{VolumeView "gun_rot_m10.ply"}
					}
					{bone "gun"
						{parameters "ID=gun;"}
						{Matrix34
							1	0	0
							0	0	-1
							0	1	0
							43.2969	0	0
						}
						{VolumeView "gun.ply"}
						{bone "detail9"
							{parameters "ID=gun;"}
							{Position -1.90735e-005	-1.33514e-005	0}
							{VolumeView "detail9.ply"}
						}
					}
				}
				{bone "turret_m10"
					{parameters "ID=turret;"}
					{Position 0	0	0}
					{VolumeView "turret_m10.ply"}
				}
			}
			{bone revolute "mgun_rot2"
				{limits -15 15}
				{Matrix34
					0.961967	0.0531605	-0.267941
					0.267978	0.00657424	0.963403
					0.0529765	-0.998564	-0.00792165
					49.3363	-10.175	8.01273
				}
				{bone revolute "gunn"
					{limits -15 15}
					{Matrix34
						1	0	0
						0	0	-1
						0	1	0
						-0.0210819	0	0
					}
					{VolumeView "gunn.ply"}
				}
			}
			{bone revolute "part1"
				{parameters "ID=trackleft;Radius=0.44;"}
				{Matrix34
					0.999962	0.00862635	0.000816826
					-0.0006162	0.164823	-0.986323
					-0.008643	0.986285	0.164822
					57.4578	25.462	-7.38739
				}
				{VolumeView "part1.ply"}
			}
			{bone revolute "wheelr1"
				{parameters "ID=trackRight;Radius=0.44;"}
				{Matrix34
					0.99998	0.00637202	0.000463642
					-0.000315316	0.121703	-0.992567
					0.00638108	-0.992546	-0.121703
					57.4578	-25.4521	-7.38739
				}
				{VolumeView "wheelr1.ply"}
			}
			{bone revolute "part3"
				{parameters "ID=trackRight;Radius=0.32;"}
				{Matrix34
					0.999304	-0.0368798	0.00559083
					0.00602262	0.0116078	-0.999914
					-0.0368118	-0.999252	-0.0118218
					-44.2034	-25.8105	-9.06864
				}
				{VolumeView "part3.ply"}
			}
			{bone "engine"
				{parameters "CommonMesh;ID=engine;"}
				{Position -40.0594	-0.0611348	14.6477}
				{VolumeView "engine.ply"}
			}
			{bone "part6"
				{Position 2.8692	29.0233	10.5901}
				{VolumeView "part6.ply"}
			}
			{bone "part4"
				{Position -56.8165	20.3568	6.79408}
				{VolumeView "part4.ply"}
			}
			{bone "part5"
				{Position -60.3715	-6.98403	9.66779}
				{VolumeView "part5.ply"}
			}
			{bone "body_m10"
				{parameters "ID=body;"}
				{Position 0	0	0}
				{VolumeView "body_m10.ply"}
			}
			{bone "cover2"
				{parameters "ID=body;"}
				{Position 30.9409	-17.5886	13.6923}
				{VolumeView "cover2.ply"}
			}
			{bone "cover1"
				{parameters "ID=body;"}
				{Position 30.941	17.5955	13.6923}
				{VolumeView "cover1.ply"}
			}
		}
		{bone "wheelsr"
			{parameters "wheelsR;"}
			{Position 50.3682	-20.0961	15.6621}
			{VolumeView "wheelsr.ply"}
			{bone revolute "wheelr3"
				{parameters "ID=trackRight;Radius=0.42;"}
				{Matrix34
					1	0	0
					0	-0.182235	-0.983255
					0	-0.983255	0.182235
					-25.1238	-5.02278	-6.20783
				}
				{VolumeView "wheelr3.ply"}
			}
			{bone revolute "wheelr4"
				{parameters "ID=trackRight;Radius=0.42;"}
				{Matrix34
					1	0	0
					0	0.0610491	-0.998135
					0	-0.998135	-0.0610491
					-35.933	-5.90233	-6.20783
				}
				{VolumeView "wheelr4.ply"}
			}
			{bone "wheelr5"
				{parameters "ID=trackRight;Radius=0.42;"}
				{Matrix34
					0.993572	0.113203	0
					0	0	-1
					0.113203	-0.993572	0
					-46.6586	-5.02278	-6.20783
				}
				{VolumeView "wheelr3.ply"}
			}
			{bone revolute "part7"
				{parameters "ID=trackRight;Radius=0.42;"}
				{Matrix34
					1	0	0
					0	0	-1
					0	-1	0
					-68.2797	-5.02278	-6.20783
				}
				{VolumeView "wheelr3.ply"}
			}
		}
		{bone "wheelsl"
			{parameters "wheelsL;"}
			{Position 50.3682	20.9369	15.6621}
			{VolumeView "wheelsl.ply"}
			{bone revolute "wheell2"
				{parameters "ID=trackleft;Radius=0.42;"}
				{Matrix34
					0.984808	0.173647	0
					0	0	-1
					-0.173647	0.984808	0
					-14.3983	5.57342	-6.20783
				}
				{VolumeView "wheell2.ply"}
			}
			{bone revolute "part2"
				{parameters "ID=trackleft;Radius=0.42;"}
				{Matrix34
					1	0	0
					0	-0.130525	-0.991445
					0	0.991445	-0.130525
					-57.5463	5.57343	-6.20783
				}
				{VolumeView "wheell2.ply"}
			}
			{bone revolute "wheell8"
				{parameters "ID=trackleft;Radius=0.42;"}
				{Matrix34
					1	0	0
					0	-0.121869	-0.992546
					0	0.992546	-0.121869
					-79.1192	5.57343	-6.20783
				}
				{VolumeView "wheell2.ply"}
			}
			{bone revolute "wheell9"
				{parameters "ID=trackleft;Radius=0.42;"}
				{Matrix34
					0.991445	-0.130528	0
					0	0	-1
					0.130528	0.991445	0
					-89.8448	5.0228	-6.20783
				}
				{VolumeView "wheell9.ply"}
			}
		}
	}
}
{Volume "body1"
	{Polyhedron "body1.vol"}
	{Bone "body"}
	{Position 17.0596	0.00574806	7.4252}
}
{Volume "body2"
	{Polyhedron "body2.vol"}
	{Bone "body"}
	{Position 8.77455	0.00564882	-4.69977}
}
{Volume "body3"
	{Polyhedron "body3.vol"}
	{Bone "body"}
	{Position 12.8291	0.00564882	-8.84511}
}
{Volume "engine"
	{Polyhedron "engine.vol"}
	{Bone "body"}
	{Position -40.0367	0.00575563	6.88456}
}
{Volume "gun"
	{Cylinder 1.99831 79.8088}
	{Bone "gun"}
	{Matrix34
		0	1	0
		0	0	1
		1	0	0
		2.34468	1.33881e-005	-0.115412
	}
}
{Volume "mantlet"
	{Polyhedron "mantlet.vol"}
	{Bone "gun_rot"}
	{Matrix34
		0	0	-1
		0	1	0
		1	0	0
		3.09481	0.0809441	0.393501
	}
}
{Volume "part1"
	{Cylinder 8.74086 7.6202}
	{Bone "part1"}
	{Position 0.0401036	0.0320709	-0.0645499}
}
{Volume "part2"
	{Cylinder 8.98175 5.49274}
	{Bone "part2"}
	{Position 0	-0.00470377	-0.559154}
}
{Volume "part3"
	{Cylinder 6.68172 5.04217}
	{Bone "part3"}
	{Matrix34
		-1	0	0
		0	-1	0
		0	0	-1
		-0.0435143	0.0218948	-0.0984566
	}
}
{Volume "part4"
	{Box 6.47576 13.2708 15.3562}
	{Bone "part4"}
	{Matrix34
		-0.874629	0.0158346	-0.484534
		-0.484791	-0.0310766	0.874078
		-0.00121705	0.999391	0.034857
		-0.122992	0.144039	-0.853588
	}
}
{Volume "part5"
	{Box 5.95329 4.89402 14.5788}
	{Bone "part5"}
	{Matrix34
		0.869562	-0.0551175	0.490738
		0.0423438	0.998414	0.0371062
		-0.492004	-0.0114865	0.870517
		-0.395449	0.0573502	-0.664511
	}
}
{Volume "part6"
	{Cylinder 1.84258 38.4883}
	{Bone "part6"}
	{Matrix34
		-0.00121715	0.999392	0.0348569
		2.14726e-005	-0.0348569	0.999392
		0.999999	0.00121715	2.11186e-005
		0.247401	-0.0620165	-0.0294517
	}
}
{Volume "part7"
	{Cylinder 8.8804 9.20134}
	{Bone "part7"}
	{Matrix34
		-1	0	0
		0	-1	0
		0	0	-1
		0	0	4.19617e-005
	}
}
{Volume "trackleft"
	{Polyhedron "trackleft.vol"}
	{Bone "wheelsl"}
	{Matrix34
		-1	0	0
		0	0	1
		0	1	0
		-55.9659	-0.971176	-2.21853
	}
}
{Volume "trackright"
	{Polyhedron "trackright.vol"}
	{Bone "wheelsr"}
	{Matrix34
		-1	0	0
		0	0	1
		0	1	0
		-55.9659	-10.8996	-3.48868
	}
}
{Volume "turret1"
	{Polyhedron "turret1.vol"}
	{Bone "turret"}
	{Matrix34
		-0.998437	0.0449877	0.0331584
		0.0110629	-0.422473	0.906308
		0.0547812	0.905258	0.421315
		3.41652	17.863	6.92417
	}
}
{Volume "turret2"
	{Polyhedron "turret2.vol"}
	{Bone "turret"}
	{Position 23.2774	0.0384271	-0.72657}
}
