;Exported by: Sergey
;Date:        Fri Jan 15 22:37:22 2016
;File:        C:\Users\user\Documents\3dsMax\scenes\Reibel_MAC_31_x2_00.max
{Skeleton
	{animation
		;{sequence "recoil" {speed 0.7}}
		{sequence "repair" {file "gun_r.anm"} {speed 0.3}}
	}
	{bone "basis"
		{Orientation
			1	0	0
			0	-1	0
			0	0	1
		}
		{bone "body"
			{parameters "ID=body;"}
			{Position 0	0	-0.0174215}
			{VolumeView "body.ply"}
			{bone revolute "turret"
				{parameters "ID=turret;"}
				{Position 0	0	21.0833}
				{VolumeView "turret.ply"}
				{bone revolute "gun_rot"
					{parameters "ID=gun;"}
					{Matrix34
						1	0	0
						0	0	1
						0	-1	0
						-1.11945	2.15035	4.72169
					}
					{VolumeView "gun_rot.ply"}
					{bone "mgun00"
						{parameters "ID=gun;"}
						{Matrix34
							1	0	0
							0	1	0
							0	0	1
							-3.94425	1.79139	-0.695671
						}
						{bone "mle31_1"
							{Position 1.1	0.9	0.0}
							{VolumeView "mle31.ply"}
						}
						{bone "fx_shell1"
							{parameters "LastPose = undefined;"}
							{Matrix34
								1	0	0
								0	1	0
								0	0	1
								3.03591	-0.0971184	-0.0658853
							}
						}
					}
					{bone "mgun01"
						{parameters "ID=gun;"}
						{Matrix34
							1	0	0
							0	1	0
							0	0	1
							-3.94425	1.79139	5.04349
						}
						{bone "mle31_2"
							{Position 1.1	0.9	0.0}
							{VolumeView "mle31.ply"}
						}
						{bone "fx_shell2"
							{Matrix34
								1	0	0
								0	1	0
								0	0	1
								3.03591	-0.0971165	-0.0664823
							}
						}
					}
					{bone "visor"
						{Position 6.24872	7.25385	2.15035}
					}
					{bone "foresight1"
						{Position 13.3995	4.47452	2.15035}
						{bone "shooter01"
							{parameters "LastPose = undefined;"}
							{Matrix34
								1	0	0
								0	0	-1
								0	1	0
								-0.509018	0.0312786	2.92612
							}
						}
						{bone "shooter00"
							{Matrix34
								1	0	0
								0	0	-1
								0	1	0
								-0.509018	0.0312767	-2.80788
							}
						}
					}
					{bone "pricel"
						{parameters "ID=gun;"}
						{Matrix34
							1	0	1.62125e-005
							0	1	0
							-1.62125e-005	0	1
							6.10476	7.24802	2.13938
						}
						{VolumeView "pricel.ply"}
					}
				}
				{bone "gunner"
					{Position -12.0522	-0.0287479	-21.0659}
				}
			}
		}
		{bone "emit1"
			{Position -20.0122	4.97436	0}
		}
	}
}
{Volume "body1"
	{Box 1.23887 2.14419 14.5895}
	{Bone "body"}
	{Matrix34
		0.889124	0.00742986	-0.457607
		0.00422048	0.999693	0.0244317
		0.457648	-0.0236541	0.888819
		-6.52195	-0.176759	8.15738
	}
}
{Volume "body2"
	{Box 1.23887 2.14419 14.4477}
	{Bone "body"}
	{Matrix34
		-0.658934	-0.591777	-0.464335
		0.605258	-0.783653	0.139819
		-0.446619	-0.188911	0.874554
		4.40332	4.85205	8.09801
	}
}
{Volume "body3"
	{Box 1.23887 2.14419 15.5943}
	{Bone "body"}
	{Matrix34
		-0.485155	0.759902	-0.432636
		-0.860604	-0.502578	0.0823243
		-0.154874	0.412268	0.897803
		3.89013	-5.27423	8.40844
	}
}
{Volume "body4"
	{Cylinder 10.2039 1.14357}
	{Bone "body"}
	{Position 0	0	0.571784}
}
{Volume "body5"
	{Box 1.23887 2.14419 8.71447}
	{Bone "body"}
	{Matrix34
		0.998087	0	-0.0618276
		0	1	0
		0.0618276	0	0.998087
		-2.81717	-0.00493193	18.3711
	}
}
{Volume "body6"
	{Box 1.23887 2.14419 8.71447}
	{Bone "body"}
	{Matrix34
		-0.786503	-0.614484	-0.0618276
		0.615662	-0.788011	0
		-0.0487208	-0.0380649	0.998087
		2.21692	1.73831	18.6543
	}
}
{Volume "body7"
	{Box 1.23887 2.14419 8.71447}
	{Bone "body"}
	{Matrix34
		-0.494782	0.866815	-0.0618276
		-0.868476	-0.495731	0
		-0.0306498	0.0536958	0.998087
		1.40084	-2.4442	18.7258
	}
}
{Volume "gun_rot"
	{Box 3.6097 2.23742 1.20323}
	{Bone "gun_rot"}
	{Matrix34
		0	0	-1
		0	1	0
		1	0	0
		0.0321602	0.42358	2.18817
	}
}
{Volume "magazin00"
	{Cylinder 2.38898 1.92049}
	{Bone "mgun00"}
	{Matrix34
		1	0	0
		0	1	0
		0	0	1
		4.40778	2.60303	-1.23986
	}
}
{Volume "magazin01"
	{Cylinder 2.38898 1.92049}
	{Bone "mgun01"}
	{Matrix34
		1	0	0
		0	1	0
		0	0	1
		4.40778	2.60303	-1.1716
	}
}
{Volume "mgun00"
	{Box 20.5526 2.12264 1.3231}
	{Bone "mgun00"}
	{Matrix34
		1	0	0
		0	1	0
		0	0	1
		6.76332	2.48511	0.120153
	}
}
{Volume "mgun01"
	{Box 20.5526 2.12264 1.3231}
	{Bone "mgun01"}
	{Matrix34
		1	0	0
		0	1	0
		0	0	1
		6.76332	2.48511	-0.0397667
	}
}
{Volume "turret"
	{Box 2.66172 5.39083 4.27065}
	{Bone "turret"}
	{Matrix34
		1	0	0
		0	0	1
		0	-1	0
		-0.439869	0.0132315	2.7145
	}
}
