;Exported by: doc
;Date:        Wed Sep 26 22:31:34 2018
;File:        Z:\work\0.KRIS\vehicles2\sdkfz7\sdkfz7.max
{Skeleton
	{animation
		{sequence "start" {speed 0.7}}
		{sequence "stop" {speed 0.7}}
		{sequence "hit" {speed 0.5}}
	}
	{bone "basis"
		{parameters "SteerMax=25;"}
		{Orientation
			1	0	0
			0	-1	0
			0	0	1
		}
		{bone "pivot_front"
			{Position 52.238	0.0328064	1.88059}
			{bone revolute "steer_r1"
				{Matrix34
					-1	0	0
					0	1	0
					0	0	-1
					-0.0213585	-18.143	7.74681
				}
				{bone "fxtracer1"
					{Position 0.149788	-2.24409	9.65525}
				}
				{bone revolute "wheelr1"
					{parameters "ID=wheelright1;Radius=0.6;"}
					{Matrix34
						-1	0	0
						0	0	1
						0	1	0
						0	-2.07739	0
					}
					{VolumeView "wheelr1.ply"}
				}
				{bone "rr"
					{parameters "ID=body;"}
					{Matrix34
						-1	0	0
						0	1	0
						0	0	-1
						0.489971	0.143894	-0.0819864
					}
					{VolumeView "rr.ply"}
				}
			}
			{bone revolute "steer_l1"
				{Matrix34
					-1	0	0
					0	1	0
					0	0	-1
					-0.0213585	18.0774	7.74682
				}
				{bone "fxtracel1"
					{Position 0.149811	2.24409	9.65525}
				}
				{bone revolute "wheell1"
					{parameters "ID=wheelleft1;Radius=0.6;"}
					{Matrix34
						-1	0	0
						0	0	1
						0	1	0
						0	2.07738	0
					}
					{VolumeView "wheell1.ply"}
				}
				{bone "ll"
					{parameters "ID=body;"}
					{Matrix34
						-1	0	0
						0	1	0
						0	0	-1
						0.533001	-0.143295	-0.0977573
					}
					{VolumeView "ll.ply"}
				}
			}
		}
		{bone "emit2"
			{parameters "Group=commander;"}
			{Matrix34
				0	1	0
				-1	0	0
				0	0	1
				14.5526	-41.0836	0
			}
		}
		{bone "emit1"
			{parameters "Group=driver;"}
			{Matrix34
				0	-1	0
				1	0	0
				0	0	1
				14.5526	45.0621	0
			}
		}
		{bone "body"
			{parameters "ID=body;"}
			{animation
				{sequence "repair" {file "body_r.anm"} {speed 0.9}}
			}
			{Position -1.043	0.0189285	13.9326}
			{VolumeView "body.ply"}
			{bone "fxlight"
				{Matrix34
					0.999974	0	0.00727647
					-0.00727647	0	0.999974
					0	-1	0
					63.2146	0.160091	7.92764
				}
			}
			{bone "headlightl"
				{Matrix34
					0.999974	0	0.00727647
					-0.00727647	0	0.999974
					0	-1	0
					62.676	12.2657	7.35153
				}
			}
			{bone "visor1"
				{Matrix34
					0.999974	0	0.00727647
					-0.00727647	0	0.999974
					0	-1	0
					15.5919	8.4742	28.8498
				}
			}
			{bone "fxstop1"
				{Matrix34
					-0.999974	0	-0.00727641
					-0.00727641	0	0.999974
					0	1	0
					-66.6091	14.7197	8.70263
				}
			}
			{bone "fxsmoke1"
				{Matrix34
					-0.309008	0.951032	0.00727647
					0.00224882	-0.00692025	0.999974
					0.951057	0.309016	0
					33.4186	19.5748	0.430223
				}
			}
			{bone "driver"
				{Matrix34
					0.992546	0	0.121869
					0	1	0
					-0.121869	0	0.992546
					16.8557	8.66692	9.12727
				}
			}
			{bone "link2"
				{Matrix34
					-0.999974	0	-0.00727641
					-0.00727641	0	0.999974
					0	1	0
					-65.9036	0.0201015	-0.574645
				}
			}
			{bone "seat01"
				{Matrix34
					0.996917	-0.0784122	-0.00273824
					0.07846	0.99631	0.0347919
					0	-0.0348995	0.999391
					-6.71523	14.4842	9.35846
				}
			}
			{bone "seat03"
				{Matrix34
					0.97237	0.233303	0.00814715
					-0.233445	0.971778	0.0339351
					0	-0.0348994	0.999391
					-6.38342	-12.3904	9.35846
				}
			}
			{bone "seat05"
				{Matrix34
					0.99809	0.0611585	0.00874031
					-0.0611949	0.998118	0.00395572
					-0.00848194	-0.00448302	0.999954
					-26.8145	0.280727	9.35846
				}
			}
			{bone "seat06"
				{Matrix34
					0.993546	-0.11326	0.0061936
					0.11335	0.993414	-0.0167287
					-0.00425811	0.0173228	0.999841
					-26.1324	-13.3448	9.35641
				}
			}
			{bone "seat04"
				{Matrix34
					0.990268	-0.139152	0.00242901
					0.139173	0.990117	-0.0172825
					0	0.0174524	0.999848
					-26.9263	14.6309	9.35641
				}
			}
			{bone "seat02"
				{Matrix34
					0.965926	-0.258779	0.00451706
					0.258819	0.965779	-0.0168576
					0	0.0174523	0.999848
					-6.44046	0.392112	9.35641
				}
			}
			{bone "headlightr"
				{Matrix34
					0.999974	0	0.00727647
					-0.00727647	0	0.999974
					0	-1	0
					62.676	-12.3038	7.35153
				}
			}
			{bone "engine"
				{parameters "ID=engine;"}
				{animation
					{sequence "repair" {file "engine_r.anm"}}
				}
				{Position 43.6175	-0.0189264	19.792}
				{VolumeView "engine.ply"}
				{bone "door_r"
					{parameters "ID=engine;"}
					{Matrix34
						0	1	0
						-1	0	0
						0	0	1
						-15.4823	0	-2.87409
					}
					{VolumeView "door_r.ply"}
				}
				{bone "door_l"
					{parameters "ID=engine;"}
					{Matrix34
						0	1	0
						-1	0	0
						0	0	1
						-15.4823	0	-2.87409
					}
					{VolumeView "door_l.ply"}
				}
			}
			{bone "glass"
				{parameters "ID=glass;"}
				{Matrix34
					0	1	0
					-1	0	0
					0	0	1
					24.7587	-0.0189233	28.923
				}
				{VolumeView "glass.ply"}
			}
			{bone "fxstop2"
				{Matrix34
					-0.999974	0	-0.00727641
					-0.00727641	0	0.999974
					0	1	0
					-66.6091	-15.2931	9.5867
				}
			}
			{bone revolute "wheell2"
				{parameters "ID=trackleft;Radius=0.52;"}
				{Matrix34
					1	0	0
					0	0	-1
					0	1	0
					22.9651	18.3995	-1.35089
				}
				{VolumeView "wheell2.ply"}
			}
			{bone revolute "wheell9"
				{parameters "ID=trackleft;Radius=0.52;"}
				{Matrix34
					1	0	0
					0	0	-1
					0	1	0
					-48.8286	18.3184	-2.66996
				}
				{VolumeView "wheell9.ply"}
			}
			{bone revolute "wheelr2"
				{parameters "ID=trackright;Radius=0.52;"}
				{Matrix34
					1	0	0
					0	0	-1
					0	1	0
					22.9651	-18.4373	-1.35089
				}
				{VolumeView "wheelr2.ply"}
			}
			{bone revolute "wheelr9"
				{parameters "ID=trackright;Radius=0.52;"}
				{Matrix34
					1	0	0
					0	0	-1
					0	1	0
					-48.8286	-18.3562	-2.66996
				}
				{VolumeView "wheelr9.ply"}
			}
			{bone revolute "steer_b"
				{Matrix34
					0.803857	0	0.594823
					0	-1	0
					0.594823	0	-0.803857
					19.9603	8.48501	23.6855
				}
				{bone "handwheel"
					{Matrix34
						1	0	0
						0	-1	0
						0	0	-1
						-0.00449371	-0.00849915	-0.00917625
					}
					{VolumeView "handwheel.ply"}
				}
			}
			{bone "commander"
				{Matrix34
					0.992546	0	0.121869
					0	1	0
					-0.121869	0	0.992546
					16.8557	-8.1036	9.12727
				}
			}
		}
		{bone "pivot_back"
			{Position -12.1808	0.0328064	0}
		}
		{bone "wheelsr"
			{parameters "ID=trackright;"}
			{Position -13.636	-11.2915	12.1471}
			{VolumeView "wheelsr.ply"}
			{bone "fxtracer2"
				{Matrix34
					-1	0	0
					0	-1	0
					0	0	1
					-5.26998	-9.0628	-12.218
				}
			}
			{bone "fxtracer3"
				{Matrix34
					-0.978598	0	0.205782
					0	-1	0
					0.205782	0	0.978598
					-36.5685	-9.0628	-11.1679
				}
			}
			{bone revolute "wheelr3"
				{parameters "ID=trackright;Radius=0.52;"}
				{Matrix34
					1	0	0
					0	0	-1
					0	1	0
					20.3082	-7.04575	-2.12333
				}
				{VolumeView "wheelr3.ply"}
			}
			{bone revolute "wheelr4"
				{parameters "ID=trackright;Radius=0.52;"}
				{Matrix34
					1	0	0
					0	0	-1
					0	1	0
					10.7554	-7.1537	-2.12333
				}
				{VolumeView "wheelr4.ply"}
			}
			{bone revolute "wheelr5"
				{parameters "ID=trackright;Radius=0.52;"}
				{Matrix34
					1	0	0
					0	0	-1
					0	1	0
					1.95667	-7.04575	-2.12333
				}
				{VolumeView "wheelr5.ply"}
			}
			{bone revolute "wheelr6"
				{parameters "ID=trackright;Radius=0.52;"}
				{Matrix34
					1	0	0
					0	0	-1
					0	1	0
					-7.45812	-7.00061	-2.12333
				}
				{VolumeView "wheelr6.ply"}
			}
			{bone revolute "wheelr7"
				{parameters "ID=trackright;Radius=0.52;"}
				{Matrix34
					1	0	0
					0	0	-1
					0	1	0
					-16.522	-7.04575	-2.12333
				}
				{VolumeView "wheelr7.ply"}
			}
			{bone revolute "wheelr8"
				{parameters "ID=trackright;Radius=0.52;"}
				{Matrix34
					1	0	0
					0	0	-1
					0	1	0
					-26.0322	-7.00061	-2.12333
				}
				{VolumeView "wheelr8.ply"}
			}
			{bone "trackr"
				{parameters "ID=trackLeft;"}
				{Matrix34
					0	1	0
					-1	0	0
					0	0	1
					-0.35998	11.2915	-0.791851
				}
				{VolumeView "trackr.ply"}
			}
		}
		{bone "wheelsl"
			{parameters "ID=trackleft;"}
			{Position -13.636	11.3109	12.1713}
			{VolumeView "wheelsl.ply"}
			{bone "fxtracel3"
				{Matrix34
					-0.978598	0	0.205782
					0	-1	0
					0.205782	0	0.978598
					-36.5686	9.04542	-11.1921
				}
			}
			{bone "fxtracel2"
				{Matrix34
					-1	0	0
					0	-1	0
					0	0	1
					-5.27003	9.04542	-12.2422
				}
			}
			{bone revolute "wheell3"
				{parameters "ID=trackleft;Radius=0.52;"}
				{Matrix34
					1	0	0
					0	0	-1
					0	1	0
					20.3081	7.02641	-2.14755
				}
				{VolumeView "wheell3.ply"}
			}
			{bone revolute "wheell4"
				{parameters "ID=trackleft;Radius=0.52;"}
				{Matrix34
					1	0	0
					0	0	-1
					0	1	0
					10.7553	7.13436	-2.14755
				}
				{VolumeView "wheell4.ply"}
			}
			{bone revolute "wheell5"
				{parameters "ID=trackleft;Radius=0.52;"}
				{Matrix34
					1	0	0
					0	0	-1
					0	1	0
					1.95661	7.0264	-2.14755
				}
				{VolumeView "wheell5.ply"}
			}
			{bone revolute "wheell6"
				{parameters "ID=trackleft;Radius=0.52;"}
				{Matrix34
					1	0	0
					0	0	-1
					0	1	0
					-7.45818	6.98127	-2.14755
				}
				{VolumeView "wheell6.ply"}
			}
			{bone revolute "wheell7"
				{parameters "ID=trackleft;Radius=0.52;"}
				{Matrix34
					1	0	0
					0	0	-1
					0	1	0
					-16.522	7.0264	-2.14755
				}
				{VolumeView "wheell7.ply"}
			}
			{bone revolute "wheell8"
				{parameters "ID=trackleft;Radius=0.52;"}
				{Matrix34
					1	0	0
					0	0	-1
					0	1	0
					-26.0323	6.98127	-2.14755
				}
				{VolumeView "wheell8.ply"}
			}
			{bone "trackl"
				{parameters "ID=trackLeft;"}
				{Matrix34
					0	1	0
					-1	0	0
					0	0	1
					-0.360037	-11.3109	-0.816072
				}
				{VolumeView "trackl.ply"}
			}
		}
		{bone "emit3"
			{parameters "Group=driver;"}
			{Matrix34
				0	-1	0
				1	0	0
				0	0	1
				-0.955965	45.0621	0
			}
		}
		{bone "emit4"
			{parameters "Group=commander;"}
			{Matrix34
				0	1	0
				-1	0	0
				0	0	1
				-0.955965	-49.9687	0
			}
		}
		{bone "emit5"
			{parameters "Group=driver;"}
			{Matrix34
				0	-1	0
				1	0	0
				0	0	1
				-23.899	45.0621	0
			}
		}
		{bone "emit6"
			{parameters "Group=commander;"}
			{Matrix34
				0	1	0
				-1	0	0
				0	0	1
				-23.899	-49.9687	0
			}
		}
	}
}
{Volume "body1"
	{Polyhedron "body1.vol"}
	{Bone "body"}
	{Position -18.7059	-0.0189285	16.49}
}
{Volume "body2"
	{Polyhedron "body2.vol"}
	{Bone "body"}
	{Position -16.0662	-0.0189285	1.39624}
}
{Volume "engine"
	{Polyhedron "engine.vol"}
	{Bone "engine"}
	{Matrix34
		0.999597	0	0.0284047
		0	1	0
		-0.0284047	0	0.999597
		0.586681	0.28832	-5.51003
	}
}
{Volume "glass"
	{Polyhedron "glass.vol"}
	{Bone "glass"}
	{Matrix34
		0	-1	0
		1	0	0
		0	0	1
		0.0479403	-0.151501	0.0566063
	}
}
{Volume "inventory"
	{Box 28.2232 41.5085 9.1299}
	{Bone "body"}
	{Position -50.1159	-0.0189285	16.0597}
}
{Volume "ram"
	{Polyhedron "ram.vol"}
	{Bone "body"}
	{Position 5.80116	-0.150021	-5.08401}
}
{Volume "sticky"
	{Box 63.0581 9.93283 42.6544}
	{Bone "body"}
	{Matrix34
		-1	0	0
		0	0	1
		0	1	0
		-19.5869	-0.290754	20.9163
	}
}
{Volume "trackleft"
	{Polyhedron "trackleft.vol"}
	{Bone "wheelsl"}
	{Matrix34
		-1	0	0
		0	0	1
		0	1	0
		-5.33832	0.37822	0.766955
	}
}
{Volume "trackright"
	{Polyhedron "trackright.vol"}
	{Bone "wheelsr"}
	{Matrix34
		-1	0	0
		0	0	1
		0	1	0
		-5.33827	-13.6882	0.791177
	}
}
{Volume "wheelleft1_volume"
	{Polyhedron "wheelleft1_volume.vol"}
	{Bone "wheell1"}
	{Matrix34
		0	0	1
		-0.939693	0.34202	0
		-0.34202	-0.939693	0
		0	1.90735e-005	-0.00265121
	}
}
{Volume "wheelright1_volume"
	{Polyhedron "wheelright1_volume.vol"}
	{Bone "wheelr1"}
	{Matrix34
		0	0	1
		-0.939693	0.34202	0
		-0.34202	-0.939693	0
		0	0	-0.0224686
	}
}
