;Exported by: Horten
;Date:        Sun Jul 28 20:19:07 2024
;File:        C:\Users\Professional\Desktop\mod\zis-1294km\zis12_94km_xx.max
{Skeleton
	{bone "basis"
		{Orientation
			1	0	0
			0	-1	0
			0	0	1
		}
		{bone "body"
			{parameters "ID=body;"}
			{Matrix34
				0.999824	-0.000589267	-0.0187437
				0	0.999506	-0.0314176
				0.018753	0.0314121	0.999331
				-7.66538	1.91283	13.8017
			}
			{VolumeView "body.ply"}
			{bone revolute "steer"
				{parameters "ID=body;"}
				{Matrix34
					0.642788	0	0.766044
					0	-1	0
					0.766044	0	-0.642788
					29.4494	4.05243	7.75092
				}
				{VolumeView "steer.ply"}
			}
			{bone "cabin"
				{parameters "ID=body;"}
				{Position -0.12505	-2.1614	-6.05789}
				{VolumeView "cabin.ply"}
				{bone "driver"
					{Position 16.0385	6.35093	5.05166}
				}
				{bone "doorright"
					{Matrix34
						0.573576	0.819152	0
						-0.819152	0.573576	0
						0	0	1
						29.4524	-12.1678	17.4993
					}
					{VolumeView "doorright.ply"}
				}
				{bone "detail3"
					{Position 12.6728	15.3029	22.9424}
					{VolumeView "detail3.ply"}
				}
				{bone "commander"
					{Position 16.0385	-3.89061	5.05166}
				}
			}
			{bone "engine"
				{parameters "ID=engine;"}
				{Position 54.6431	-2.09146	3.695}
				{VolumeView "engine.ply"}
				{bone "motor"
					{parameters "ID=engine;"}
					{Position -54.768	-0.0699424	-9.753}
					{VolumeView "motor.ply"}
				}
				{bone "enginehoodl1"
					{parameters "ID=engine;"}
					{Matrix34
						1	0	0
						0	-0.258819	0.965926
						0	-0.965926	-0.258819
						-19.3791	0	8.56751
					}
					{VolumeView "enginehoodl1.ply"}
					{bone "enginehoodl2"
						{parameters "ID=engine;"}
						{Matrix34
							0.965926	-0.258819	0
							-0.0885213	-0.330366	-0.939693
							0.24321	0.907673	-0.34202
							9.13953	8.72128	-4.70136
						}
						{VolumeView "enginehoodl2.ply"}
					}
				}
				{bone "enginehoodr1"
					{parameters "ID=engine;"}
					{Matrix34
						1	0	0
						0	0.707107	-0.707107
						0	0.707107	0.707107
						-19.3792	-0.00511175	8.5656
					}
					{VolumeView "enginehoodr1.ply"}
				}
			}
			{bone "mudguard"
				{parameters "ID=body;"}
				{Position 48.166	-2.18987	-10.3779}
				{VolumeView "mudguard.ply"}
			}
			{bone "bodyback"
				{parameters "ID=bodyback;"}
				{Position -27.8625	-2.09137	3.22844}
				{VolumeView "bodyback.ply"}
				{bone revolute "turret"
					{parameters "ID=turret;"}
					{speed 0.06}
					{Matrix34
						0.629609	0.772799	-0.0798438
						-0.776081	0.630358	-0.0186256
						0.0359364	0.0736921	0.996633
						-6.72253	-8.10027e-05	3.0195
					}
					{VolumeView "turret.ply"}
					{bone revolute "gun_rot"
						{parameters "ID=gun;"}
						{limits -10 85}
						{speed 0.06}
						{Matrix34
							0.996195	0	-0.0871558
							0.0871558	0	0.996195
							0	-1	0
							-1.77246	0.126804	8.49625
						}
						{VolumeView "gun_rot.ply"}
						{bone "gun1"
							{parameters "ID=gun;"}
							{Matrix34
								1	0	0
								0	0	-1
								0	1	0
								29.2072	0.256649	-1.78724
							}
							{VolumeView "gun1.ply"}
						}
						{bone "gun2"
							{parameters "ID=gun;"}
							{Matrix34
								1	0	0
								0	0	-1
								0	1	0
								29.1253	0.255508	1.58337
							}
							{VolumeView "gun2.ply"}
						}
					}
					{bone "aim_h"
						{Matrix34
							1	0	0
							0	1	0
							0	0	1
							2.72568	-9.50634	9.41345
						}
						{VolumeView "aim_h.ply"}
					}
				}
				{bone "thing"
					{parameters "ID=turret;"}
					{Position -6.72406	0.260922	-0.433943}
					{VolumeView "thing.ply"}
				}
			}
			{bone "wheelr2"
				{parameters "ID=wheelright2;"}
				{Matrix34
					0.999824	0	0.0187529
					0.0187437	0.0314173	-0.999331
					-0.000589165	0.999506	0.0314118
					-34.5261	-19.5807	-8.71918
				}
				{VolumeView "wheelr2.ply"}
			}
			{bone "wheelr1"
				{parameters "ID=wheelright1;"}
				{Matrix34
					0.999824	0	0.0187529
					0.0187437	0.0314182	-0.999331
					-0.000589183	0.999506	0.0314127
					51.9692	-18.7349	-7.08786
				}
				{VolumeView "wheelr1.ply"}
			}
			{bone "wheell2"
				{parameters "ID=wheelleft2;"}
				{Matrix34
					0.999824	0	0.0187529
					0.0187437	0.0314173	-0.999331
					-0.000589165	0.999506	0.0314118
					-34.5472	15.8818	-7.60462
				}
				{VolumeView "wheell2.ply"}
			}
			{bone revolute "wheell1"
				{parameters "ID=wheelleft1;"}
				{Matrix34
					0.999824	0	0.0187529
					0.0187437	0.0314178	-0.999331
					-0.000589174	0.999506	0.0314122
					51.9491	14.9008	-6.03075
				}
				{VolumeView "wheell1.ply"}
			}
			{bone "object002"
				{parameters "ID=body;"}
				{Matrix34
					0.999824	0	0.0187529
					-0.000589172	0.999506	0.0314121
					-0.0187437	-0.0314177	0.999331
					48.3533	-1.86249	-9.53646
				}
				{VolumeView "object002.ply"}
			}
			{bone "object001"
				{parameters "ID=body;"}
				{Matrix34
					0.999824	0	0.0187529
					-0.000589185	0.999506	0.0314128
					-0.0187437	-0.0314183	0.999331
					48.3533	-1.86279	-9.53647
				}
				{VolumeView "object001.ply"}
			}
		}
	}
}
{Volume "barrel1"
	{Cylinder 0.885827 11.2341}
	{Bone "turret"}
	{Matrix34
		0	1	0
		0.0871557	0	0.996195
		0.996195	0	-0.0871556
		12.2785	-1.1827	3.38313
	}
}
{Volume "barrel2"
	{Cylinder 0.885827 11.2341}
	{Bone "turret"}
	{Matrix34
		0	1	0
		0.0871557	0	0.996195
		0.996195	0	-0.0871556
		12.2784	1.53687	3.38313
	}
}
{Volume "barrel3"
	{Polyhedron "barrel3.vol"}
	{Bone "gun2"}
	{Matrix34
		0	1	0
		0	0	-1
		-1	0	0
		13.8642	0.00135422	-0.0125904
	}
}
{Volume "barrel4"
	{Polyhedron "barrel4.vol"}
	{Bone "gun1"}
	{Matrix34
		0	1	0
		0	0	-1
		-1	0	0
		13.7506	-0.0146065	-0.0136547
	}
}
{Volume "barrel5"
	{Cylinder 0.885827 11.2341}
	{Bone "gun1"}
	{Matrix34
		0	1	0
		0	0	1
		1	0	0
		-15.6985	-0.0424187	-1.78909
	}
}
{Volume "barrel6"
	{Cylinder 0.885827 11.2341}
	{Bone "gun2"}
	{Matrix34
		0	1	0
		0	0	1
		1	0	0
		-15.585	-0.0576775	-1.78803
	}
}
{Volume "body1"
	{Polyhedron "body1.vol"}
	{Bone "body"}
	{Position 14.107	-2.30949	-15.7024}
}
{Volume "body3"
	{Box 24.5178 91.29 1.95057}
	{Bone "body"}
	{Matrix34
		0	1	0
		-1	0	0
		0	0	1
		-11.0808	-1.91292	-2.28132
	}
}
{Volume "body"
	{Polyhedron "body.vol"}
	{Bone "body"}
	{Position 12.9938	-2.0932	-16.0428}
}
{Volume "bodyback1"
	{Box 1.31452 68.2347 9.38615}
	{Bone "bodyback"}
	{Matrix34
		0	1	0
		-1	0	0
		0	0	1
		0.66544	-21.378	0.468525
	}
}
{Volume "bodyback2"
	{Box 1.31452 68.2347 9.38615}
	{Bone "bodyback"}
	{Matrix34
		0	1	0
		-1	0	0
		0	0	1
		0.665436	21.7337	0.468525
	}
}
{Volume "bodyback3"
	{Box 1.19622 44.3525 9.38615}
	{Bone "bodyback"}
	{Position 35.5749	0.178543	0.468525}
}
{Volume "bodyback4"
	{Box 1.19622 44.3525 9.38615}
	{Bone "bodyback"}
	{Position -34.3875	0.178528	0.468526}
}
{Volume "bodyback5"
	{Box 2.59813 43.0352 68.3311}
	{Bone "bodyback"}
	{Matrix34
		0	0	-1
		0	1	0
		1	0	0
		0.642651	0.178528	-4.03248
	}
}
{Volume "engine"
	{Box 11.3392 17.6209 14.68}
	{Bone "cabin"}
	{Matrix34
		0	1	0
		-1	0	0
		0	0	1
		44.7504	0.248566	7.64365
	}
}
{Volume "fuel"
	{Box 9.26974 10.1703 5.73289}
	{Bone "body"}
	{Matrix34
		0	1	0
		-1	0	0
		0	0	1
		2.10136	13.4146	-3.72386
	}
}
{Volume "gun"
	{Box 7.61906 14.9635 5.2591}
	{Bone "gun_rot"}
	{Matrix34
		0	0	-1
		-1	0	0
		0	1	0
		2.1182	-0.0335643	-0.0517275
	}
}
{Volume "hole1"
	{Box 3.82215 19.1395 5.72181}
	{Bone "cabin"}
	{Matrix34
		0	1	0
		-1	0	0
		0	0	1
		18.3344	7.99736	24.2273
	}
}
{Volume "hole2"
	{Box 12.6996 19.1395 3.85306}
	{Bone "cabin"}
	{Matrix34
		0	1	0
		-1	0	0
		0	0	1
		21.7439	3.32565	21.5441
	}
}
{Volume "hole3"
	{Box 12.6996 19.1395 3.85306}
	{Bone "cabin"}
	{Matrix34
		0	1	0
		-1	0	0
		0	0	1
		21.7439	3.32565	25.904
	}
}
{Volume "hole4"
	{Box 5.20682 19.1395 8.66939}
	{Bone "cabin"}
	{Matrix34
		0	1	0
		-1	0	0
		0	0	1
		21.7439	-7.47776	23.7159
	}
}
{Volume "hole"
	{Box 27.3989 11.6334 9.29097}
	{Bone "cabin"}
	{Matrix34
		0	1	0
		-1	0	0
		0	0	1
		22.3616	0.248566	23.5938
	}
}
{Volume "ram"
	{Box 45.1427 125.31 42.8754}
	{Bone "body"}
	{Matrix34
		0	1	0
		-1	0	0
		0	0	1
		-0.207367	-1.91282	4.94045
	}
}
{Volume "transmission"
	{Cylinder 4.94108 17.5466}
	{Bone "cabin"}
	{Matrix34
		0	1	0
		0	0	-1
		-1	0	0
		26.9196	0.248489	1.85745
	}
}
{Volume "turret1"
	{Cylinder 16.5985 1.4912}
	{Bone "turret"}
	{Matrix34
		0	1	0
		-1	0	0
		0	0	1
		-0.312889	0.178532	-0.187471
	}
}
{Volume "turret2"
	{Box 10.4371 11.1668 5.60259}
	{Bone "turret"}
	{Matrix34
		0	1	0
		-1	0	0
		0	0	1
		2.43219	0.178532	3.1534
	}
}
{Volume "wheell1"
	{Cylinder 6.2252 3.91738}
	{Bone "wheell1"}
	{Matrix34
		0	-1	0
		-1	0	0
		0	0	-1
		-0.0503734	-0.00679776	-0.527313
	}
}
{Volume "wheell2"
	{Cylinder 6.22047 6.5812}
	{Bone "wheell2"}
	{Matrix34
		0	-1	0
		-1	0	0
		0	0	-1
		-0.000389596	0.0108162	-0.0692198
	}
}
{Volume "wheelr1"
	{Cylinder 6.22047 3.91738}
	{Bone "wheelr1"}
	{Matrix34
		0	-1	0
		-1	0	0
		0	0	-1
		-0.0503534	-0.00671387	0.485653
	}
}
{Volume "wheelr2"
	{Cylinder 6.22047 6.5812}
	{Bone "wheelr2"}
	{Matrix34
		0	-1	0
		-1	0	0
		0	0	-1
		-0.000385781	0.010786	0.127466
	}
}
