;Exported by: Normand
;Date:        Sat Sep 14 20:59:19 2013
;File:        C:\Users\Normand\type94_1.max
{Skeleton
	{animation
		{sequence "doorright" {speed 0.3}}
		{sequence "doorleft" {speed 0.3}}
		{sequence "stop" {speed 0.3}}
		{sequence "start" {speed 0.3}}
	}
	{bone "basis"
		{Orientation
			1	0	0
			0	-1	0
			0	0	1
		}
		{bone "body"
			{parameters "ID=body;"}
			{animation
				{sequence "repair" {file "body_r.anm"} {speed 1}}
			}
			{Matrix34
				0.999986	0.00523596	0
				-0.00523596	0.999986	0
				0	0	1
				-0.154412	0.223261	17.7029
			}
			{VolumeView "body.ply"}
			{bone "cabin"
				{parameters "ID=cabin;"}
				{animation
					{sequence "repair" {file "cabin_r.anm"} {speed 0.5}}
				}
				{Position 12.4561	-0.0339048	14.8404}
				{VolumeView "cabin.ply"}
				{bone "door_right"
					{parameters "ID=cabin;"}
					{Position 6.98067	-15.9951	0}
					{VolumeView "door_right.ply"}
					{bone "glass_doorr"
						{parameters "ID=body;"}
						{Matrix34
							0.999286	0.0377785	0
							-0.0377785	0.999286	0
							0	0	1
							-6.82105	-0.627355	7.49747
						}
						{VolumeView "glass_doorr.ply"}
					}
					{bone "enumerator1"
						{parameters "ID=enumerator;"}
						{Matrix34
							0.98724	0.159223	0.00211331
							-0.159223	0.987243	-7.67881e-005
							-0.00209864	-0.000260723	0.999998
							-8.67426	-1.25917	-3.42075
						}
						{VolumeView "enumerator1.ply"}
					}
				}
				{bone "door_left"
					{parameters "ID=cabin;"}
					{Position 7.18259	14.411	0}
					{VolumeView "door_left.ply"}
					{bone "glass_doorl"
						{parameters "ID=body;"}
						{Matrix34
							0.999448	-0.0332348	0
							0.0332348	0.999448	0
							0	0	1
							-7.21139	0.729701	7.18883
						}
						{VolumeView "glass_doorl.ply"}
					}
					{bone "enumerator2"
						{parameters "ID=enumerator;"}
						{Matrix34
							0.987472	-0.157779	0.00211138
							0.157779	0.987474	2.21808e-005
							-0.00208848	0.000311565	0.999998
							-8.60667	1.37803	-3.85149
						}
						{VolumeView "enumerator2.ply"}
					}
				}
				{bone "glass_front"
					{parameters "ID=body;"}
					{Position 8.1902	-0.0428846	8.49241}
					{VolumeView "glass_front.ply"}
				}
				{bone "glass_right"
					{parameters "ID=body;"}
					{Position -9.57456	-17.6243	7.78518}
					{VolumeView "glass_right.ply"}
				}
				{bone "glass_left"
					{parameters "ID=body;"}
					{Position -9.41504	16.001	7.78518}
					{VolumeView "glass_left.ply"}
				}
				{bone "driver"
					{Matrix34
						0.988463	-0.00383979	0.151416
						0.00413546	0.99999	-0.0016379
						-0.151408	0.00224518	0.988469
						-0.200638	-7.59501	-14.4209
					}
				}
				{bone "commander"
					{Matrix34
						0.988463	-0.00383979	0.151416
						0.00413546	0.99999	-0.0016379
						-0.151408	0.00224518	0.988469
						-0.138157	4.33831	-14.4209
					}
				}
			}
			{bone "engine"
				{parameters "ID=engine;"}
				{animation
					{sequence "repair" {file "engine_r.anm"} {speed 0.5}}
				}
				{Position 50.3392	-0.939271	12.7347}
				{VolumeView "engine.ply"}
				{bone "engine_coverr1"
					{parameters "ID=engine;"}
					{Matrix34
						0.0218487	0	0.999761
						0	1	0
						-0.999761	0	0.0218487
						-13.3967	-0.0223576	5.54214
					}
					{VolumeView "engine_coverr1.ply"}
					{bone "engine_coverr2"
						{parameters "ID=engine;"}
						{Matrix34
							0.999614	0	0.0277927
							-0.0083053	0.954306	0.298715
							-0.0265227	-0.29883	0.953938
							-4.15293	-10.1666	-1.12696
						}
						{VolumeView "engine_coverr2.ply"}
					}
				}
				{bone "engine_coverl1"
					{parameters "ID=engine;"}
					{Matrix34
						0.0218487	0	0.999761
						0	1	0
						-0.999761	0	0.0218487
						-13.3967	-0.0223576	5.54214
					}
					{VolumeView "engine_coverl1.ply"}
					{bone "engine_coverl2"
						{parameters "ID=engine;"}
						{Matrix34
							0.999614	0	0.0277927
							0.00755931	0.9623	-0.271884
							-0.0267449	0.271989	0.961929
							-4.1506	10.1738	-1.23343
						}
						{VolumeView "engine_coverl2.ply"}
					}
				}
			}
			{bone "fenderr"
				{parameters "ID=body;"}
				{Position 29.1012	-0.797407	-4.11949}
				{VolumeView "fenderr.ply"}
				{bone "front_light2"
					{parameters "ID=body;"}
					{Position 23.8628	2.01941	14.8085}
					{VolumeView "front_light2.ply"}
					{bone "headlightl"
						{Matrix34
							0.999986	-0.00523613	0
							0.00523613	0.999986	0
							0	0	1
							1.77924	8.18595	0.125822
						}
					}
				}
				{bone "front_light1"
					{parameters "ID=body;"}
					{Matrix34
						0.999945	-0.0104718	0
						-0.0104718	-0.999945	0
						0	0	1
						23.8398	-2.36247	14.8085
					}
					{VolumeView "front_light1.ply"}
					{bone "headlightr"
						{Matrix34
							0.999986	-0.00523604	0
							-0.00523604	-0.999986	0
							0	0	1
							1.76007	8.20823	0.125822
						}
					}
				}
			}
			{bone "fenderl"
				{parameters "ID=body;"}
				{Position 29.1012	-0.797407	-4.11949}
				{VolumeView "fenderl.ply"}
			}
			{bone "shield"
				{parameters "ID=shield;"}
				{Matrix34
					0.999986	-0.00523613	0
					0.00523613	0.999986	0
					0	0	1
					-32.3019	-0.397249	18.1503
				}
				{VolumeView "shield.ply"}
			}
			{bone "fxstop1"
				{Matrix34
					-1	-0.00043091	0
					0.00043091	-1	0
					0	0	1
					-57.5042	15.8851	2.96763
				}
			}
			{bone "fxstop2"
				{Matrix34
					-1	-0.00043091	0
					0.00043091	-1	0
					0	0	1
					-57.6723	-16.4749	2.96763
				}
			}
			{bone "fxfire1"
				{Matrix34
					0.999986	-0.00523613	0
					0.00523613	0.999986	0
					0	0	1
					34.5341	0.57783	7.99845
				}
			}
			{bone "fxsmoke1"
				{Matrix34
					-0.196723	0.955674	-0.219058
					-0.980458	-0.191484	0.0451168
					0.00117103	0.223652	0.974668
					-4.96617	10.385	-4.62236
				}
			}
			{bone "fxlight"
				{Matrix34
					0.999986	-0.00523613	0
					0.00523613	0.999986	0
					0	0	1
					59.1203	-1.03293	12.2634
				}
			}
			{bone "visor1"
				{Matrix34
					0.999986	-0.00523613	0
					0.00523613	0.999986	0
					0	0	1
					27.3756	-7.74413	25.2159
				}
			}
			{bone "visor2"
				{Matrix34
					0.999986	-0.00523613	0
					0.00523613	0.999986	0
					0	0	1
					27.3756	7.74413	25.2159
				}
			}
		}
		{bone "pivot_front"
			{Matrix34
				0.998356	0.000910691	0.0573059
				-0.000912181	1	0
				-0.0573058	-5.22845e-005	0.998357
				42.2626	0.0529478	12.3959
			}
			{VolumeView "pivot_front.ply"}
			{bone revolute "steerr"
				{parameters "ID=body;"}
				{Matrix34
					0.998353	-0.00287596	-0.0573053
					-0.00287124	-0.999996	0.000165016
					0.0573057	0	0.998357
					-0.420948	-17.8546	-1.96813
				}
				{VolumeView "steerr.ply"}
			{bone prizmatic "suspension_r1"
				{limits -0.08 0.06}
				{speed2 0.5}
				{Matrix34
					1   0   0
					0   1   0
					0   0   1
						0.0511742	2.39482	-0.00175667
				}
				{bone revolute "wheelr1"
					{parameters "ID=wheelright1;Support=1;Radius=0.5;"}
					{Matrix34
						-0.999998	0.00196313	0
						0	0	1
						-0.00196314	-0.999998	0
					0   0   0
					}
					{VolumeView "wheelr1.ply"}
				}
			}
				{bone "fxtracer1"
					{Matrix34
						-0.999998	0.00196392	0
						0.00196391	0.999998	0
						0	0	1
						0.14526	0.135511	-10.4069
					}
				}
			}
			{bone revolute "steerl"
				{parameters "ID=body;"}
				{Matrix34
					0.99835	0.00374773	-0.057305
					0.00374156	-0.999993	-0.000214685
					0.0573055	0	0.998357
					-0.391056	14.9801	-1.96984
				}
				{VolumeView "steerr.ply"}
			{bone prizmatic "suspension_l1"
				{limits -0.08 0.06}
				{speed2 0.5}
				{Matrix34
					1   0   0
					0   1   0
					0   0   1
						0.0661201	-4.21287	-0.00175762
				}
				{bone revolute "wheell1"
					{parameters "ID=wheelleft1;Support=1;Radius=0.5;"}
					{Matrix34
						-0.999989	-0.00465955	0
						0	0	1
						-0.00465955	0.999989	0
					0   0   0
					}
					{VolumeView "wheell1.ply"}
				}
			}
				{bone "fxtracel1"
					{Matrix34
						-0.999989	-0.00465987	0
						-0.00465987	0.999989	0
						0	0	1
						0.055542	-2.16167	-10.4069
					}
				}
			}
		}
		{bone "pivot_back"
			{parameters "ID=body;"}
			{Matrix34
				0.999986	0.00523596	0
				-0.00523596	0.999986	0
				0	0	1
				-30.5124	0.223261	10.2989
			}
			{VolumeView "pivot_back.ply"}
			{bone prizmatic "suspension_r2"
				{limits -0.08 0.06}
				{speed2 0.5}
				{Matrix34
					1   0   0
					0   1   0
					0   0   1
					12.1418	-20.484	0.106176
				}
			{bone revolute "wheelr2"
				{parameters "ID=wheelright2;Support=1;Radius=0.5;"}
				{Matrix34
					-0.999986	0.00523645	0
					0	0	1
					0.00523645	0.999986	0
					0   0   0
				}
				{VolumeView "wheelr2.ply"}
			}
			}
			{bone prizmatic "suspension_r3"
				{limits -0.08 0.06}
				{speed2 0.5}
				{Matrix34
					1   0   0
					0   1   0
					0   0   1
					-12.475	-20.3551	0.106176
				}
			{bone revolute "wheelr3"
				{parameters "ID=wheelright3;Support=1;Radius=0.5;"}
				{Matrix34
					-0.999986	0.00523645	0
					0	0	1
					0.00523645	0.999986	0
					0   0   0
				}
				{VolumeView "wheelr3.ply"}
			}
			}
			{bone prizmatic "suspension_l2"
				{limits -0.08 0.06}
				{speed2 0.5}
				{Matrix34
					1   0   0
					0   1   0
					0   0   1
					12.3483	18.9582	0.106176
				}
			{bone revolute "wheell2"
				{parameters "ID=wheelleft2;Support=1;Radius=0.5;"}
				{Matrix34
					-0.999986	0.00523582	0
					0	0	1
					-0.00523582	-0.999986	0
					0   0   0
				}
				{VolumeView "wheell2.ply"}
			}
			}
			{bone prizmatic "suspension_l3"
				{limits -0.08 0.06}
				{speed2 0.5}
				{Matrix34
					1   0   0
					0   1   0
					0   0   1
					-12.2684	19.0871	0.106176
				}
			{bone revolute "wheell3"
				{parameters "ID=wheelleft3;Support=1;Radius=0.5;"}
				{Matrix34
					-0.999986	0.00523582	0
					0	0	1
					-0.00523582	-0.999986	0
					0   0   0
				}
				{VolumeView "wheell3.ply"}
			}
			}
			{bone "fxtracel2"
				{Matrix34
					-0.999986	0.00523597	0
					-0.00523597	-0.999986	0
					0	0	1
					-12.4111	17.1033	-10.2989
				}
			}
			{bone "fxtracer2"
				{Matrix34
					-0.999986	0.00523597	0
					-0.00523597	-0.999986	0
					0	0	1
					-12.5954	-18.0837	-10.2989
				}
			}
		}
		{bone "link2"
			{Matrix34
				-1	0	0
				0	-1	0
				0	0	1
				-58.7409	-0.297892	17.402
			}
		}
		{bone "emit2"
			{Matrix34
				-0.00124852	-0.999999	0
				0.999999	-0.00124852	0
				0	0	1
				0.257843	39.4611	0
			}
		}
		{bone "emit1"
			{Matrix34
				0.00200172	0.999998	0
				-0.999998	0.00200172	0
				0	0	1
				0.318418	-40.7997	0
			}
		}
		{bone "emit3"
			{Matrix34
				0.999999	-0.00124848	0
				0.00124848	0.999999	0
				0	0	1
				-93.0664	7.18106	0
			}
		}
		{bone "emit4"
			{Matrix34
				0.999999	-0.00124848	0
				0.00124848	0.999999	0
				0	0	1
				-93.0664	-10.2461	0
			}
		}
		{bone "emit5"
			{Matrix34
				-0.00124852	-0.999999	0
				0.999999	-0.00124852	0
				0	0	1
				-24.6551	39.4611	0
			}
		}
		{bone "emit6"
			{Matrix34
				0.00200172	0.999998	0
				-0.999998	0.00200172	0
				0	0	1
				-24.5946	-40.7997	0
			}
		}
	}
}
{Volume "bodyback"
	{Box 59.0622 40.1951 14.3554}
	{Bone "body"}
	{Matrix34
		0.999986	-0.00523613	0
		0.00523613	0.999986	0
		0	0	1
		-31.6173	-0.517459	11.4245
	}
}
{Volume "body"
	{Box 111.176 20.9157 4.07083}
	{Bone "body"}
	{Matrix34
		0.999986	-0.00523613	0
		0.00523613	0.999986	0
		0	0	1
		-0.268536	-0.775551	-0.697483
	}
}
{Volume "cabin"
	{Polyhedron "cabin.vol"}
	{Bone "cabin"}
	{Matrix34
		0.999986	-0.00523613	0
		0.00523613	0.999986	0
		0	0	1
		-2.83453	-0.709159	-13.8897
	}
}
{Volume "engine"
	{Polyhedron "engine.vol"}
	{Bone "engine"}
	{Matrix34
		0.999986	-0.00523613	0
		0.00523613	0.999986	0
		0	0	1
		-14.2045	-0.0808279	-11.4124
	}
}
{Volume "glass_doorleft"
	{Box 13.5 10.5 0.5}
	{Bone "glass_doorl"}
	{Matrix34
		0.994137	-0.108131	0
		0	0	1
		-0.108131	-0.994137	0
		0.0637989	0.247939	1.15718
	}
}
{Volume "glass_doorright"
	{Box 13.5 10.5 0.5}
	{Bone "glass_doorr"}
	{Matrix34
		0.994415	0.105543	0
		0	0	1
		0.105543	-0.994415	0
		-0.31497	-0.181118	0.812721
	}
}
{Volume "glass_front"
	{Box 27.5 11 0.5}
	{Bone "glass_front"}
	{Matrix34
		0.00523596	0.999986	0
		0	0	1
		0.999986	-0.00523596	0
		-0.0321613	-0.822537	0.656616
	}
}
{Volume "glass_left"
	{Box 4.5 10.5 0.5}
	{Bone "glass_left"}
	{Matrix34
		0.994618	-0.103611	0
		0	0	1
		-0.103611	-0.994618	0
		-0.182577	0.329926	0.584702
	}
}
{Volume "glass_right"
	{Box 4.5 10.5 0.5}
	{Bone "glass_right"}
	{Matrix34
		0.994033	0.109078	0
		0	0	1
		0.109078	-0.994033	0
		-0.148839	-0.155403	0.621803
	}
}
{Volume "shield"
	{Box 62.4346 41.3877 21.1882}
	{Bone "shield"}
	{Position -0.286507	-0.0792085	10.6035}
}
{Volume "wheelleft1"
	{Cylinder 10.5 5}
	{Bone "wheell1"}
	{Matrix34
		-1	0	0
		0	1	0
		0	0	1
		-0.0125932	0.050697	1.99668
	}
}
{Volume "wheelleft2"
	{Cylinder 10.5 5}
	{Bone "wheell2"}
	{Matrix34
		-1	0	0
		0	1	0
		0	0	1
		-0.0825447	0.0506985	1.99669
	}
}
{Volume "wheelleft3"
	{Cylinder 10.5 5}
	{Bone "wheell3"}
	{Matrix34
		-1	0	0
		0	1	0
		0	0	1
		0.0143544	0.0506985	1.99671
	}
}
{Volume "wheelright1"
	{Cylinder 10.5 5}
	{Bone "wheelr1"}
	{Matrix34
		-1	0	0
		0	1	0
		0	0	-1
		0.0231617	0.0481378	2.12828
	}
}
{Volume "wheelright2"
	{Cylinder 10.5 5}
	{Bone "wheelr2"}
	{Matrix34
		-1	0	0
		0	1	0
		0	0	-1
		-0.0467942	0.0481391	2.12827
	}
}
{Volume "wheelright3"
	{Cylinder 10.5 5}
	{Bone "wheelr3"}
	{Matrix34
		-1	0	0
		0	1	0
		0	0	-1
		0.050101	0.0481391	2.12826
	}
}
