;Exported by: Normand
;Date:        Thu Jul 04 23:02:38 2024
;File:        C:\Users\Normand\13mm_type93.max
{Skeleton
	{animation
		{sequence "close" {speed 0.2}}
		{sequence "fire00" {speed 0.4}}
		{sequence "fire01" {speed 0.4}}
	}
	{bone revolute "basis"
		{speed 0.002}
		{Orientation
			1	0	0
			0	-1	0
			0	0	1
		}
		{bone "emit2"
			{Position -14.9753	-20.1309	0.231033}
			{visibility 0}
		}
		{bone "emit1"
			{Position -15.443	16.473	0.231033}
			{visibility 0}
		}
		{bone "driver1"
			{Position 6.78106	7.19914	0.231033}
		}
		{bone "driver2"
			{Position -1.98364	-9.99288	0.231033}
		}
		{bone "visor2"
			{Matrix34
				1	0	-0.000130117
				0.000130117	0	1
				0	-1	0
				-1.31346	5.94379	21.6535
			}
		}
		{bone "body"
			{parameters "ID=body;"}
			{animation
				{sequence "repair" {file "body_r.anm"} {speed 0.4}}
			}
			{Position -1.74299	-0.329597	5.61466}
			{VolumeView "body.ply"}
			{bone "standb"
				{parameters "ID=body;"}
				{Matrix34
					-1	0	0
					0	-1	0
					0	0	1
					-6.51152	0.0457885	-1.09147
				}
				{VolumeView "standb.ply"}
			}
			{bone "stanr"
				{parameters "ID=body;"}
				{Matrix34
					0.506101	-0.862474	0
					0.862474	0.506101	0
					0	0	1
					5.87782	-7.14087	-1.1638
				}
				{VolumeView "stanr.ply"}
			}
			{bone "standl"
				{parameters "ID=body;"}
				{Matrix34
					0.502348	0.864666	0
					-0.864666	0.502348	0
					0	0	1
					5.87341	7.14131	-1.15217
				}
				{VolumeView "standl.ply"}
			}
			{bone revolute "turret"
				{parameters "ID=turret;"}
				{animation
					{sequence "repair" {file "turret_r.anm"} {speed 0.4}}
				}
				{Position 1.90597	0.273584	10.9183}
				{VolumeView "turret.ply"}
				{bone revolute "gun_rot"
					{parameters "ID=gun;"}
					{limits -5 60}
					{Matrix34
						1	0	0
						0	0	1
						0	-1	0
						-0.213774	-0.139507	-0.581699
					}
					{VolumeView "gun_rot.ply"}
					{bone "gun"
						{parameters "ID=gun;"}
						{animation
							{sequence "repair" {file "gun_r.anm"} {speed 0.4}}
						}
						{Matrix34
							1	0	0
							0	0	-1
							0	1	0
							5.86087	3.88739	-0.105394
						}
						{VolumeView "gun.ply"}
						{bone "barrel1"
							{parameters "ID=gun;"}
							{Position 8.82906	1.80589	-2.739}
							{VolumeView "barrel1.ply"}
							{bone "shooter00"
								{Matrix34
									1	0	0
									0	0	1
									0	-1	0
									16.3186	0.00930309	-0.155176
								}
							}
						}
						{bone "barrel2"
							{parameters "ID=gun;"}
							{Position 8.82906	-1.80541	-2.739}
							{VolumeView "barrel2.ply"}
							{bone "shooter01"
								{Matrix34
									1	0	0
									0	0	1
									0	-1	0
									16.3186	-0.00228643	-0.155176
								}
							}
						}
						{bone "visor"
							{Matrix34
								1	0	0
								0	0	1
								0	-1	0
								10.7338	-0.105664	0.987919
							}
						}
						{bone "foresight1"
							{Matrix34
								1	0	0
								0	0	1
								0	-1	0
								26.9128	0.033515	-2.89418
							}
						}
						{bone "magazine2"
							{parameters "ID=gun;"}
							{Position -0.518835	-1.86173	1.25455}
							{VolumeView "magazine2.ply"}
						}
						{bone "magazine1"
							{parameters "ID=gun;"}
							{Position -0.518835	1.86287	1.25455}
							{VolumeView "magazine1.ply"}
						}
					}
					{bone "arm"
						{parameters "ID=gun;"}
						{Matrix34
							1	0	0
							0	0	-1
							0	1	0
							0.637568	7.29948	3.46013
						}
						{VolumeView "arm.ply"}
					}
					{bone "fxshell2"
						{Matrix34
							0.98447	-0.175555	0
							0.175555	0.98447	0
							0	0	1
							5.22338	-2.42546	-1.92059
						}
					}
					{bone "fxshell1"
						{Matrix34
							0.98447	-0.175555	0
							0.175555	0.98447	0
							0	0	1
							5.22338	-2.42546	1.7023
						}
					}
				}
				{bone "gunner"
					{Matrix34
						0.906308	0	0.422618
						0	1	0
						-0.422618	0	0.906308
						-5.0	-0.260617	-19.0
					}
				}
				{bone "commander"
					{Position -9.32898	-13.0618	-16.2907}
				}
			}
		}
	}
}
{Volume "barrel1"
	{Cylinder 0.538798 16}
	{Bone "barrel1"}
	{Matrix34
		0	-1	0
		0	0	1
		-1	0	0
		8.03733	6.9507e-005	-0.257682
	}
}
{Volume "barrel2"
	{Cylinder 0.538798 16}
	{Bone "barrel2"}
	{Matrix34
		0	-1	0
		0	0	1
		-1	0	0
		8.03733	-0.00108182	-0.257682
	}
}
{Volume "body"
	{Box 9 9 5.5}
	{Bone "body"}
	{Position 1.76579	0.019999	0.155415}
}
{Volume "gun"
	{Box 17 5 3}
	{Bone "gun"}
	{Position 0.241146	0.0168574	-3.68184}
}
{Volume "magazine1"
	{Box 3 7.5 1}
	{Bone "magazine1"}
	{Matrix34
		0.948569	0	-0.316569
		0.316569	0	0.948569
		0	-1	0
		-0.145778	0.0303459	-0.194199
	}
}
{Volume "magazine2"
	{Box 3 7.5 1}
	{Bone "magazine2"}
	{Matrix34
		0.948569	0	-0.316569
		0.316569	0	0.948569
		0	-1	0
		-0.145778	-0.0110571	-0.194199
	}
}
{Volume "standc"
	{Box 21 1.5 2}
	{Bone "standb"}
	{Matrix34
		-0.95245	0	0.304694
		0	-1	0
		0.304694	0	0.95245
		3.96623	0.0420067	-1.19898
	}
}
{Volume "standl"
	{Box 21 1.5 2}
	{Bone "standl"}
	{Matrix34
		-0.952447	-0.00258431	0.304694
		0.00271296	-0.999996	0
		0.304693	0.000826723	0.95245
		3.9524	0.00847686	-1.13827
	}
}
{Volume "standr"
	{Box 21 1.5 2}
	{Bone "stanr"}
	{Matrix34
		-0.952426	0.006724	0.304694
		-0.00705966	-0.999975	0
		0.304687	-0.00215101	0.95245
		3.97617	-0.0227869	-1.12665
	}
}
{Volume "turret"
	{Polyhedron "turret.vol"}
	{Bone "turret"}
	{Position -0.196006	0.111508	-6.99209}
}

