;Exported by: Normand
;Date:        Sun Feb 25 09:49:23 2018
;File:        C:\Users\Normand\type1_47mm.max
{Skeleton
	{animation
		{sequence "recoil" {speed 0.5}}
		{sequence "close" {speed 0.3}}
	}
	{bone revolute "basis"
		{speed 0.01}
		{Orientation
			1	0	0
			0	-1	0
			0	0	1
		}
		{bone "emit3"
			{Matrix34
				0	-1	0
				1	0	0
				0	0	1
				-31.4062	14.3477	0
			}
		}
		{bone "emit4"
			{Matrix34
				0	1	0
				-1	0	0
				0	0	1
				-31.4062	-14.8575	0
			}
		}
		{bone "driver3"
			{Position -40.1675	-7.72528	0}
		}
		{bone "driver4"
			{Position -39.5319	7.62002	0}
		}
		{bone "commander"
			{Position -2.87846	-27.1642	0}
		}
		{bone "charger2"
			{Matrix34
				0.697104	-0.71697	0
				0.71697	0.697104	0
				0	0	1
				-48.0842	9.88755	0
			}
		}
		{bone "emit2"
			{Position -32.8656	-21.6021	-0.113026}
			{visibility 0}
		}
		{bone "emit1"
			{Position -30.7293	14.6354	-0.113033}
			{visibility 0}
		}
		{bone "driver1"
			{Position -20.7118	14.7594	-0.11303}
		}
		{bone "driver2"
			{Position -21.7796	-14.158	-0.113031}
		}
		{bone "seat1"
			{Matrix34
				0.600489	0.79943	-0.0180303
				-0.799621	0.600449	-0.00814117
				0.00431803	0.0193062	0.999804
				-35.2697	1.2452	1.78089
			}
		}
		{bone "seat2"
			{Matrix34
				0.204541	-0.975	-0.0868241
				0.978531	0.205958	-0.00759608
				0.0252883	-0.0834064	0.996195
				-33.8436	-5.58121	1.57579
			}
		}
		{bone "seat3"
			{Matrix34
				0.600489	0.79943	-0.0180303
				-0.799621	0.600449	-0.00814117
				0.00431803	0.0193062	0.999804
				-35.2697	1.2452	1.78089
			}
		}
		{bone "seat4"
			{Matrix34
				0.204541	-0.975	-0.0868241
				0.978531	0.205958	-0.00759608
				0.0252883	-0.0834064	0.996195
				-33.8436	-5.58121	1.57579
			}
		}
		{bone "body"
			{parameters "ID=body;"}
			{animation
				{sequence "repair" {file "body_r.anm"} {speed 0.3}}
			}
			{Position -1.70942	0.293106	9.04526}
			{VolumeView "body.ply"}
			{bone "link1"
				{Matrix34
					-0.99214	0	-0.125136
					0	-1	0
					-0.125136	0	0.99214
					-62.1101	0.8367	-7.71558
				}
			}
			{bone "standl"
				{Matrix34
					0.950389	-0.311064	0
					0.311064	0.950389	0
					0	0	1
					2.70806	5.10621	-4.45669
				}
				{VolumeView "standl.ply"}
			}
			{bone "standr"
				{Matrix34
					0.950389	0.311064	0
					-0.311064	0.950389	0
					0	0	1
					2.41313	-5.09643	-4.46809
				}
				{VolumeView "standr.ply"}
			}
			{bone revolute "turret"
				{parameters "ID=turret;"}
				{animation
					{sequence "repair" {file "turret_r.anm"} {speed 0.3}}
				}
				{limits -29 29}
				{Position 4.4447	-0.0320254	3.94954}
				{VolumeView "turret.ply"}
				{bone "visor2"
					{Matrix34
						1	0	0
						0	0	1
						0	-1	0
						-1.99147	-2.99715	6.99414
					}
				}
				{bone "gunner"
					{Matrix34
						0.911678	-0.410905	0
						0.410905	0.911678	0
						0	0	1
						-25.0024	13.7609	-11.3099
					}
				}
				{bone "charger"
					{Matrix34
						0.954491	0.298239	0
						-0.298239	0.954491	0
						0	0	1
						-25.8319	-14.0718	-11.3329
					}
				}
				{bone "shield"
					{Matrix34
						0.980714	0	0.19545
						0	1	0
						-0.19545	0	0.980714
						-1.24703	-0.0415815	2.82213
					}
					{VolumeView "shield.ply"}
				}
				{bone revolute "gun_rot"
					{parameters "ID=gun;"}
					{animation
						{sequence "repair" {file "gun_r.anm"} {speed 0.3}}
					}
					{limits -11 18}
					{Matrix34
						1	0	0
						0	0	1
						0	-1	0
						-2.23787	-0.0174887	2.28496
					}
					{VolumeView "gun_rot.ply"}
					{bone "gun"
						{Matrix34
							1	0	0
							0	0	-1
							0	1	0
							11.8844	0.112373	-1.01629
						}
						{VolumeView "gun57.ply"}
						{bone "foresight1"
							{Matrix34
								1	0	0
								0	0	1
								0	-1	0
								29.7559	-0.97412	-0.0531158
							}
						}
						{bone "fx_invers"
							{Matrix34
								-1	0	0
								0	-1	0
								0	0	1
								-21.0772	-1.10508	-0.0456905
							}
						}
						{bone "visor"
							{Matrix34
								1	0	0
								0	0	1
								0	-1	0
								0.0528202	-1.07811	1.40059
							}
						}
					}
				}
			}
		}
		{bone "pivot_front"
			{Position 0.0708416	0.213076	7.63371}
			{bone "fxtracer1"
				{Position -0.0153359	-11.7485	-7.60435}
			}
			{bone "fxtracel1"
				{Position -0.0153245	11.6799	-7.62594}
			}
			{bone revolute "wheell"
				{Matrix34
					-0.999926	0	0.0121991
					0.0121991	0	0.999926
					0	1	0
					0.902579	14.3462	-0.0075531
				}
				{VolumeView "wheell.ply"}
			}
			{bone revolute "wheelr"
				{Matrix34
					-0.999926	0	0.0121991
					0.0121991	0	0.999926
					0	1	0
					0.945665	-14.1861	-0.038599
				}
				{VolumeView "wheelr.ply"}
			}
		}
	}
}
{Obstacle "close"
	{Obb2
		{Center -23.7093 1.70942}
		{Extent 28.5077 7.31534}
		{Axis -1 0}
	}
	{Tags  "close"}
	{Rotate}
}
{Obstacle "obstacle"
	{Obb2
		{Center -2.5455 1.01748}
		{Extent 12.1134 17.8835}
		{Axis -1 0}
	}
	{Rotate}
}
{Volume "body"
	{Box 4.5 21 4.5}
	{Bone "body"}
	{Position 2.80274	0.0175039	-2.13829}
}
{Volume "gun"
	{Cylinder 1.25 49.8}
	{Bone "gun"}
	{Matrix34
		0	-1	0
		0	0	1
		-1	0	0
		5.41154	-0.97204	-0.0551339
	}
}
{Volume "gun2"
	{Box 23.4473 3 2.7}
	{Bone "gun_rot"}
	{Matrix34
		1	0	0
		0	0	-1
		0	1	0
		4.14841	-2.56541	0.0931224
	}
}
{Volume "shield"
	{Box 24 20 0.5}
	{Bone "shield"}
	{Matrix34
		0	-1	0
		-0.428035	0	0.903762
		-0.903762	0	-0.428035
		0.078889	0.0146842	-0.191442
	}
}
{Volume "standl"
	{Box 58.3877 2 2.25}
	{Bone "standl"}
	{Matrix34
		0.994094	0	0.108521
		0	1	0
		-0.108521	0	0.994094
		-30.4753	0.149849	0.0701656
	}
}
{Volume "standr"
	{Box 58.3877 2 2.25}
	{Bone "standr"}
	{Matrix34
		0.994094	0	0.108521
		0	1	0
		-0.108521	0	0.994094
		-30.1804	0.0710831	0.081563
	}
}
{Volume "turret"
	{Polyhedron "turret.vol"}
	{Bone "turret"}
	{Position -2.92467	0.0202548	-3.75101}
}
{Volume "wheelleft"
	{Cylinder 7.63454 3.1}
	{Bone "wheell"}
	{Matrix34
		-0.999926	0.012199	0
		0.012199	0.999926	0
		0	0	-1
		-0.0378142	-0.008388	-0.489122
	}
}
{Volume "wheelright"
	{Cylinder 7.63454 3.1}
	{Bone "wheelr"}
	{Matrix34
		-0.999926	0.012199	0
		0.012199	0.999926	0
		0	0	-1
		0.00564531	0.0221305	0.523671
	}
}
