;Exported by: Juliy
;Date:        Sat Oct 23 23:50:21 2010
;File:        C:\Documents and Settings\Juliy\Мои документы\3dsmax\autoback\AutoBackup02.max
{Skeleton
	{animation
		{sequence "start"}
		{sequence "stop"}
		{sequence "hit"}
	}
	{bone revolute "basis"
		{parameters "Wheelradius=0.4;"}
		{limits 0 0}
		{speed 0.001}
		{Orientation
			1	0	0
			0	-1	0
			0	0	1
		}
		{bone "emit2"
			{Matrix34
				-0.00340507	0.999991	-0.00270409
				-0.99999	-0.00339699	0.00298434
				0.00297514	0.00271423	0.999992
				0.319646	-30.815	0.297995
			}
		}
		{bone "emit1"
			{Matrix34
				0.000592994	-1	-0.000519796
				0.999762	0.00058157	0.0218123
				-0.0218119	-0.000532607	0.999762
				0.284882	27.7599	0.328425
			}
                 }
                  {bone "link2"
			{Matrix34
				-1	0	0
				0	-1	0
				0	0	1
				-40.2878	0	10.6689
			}
		}
		{bone "body"
			{parameters "ID=body;"}
			{Matrix34
				1	0.000593499	0
				-0.000593499	1	0.000519325
				0	-0.000519324	1
				2.00842	0.347395	17.6603
			}
			{VolumeView "body.ply"}
			{bone "fxfire1"
				{Matrix34
					-0.00111761	0	0.999999
					4.19167e-005	1	0
					-0.999999	4.45845e-005	-0.00111719
					-26.9601	2.21619	7.22318
				}
			}
			{bone "fxsmoke1"
				{Matrix34
					-0.718869	-0.02579	0.694668
					-0.034958	0.999389	0.000927078
					-0.694266	-0.0236177	-0.719331
					-39.941	-14.1458	2.43492
				}
			}
			{bone "headlightl"
				{Matrix34
					1	0	0.000138283
					0	1	0
					-0.000138283	0	1
					5.03716	14.7631	10.38
				}
			}
			{bone "visor1"
				{Matrix34
					1	0	0.000138284
					0	1	0
					-0.000138282	0	1
					4.63824	-8.69334	8.72209
				}
			}
			{bone "headlightr"
				{Matrix34
					1	0	0.000138284
					0	1	0
					-0.000138282	0	1
					5.1689	-15.1186	10.3611
				}
			}
			{bone "fxsmoke2"
				{Matrix34
					-0.718869	-0.0257899	0.694668
					-0.034958	0.999388	0.000927074
					-0.694266	-0.0236177	-0.719331
					-40.6466	14.6884	2.43493
				}
			}
			{bone revolute "wheelr1"
				{parameters "ID=trackright;"}
				{Matrix34
					-0.999987	-0.0051448	-0.00027785
					-0.00024691	-0.00601742	0.999982
					-0.00514621	0.999969	0.00601602
					34.6688	-15.3879	-5.66429
				}
				{VolumeView "wheelr1.ply"}
			}
			{bone revolute "wheelr9"
				{parameters "ID=trackright;"}
				{Matrix34
					-0.999987	-0.0051448	-0.00027785
					-0.00024691	-0.00601742	0.999982
					-0.00514621	0.999969	0.00601602
					-34.8073	-14.4537	-8.83319
				}
				{VolumeView "wheelr9.ply"}
			}
			{bone revolute "wheell1"
				{parameters "ID=trackleft;"}
				{Matrix34
					-0.999753	0.0222429	0
					-4.96379e-005	-0.00223076	0.999998
					0.0222429	0.99975	0.00223132
					34.6745	14.8372	-5.70783
				}
				{VolumeView "wheell1.ply"}
			}
			{bone revolute "wheell9"
				{parameters "ID=trackleft;"}
				{Matrix34
					-0.999753	0.0222429	0
					-4.96379e-005	-0.00223076	0.999998
					0.0222429	0.99975	0.00223132
					-34.825	15.2341	-8.87657
				}
				{VolumeView "wheell9.ply"}
			}
			{bone "cover1"
				{parameters "ID=body;"}
				{Matrix34
					-0.0291874	0.0240698	-0.999284
					-0.0366161	0.999142	0.0193524
					0.99946	0.0278214	-0.0175074
					-5.12774	-7.63972	13.4949
				}
				{VolumeView "cover1.ply"}
			}
			{bone "engine"
				{Matrix34
					1	0	0.000138284
					0	1	0
					-0.000138282	0	1
					-27.0384	-0.0534629	0.826328
				}
			}
			{bone revolute "mgun_turret"
				{parameters "ID=turret;"}
				{limits -10 10}
				{speed 0.01}
				{Position 9.87465	7.25742	5.34155}
				{bone revolute "gun_rot"
					{parameters "ID=mgun;"}
					{limits -5 5}
					{speed 0.01}
					{Matrix34
						1	0	0
						0	0.00888271	-0.999961
						0	0.999961	0.00888273
						8.41314	-0.415174	-0.263664
					}
					{VolumeView "gun_rot.ply"}
					{bone "foresight3"
						{Matrix34
							1	-0.000138278	0
							-0.000138287	-0.99996	0.00888589
							0	-0.00888589	-0.99996
							7.31987	0.103706	-0.121961
						}
					}
					{bone "shooter01"
						{Matrix34
							1	-0.000138278	0
							-0.000138288	-0.99996	0.00888542
							0	-0.00888542	-0.99996
							5.10998	0.0864716	-2.0628
						}
					}
					{bone "shooter00"
						{Matrix34
							1	-0.000138278	0
							-0.000138288	-0.99996	0.00888542
							0	-0.00888542	-0.99996
							5.10998	0.121197	1.84625
						}
					}
				}
			}
		}
		{bone "wheelsl"
			{parameters "ID=trackleft;"}
			{Matrix34
				0.999659	-0.026132	-1.35413e-005
				0.026132	0.999658	0.000519151
				0	-0.000519328	1
				-2.32433	14.6638	8.87594
			}
			{VolumeView "wheelsl.ply"}
			{bone revolute "wheell2"
				{parameters "ID=trackleft;"}
				{Matrix34
					-0.99999	-0.00448455	0
					1.00075e-005	-0.00223153	0.999998
					-0.00448454	0.999987	0.00223155
					23.9973	1.03999	-4.99065
				}
				{VolumeView "wheell2.ply"}
			}
			{bone revolute "wheell3"
				{parameters "ID=trackleft;"}
				{Matrix34
					-0.99999	-0.00448455	0
					1.00075e-005	-0.00223153	0.999998
					-0.00448454	0.999987	0.00223155
					16.5541	0.902967	-4.96815
				}
				{VolumeView "wheell3.ply"}
			}
			{bone revolute "wheell4"
				{parameters "ID=trackleft;"}
				{Matrix34
					-0.99999	-0.00448455	0
					1.00075e-005	-0.00223153	0.999998
					-0.00448454	0.999987	0.00223155
					9.94726	0.780902	-4.94889
				}
				{VolumeView "wheell4.ply"}
			}
			{bone revolute "wheell6"
				{parameters "ID=trackleft;"}
				{Matrix34
					-0.99999	-0.00448455	0
					1.00075e-005	-0.00223153	0.999998
					-0.00448454	0.999987	0.00223155
					-8.11984	0.446794	-4.89722
				}
				{VolumeView "wheell6.ply"}
			}
			{bone revolute "wheell7"
				{parameters "ID=trackleft;"}
				{Matrix34
					-0.99999	-0.00448455	0
					1.00075e-005	-0.00223153	0.999998
					-0.00448454	0.999987	0.00223155
					-15.6157	0.308055	-4.87574
				}
				{VolumeView "wheell7.ply"}
			}
			{bone revolute "wheell5"
				{parameters "ID=trackleft;"}
				{Matrix34
					-0.99999	-0.00448455	0
					1.00075e-005	-0.00223153	0.999998
					-0.00448454	0.999987	0.00223155
					-1.31247	0.572165	-4.91654
				}
				{VolumeView "wheell5.ply"}
			}
			{bone revolute "wheell8"
				{parameters "ID=trackleft;"}
				{Matrix34
					-0.99999	-0.00448455	0
					1.00075e-005	-0.00223153	0.999998
					-0.00448454	0.999987	0.00223155
					-21.6655	0.193631	-4.39256
				}
				{VolumeView "wheell8.ply"}
			}
			{bone "fxtracel2"
				{Matrix34
					-0.868145	-0.0156724	0.496063
					0.0180498	-0.999837	0
					0.495982	0.00895383	0.868287
					-34.3077	0.0678921	-4.24036
				}
			}
			{bone "fxtracel1"
				{Matrix34
					-0.706211	0.708001	0
					-0.708001	-0.706212	0
					0	0	1
					0.607679	1.07486	-8.62629
				}
			}
			{bone "trackl"
				{parameters "ID=trackleft;"}
				{Matrix34
					0.999643	0.0267254	0
					-6.57474e-005	0.00246611	0.999997
					0.0267253	-0.99964	0.002467
					4.2223	0.747374	0.172059
				}
				{VolumeView "trackl.ply"}
			}
		}
		{bone "wheelsr"
			{parameters "ID=trackright;"}
			{Matrix34
				0.999659	-0.026132	-1.35413e-005
				0.026132	0.999658	0.000519151
				0	-0.000519328	1
				-2.33863	-14.0352	8.93849
			}
			{VolumeView "wheelsr.ply"}
			{bone revolute "wheelr2"
				{parameters "ID=trackright;"}
				{Matrix34
					-0.999492	-0.0318685	-0.00027786
					-8.60078e-005	-0.00602149	0.999982
					-0.0318695	0.999474	0.0060157
					24.0823	0.244244	-5.02561
				}
				{VolumeView "wheelr2.ply"}
			}
			{bone revolute "wheelr3"
				{parameters "ID=trackright;"}
				{Matrix34
					-0.999492	-0.0318685	-0.00027786
					-8.60078e-005	-0.00602149	0.999982
					-0.0318695	0.999474	0.0060157
					16.6387	0.107535	-5.00314
				}
				{VolumeView "wheelr3.ply"}
			}
			{bone revolute "wheelr4"
				{parameters "ID=trackright;"}
				{Matrix34
					-0.999492	-0.0318685	-0.00027786
					-8.60078e-005	-0.00602149	0.999982
					-0.0318695	0.999474	0.0060157
					10.033	-0.0134354	-4.98361
				}
				{VolumeView "wheelr4.ply"}
			}
			{bone revolute "wheelr7"
				{parameters "ID=trackright;"}
				{Matrix34
					-0.999492	-0.0318685	-0.00027786
					-8.60078e-005	-0.00602149	0.999982
					-0.0318695	0.999474	0.0060157
					-15.5327	-0.487325	-4.90907
				}
				{VolumeView "wheelr7.ply"}
			}
			{bone revolute "wheelr5"
				{parameters "ID=trackright;"}
				{Matrix34
					-0.999492	-0.0318685	-0.00027786
					-8.60078e-005	-0.00602149	0.999982
					-0.0318695	0.999474	0.0060157
					-1.22958	-0.222568	-4.9504
				}
				{VolumeView "wheelr5.ply"}
			}
			{bone revolute "wheelr6"
				{parameters "ID=trackright;"}
				{Matrix34
					-0.999492	-0.0318685	-0.00027786
					-8.60078e-005	-0.00602149	0.999982
					-0.0318695	0.999474	0.0060157
					-8.03542	-0.349524	-4.93104
				}
				{VolumeView "wheelr6.ply"}
			}
			{bone "fxtracer2"
				{Matrix34
					-0.868145	-0.0156723	0.496063
					0.0180499	-0.999837	0
					0.495982	0.00895378	0.868286
					-34.8007	-1.15035	-4.31781
				}
			}
			{bone "fxtracer1"
				{Matrix34
					-0.706211	0.708001	0
					-0.708001	-0.706212	0
					0	0	1
					0.116448	-0.207188	-8.70374
				}
			}
			{bone revolute "wheelr8"
				{parameters "ID=trackright;"}
				{Matrix34
					-0.99999	-0.00448433	0
					1.0006e-005	-0.00223153	0.999998
					-0.00448429	0.999987	0.00223155
					-21.5777	-0.611354	-4.42561
				}
				{VolumeView "wheelr8.ply"}
			}
			{bone "trackr"
				{parameters "ID=trackright;"}
				{Matrix34
					0.999643	0.0267256	0
					5.22355e-005	-0.00195403	0.999998
					-0.0267255	0.999641	0.00195471
					4.27678	-0.11776	0.094593
				}
				{VolumeView "trackr.ply"}
			}
		}
	}
}
{Volume "body1"
	{Polyhedron "body1.vol"}
	{Bone "body"}
	{Matrix34
		0	1	0
		0	0	1
		1	0	0
		-15.9262	0.732578	-5.61846
	}
}
{Volume "body2"
	{Polyhedron "body2.vol"}
	{Bone "body"}
	{Matrix34
		0	1	0
		0	0	1
		1	0	0
		-14.2456	-1.53155	-5.85524
	}
}
{Volume "body3"
	{Polyhedron "body3.vol"}
	{Bone "body"}
	{Position -0.15734	0.2719	0.82304}
}
{Volume "crew"
	{Box 10.9588 17.6124 13.829}
	{Bone "body"}
	{Matrix34
		0.871492	0	0.000120097
		0	0.742736	0
		-0.000151082	0	1.09634
		-4.59741	5.16081	3.65055
	}
}
{Volume "engine"
	{Box 23.8627 26.1246 9.95222}
	{Bone "engine"}
	{Matrix34
		0.914124	-5.52805e-005	0.00477866
		5.0579e-005	0.999999	0
		-0.00874791	0	2.01303
		0.262505	-0.00945744	-2.66453
	}
}
{Volume "inventory"
	{Box 15.9247 14.8797 15.7062}
	{Bone "body"}
	{Matrix34
		0.601596	0	0
		0	1	0
		0	0	1
		-9.74196	2.26957	-3.17259
	}
}
{Volume "trackleft"
	{Box 18.8125 8.29922 8.73502}
	{Bone "wheelsl"}
	{Matrix34
		4.38627	0.117267	0
		-0.0196108	0.733528	0
		0	0	2.34359
		5.96613	0.722844	1.64663
	}
}
{Volume "trackright"
	{Polyhedron "trackright.vol"}
	{Bone "wheelsr"}
	{Matrix34
		0.999643	0.0267254	0
		-0.0267254	0.999643	0
		0	0	1
		2.46307	-0.587479	-8.65922
	}
}
