;Exported by: Normand
;Date:        Wed Mar 07 09:29:23 2018
;File:        C:\Users\Normand\75mm1897a4_xx.max
{Skeleton
	{bone revolute "basis"
		{speed 0.01}
		{Orientation
			1	0	0
			0	-1	0
			0	0	1
		}
		{bone "body"
			{Matrix34
				0.997212	0	-0.0746264
				0	1	0
				0.0746264	0	0.997212
				0.27228	-0.00962205	9.06498
			}
			{VolumeView "body.ply"}
			{bone "standl"
				{parameters "ID=body;"}
				{Position 2.68596	7.31591	-8.49558}
				{VolumeView "standl.ply"}
			}
			{bone "standr"
				{parameters "ID=body;"}
				{Position 2.53731	-7.37158	-8.53049}
				{VolumeView "standr.ply"}
			}
			{bone "supl"
				{Matrix34
					0.125541	0.985573	0.113509
					-0.98811	0.134453	-0.0745705
					-0.0887562	-0.102798	0.990735
					7.3093	13.1312	-5.13398
				}
				{VolumeView "supl.ply"}
			}
			{bone "supr"
				{Matrix34
					0	-1	0
					-0.18191	0	0.983315
					0.983315	0	0.18191
					7.30931	-13.2039	-5.13398
				}
				{VolumeView "supr.ply"}
			}
			{bone revolute "turret"
				{parameters "ID=turret;"}
				{Matrix34
					0.999999	-1.90735e-005	-0.00175829
					2.74572e-005	0.999989	0.00476819
					0.0017582	-0.00476823	0.999987
					3.68039	0.0607083	-1.55899
				}
				{VolumeView "turret.ply"}
				{bone revolute "gun_rot"
					{parameters "ID=gun;"}
					{Matrix34
						0.998942	0.0453809	0.00738519
						-0.00776258	0.00814558	0.999937
						0.0453179	-0.998937	0.00848923
						-5.94354	0.0374139	9.66816
					}
					{VolumeView "gun_rot.ply"}
					{bone "gun"
						{parameters "ID=gun;"}
						{Matrix34
							0.00125109	0	0.999999
							0	1	0
							-0.999999	0	0.00125102
							-2.16511	-0.467314	2.63676e-005
						}
						{VolumeView "gun.ply"}
					}
				}
				{bone "gun_rot_sup"
					{parameters "ID=turret;"}
					{Matrix34
						-0.544245	0.832107	-0.106747
						-0.185574	0.00467894	0.982619
						-0.818144	-0.554595	-0.151871
						9.65181	0.0657215	3.46756
					}
					{VolumeView "gun_rot_sup.ply"}
				}
				{bone "shield"
					{parameters "ID=shield;"}
					{Position 1.84553	0.0092683	6.15012}
					{VolumeView "shield.ply"}
					{bone "shield2"
						{parameters "ID=shield;"}
						{Matrix34
							0.999998	2.74577e-005	0.0017581
							-1.90744e-005	0.999989	-0.00476817
							-0.00175821	0.00476813	0.999987
							-0.850678	-9.80453	6.81034
						}
						{VolumeView "shield2.ply"}
					}
					{bone "shield1"
						{parameters "ID=shield;"}
						{Matrix34
							-0.597113	-1.63976e-005	-0.802157
							-0.00385243	0.999989	0.00284725
							0.802148	0.00479038	-0.597106
							-0.851119	9.88201	6.71647
						}
						{VolumeView "shield1.ply"}
					}
					{bone "shield_sup"
						{parameters "ID=shield;"}
						{Matrix34
							0.999998	2.74577e-005	0.0017581
							-1.90744e-005	0.999989	-0.00476817
							-0.00175821	0.00476813	0.999987
							-0.641006	0.0056762	5.36375
						}
						{VolumeView "shield_sup.ply"}
						{bone "shield_sup2"
							{parameters "ID=shield;"}
							{Position 2.63222	-0.000382307	-0.241159}
							{VolumeView "shield_sup2.ply"}
						}
					}
				}
			}
		}
		{bone "pivot_front"
			{Matrix34
				0.997212	0	-0.0746264
				0	1	0
				0.0746264	0	0.997212
				5.62889	-0.01761	4.70784
			}
			{VolumeView "pivot_front.ply"}
			{bone revolute "wheelleft"
				{parameters "ID=wheelleft;Support=1;Radius=0.25;"}
				{Matrix34
					0.999848	0	-0.0174523
					0	1	0
					0.0174523	0	0.999848
					0.0229073	17.5964	0.47974
				}
			}
			{bone revolute "wheelright"
				{parameters "ID=wheelright;Support=1;Radius=0.25;"}
				{Matrix34
					0.999848	0	-0.0174523
					0	1	0
					0.0174523	0	0.999848
					0.0229073	-17.6584	0.47974
				}
			}
		}
	}
}
{Volume "body2"
	{Box 12.9405 9.79782 5.7308}
	{Bone "body"}
	{Position 1.67591	0.0612544	1.05781}
}
{Volume "body"
	{Box 3.43851 3.31715 20}
	{Bone "body"}
	{Matrix34
		1	0	0
		0	0	1
		0	-1	0
		5.13252	0.173101	-2.39727
	}
}
{Volume "gun2"
	{Box 30 5.27886 3.25}
	{Bone "gun_rot"}
	{Matrix34
		0.999999	0	-0.00126289
		-0.00126303	0	-0.999999
		0	1	0
		13.0023	-3.18918	0.188118
	}
}
{Volume "gun"
	{Cylinder 1.5 49.5}
	{Bone "gun"}
	{Matrix34
		-1	0	1.1976e-005
		0	1	0
		-1.18752e-005	0	-1
		0.0416677	0.0117344	-21.8235
	}
}
{Volume "shield1"
	{Box 13.5 16 0.5}
	{Bone "shield"}
	{Matrix34
		-1	0	0
		0	0.999984	0.00569838
		0	-0.00569926	0.999984
		0.182181	2.06947	0.182536
	}
}
{Volume "shield2"
	{Box 13.5 16 0.5}
	{Bone "shield"}
	{Matrix34
		-1	0	0
		0	0.999984	0.00569838
		0	-0.00569926	0.999984
		-19.7806	2.06947	0.182544
	}
}
{Volume "standl"
	{Box 70 4 3.8}
	{Bone "standl"}
	{Matrix34
		0.877268	-0.454909	0.153164
		0.44813	0.890538	0.0782399
		-0.17199	0	0.985099
		-29.6858	15.6845	1.7263
	}
}
{Volume "standr"
	{Box 70 4 3.8}
	{Bone "standr"}
	{Matrix34
		0.87631	0.455065	0.158103
		-0.447834	0.890458	-0.080798
		-0.177553	0	0.984111
		-29.3403	-14.7255	1.91122
	}
}
{Volume "wheelleft"
	{Cylinder 4.5 5}
	{Bone "pivot_front"}
	{Matrix34
		0.997211	0	0.0746271
		-0.0746271	0	0.997211
		0	-1	0
		-0.00599829	17.5829	0.220131
	}
}
{Volume "wheelright"
	{Cylinder 4.5 5}
	{Bone "pivot_front"}
	{Matrix34
		0.997211	0	0.0746271
		-0.0746271	0	0.997211
		0	-1	0
		-0.11829	-17.782	0.155608
	}
}
