;Exported by: trax
;Date:        Wed May 09 23:36:32 2012
;File:        C:\Users\trax\Documents\3dsmax\scenes\Hungarian Tanks\Toldi_IIa\toldi2_xx.max
{Skeleton
	{bone "basis"
		{Orientation
			1	0	0
			0	-1	0
			0	0	1
		}
		{Extension "/properties/damage_components.ext"}
		{bone "body"
			{parameters "ID=Body;"}
			{Matrix34
				1	0	-0.000306317
				0	0.99967	0.0257018
				0.000306215	-0.0257018	0.99967
				1.06581	-0.0013766	15.9061
			}
			{VolumeView "body.ply"}
			{bone "shieldr4"
				{parameters "ID=shield;"}
				{Position -7.19354	-15.0697	4.89664}
				{VolumeView "shieldr4.ply"}
			}
			{bone "shieldr1"
				{parameters "ID=shield;"}
				{Position -7.19354	-15.0697	4.89664}
				{VolumeView "shieldr1.ply"}
			}
			{bone "shieldr2"
				{parameters "ID=shield;"}
				{Position -7.19354	-15.0697	4.89664}
				{VolumeView "shieldr2.ply"}
			}
			{bone "shieldr3"
				{parameters "ID=shield;"}
				{Position -7.19354	-15.0697	4.89664}
				{VolumeView "shieldr3.ply"}
			}
			{bone "shieldl1"
				{parameters "ID=shield;"}
				{Position -7.19354	-15.0697	4.89664}
				{VolumeView "shieldl1.ply"}
			}
			{bone "shieldl2"
				{parameters "ID=shield;"}
				{Position -7.19354	-15.0697	4.89664}
				{VolumeView "shieldl2.ply"}
			}
			{bone "shieldl3"
				{parameters "ID=shield;"}
				{Position -7.19354	-15.0697	4.89664}
				{VolumeView "shieldl3.ply"}
			}
			{bone "shieldl4"
				{parameters "ID=shield;"}
				{Position -7.19354	-15.0697	4.89664}
				{VolumeView "shieldl4.ply"}
			}
			{bone revolute "turret"
				{parameters "ID=Turret;"}
				{Matrix34
					0.919205	-0.388959	-0.0614198
					0.388654	0.921221	-0.0173256
					0.0633201	-0.00794526	0.997962
					3.27375	-0.0394478	11.3269
				}
				{VolumeView "turret.ply"}
				{bone "shieldr5"
					{parameters "ID=shield;"}
					{Position -10.4673	-15.0303	-6.43026}
					{VolumeView "shieldr5.ply"}
				}
				{bone "shieldr7"
					{parameters "ID=shield;"}
					{Position -10.4673	-15.0303	-6.43026}
					{VolumeView "shieldr7.ply"}
				}
				{bone "shieldr6"
					{parameters "ID=shield;"}
					{Position -10.4673	-15.0303	-6.43026}
					{VolumeView "shieldr6.ply"}
				}
				{bone "shieldl5"
					{parameters "ID=shield;"}
					{Position -10.4673	-15.0303	-6.43026}
					{VolumeView "shieldl5.ply"}
				}
				{bone "shieldl6"
					{parameters "ID=shield;"}
					{Position -10.4673	-15.0303	-6.43026}
					{VolumeView "shieldl6.ply"}
				}
				{bone "shieldl7"
					{parameters "ID=shield;"}
					{Position -10.4673	-15.0303	-6.43026}
					{VolumeView "shieldl7.ply"}
				}
				{bone "part5"
					{parameters "ID=part5;"}
					{Matrix34
						0.977007	-0.111103	-0.181972
						0.112989	0.993596	0
						0.180807	-0.0205605	0.983304
						16.2234	-0.35613	4.42822
					}
					{VolumeView "part5.ply"}
				}
			}
			{bone revolute "part1"
				{parameters "ID=part1;"}
				{Matrix34
					-1	0	0
					0	0	1
					0	1	0
					37.8512	18.3126	-3.90795
				}
				{VolumeView "part1.ply"}
			}
			{bone revolute "part3"
				{parameters "ID=part3;"}
				{Matrix34
					-1	0	0
					0	0	1
					0	1	0
					-36.3675	17.9722	-9.62767
				}
				{VolumeView "part3.ply"}
			}
			{bone revolute "part2"
				{parameters "ID=part2;"}
				{Matrix34
					-1	0	-0.000306455
					-0.000306556	0.0257014	0.99967
					0	0.99967	-0.0257014
					22.4862	-18.046	-9.04338
				}
				{VolumeView "part2.ply"}
			}
			{bone "part4"
				{parameters "ID=part4;"}
				{Matrix34
					1	2.70839e-005	0.000303274
					-1.91379e-005	0.999658	-0.0261701
					-0.000303864	0.0261701	0.999657
					-44.2971	-0.639834	-1.26788
				}
				{VolumeView "part4.ply"}
			}
		}
	}
}
{Volume "body1"
	{Polyhedron "body1.vol"}
	{Bone "body"}
	{Position -6.77724	-0.0412489	5.69643}
}
{Volume "body2"
	{Polyhedron "body2.vol"}
	{Bone "body"}
	{Position 0.215663	0.00227636	-3.12734}
}
{Volume "part1"
	{Cylinder 8.03989 3.54182}
	{Bone "part1"}
	{Matrix34
		-1	0.00030628	0
		0.000306388	0.99967	0.0257017
		0	0.0257017	-0.99967
		-0.0567021	0.148276	-0.177607
	}
}
{Volume "part2"
	{Cylinder 6.79013 5.46281}
	{Bone "part2"}
	{Matrix34
		-1	0	0
		0	1	0
		0	0	-1
		-0.115715	0.0429153	0.056761
	}
}
{Volume "part3"
	{Cylinder 6.53 4.45707}
	{Bone "part3"}
	{Matrix34
		-1	0.000306519	0
		0.000306626	0.99967	0.0257015
		0	0.0257015	-0.99967
		0.0456156	-0.115345	-0.0295923
	}
}
{Volume "part4"
	{Cylinder 1.97055 19.0062}
	{Bone "part4"}
	{Matrix34
		0.980658	0.195731	9.44148e-005
		0	-0.000468363	1
		0.195731	-0.980657	-0.000458765
		0.104824	2.39301	-1.70655
	}
}
{Volume "part5"
	{Cylinder 1.12403 20.4611}
	{Bone "part5"}
	{Matrix34
		-0.00918286	-0.988753	0.149273
		0.0110233	0.14917	0.98875
		-0.999897	0.010725	0.00952955
		13.2546	-0.163484	0.139351
	}
}
{Volume "shieldl1"
	{Box 17.6823 20.0543 0.5}
	{Bone "shieldl1"}
	{Matrix34
		1	0	0
		0	0	1
		0	-1	0
		29.096	36.8664	-5.4958
	}
}
{Volume "shieldl2"
	{Box 17 21.995 0.5}
	{Bone "shieldl2"}
	{Matrix34
		1	0	0
		0	0	1
		0	-1	0
		11.7344	36.8664	-4.48006
	}
}
{Volume "shieldl3"
	{Box 19.1918 21.6716 0.5}
	{Bone "shieldl3"}
	{Matrix34
		1	0	0
		0	0	1
		0	-1	0
		-6.37641	36.8664	-4.6421
	}
}
{Volume "shieldl4"
	{Polyhedron "shieldl4.vol"}
	{Bone "shieldl4"}
	{Matrix34
		1	0	0
		0	0	1
		0	-1	0
		-27.0059	37.1164	-4.68716
	}
}
{Volume "shieldl5"
	{Box 8 10.5606 0.5}
	{Bone "shieldl5"}
	{Matrix34
		0.892176	-0.451687	0.000297538
		0.0466943	0.0915757	-0.994703
		0.449267	0.887464	0.102793
		18.4611	27.7387	10.1832
	}
}
{Volume "shieldl6"
	{Box 8.73075 10.7075 0.5}
	{Bone "shieldl6"}
	{Matrix34
		0.999011	0.0444738	0
		-0.00607575	0.136479	-0.990624
		-0.0440568	0.989644	0.136614
		10.5224	29.224	10.2136
	}
}
{Volume "shieldl7"
	{Box 15.1995 9 0.5}
	{Bone "shieldl7"}
	{Matrix34
		0.942699	0.333531	0.00874938
		-0.0744888	0.235954	-0.968905
		-0.325224	0.912734	0.247277
		-0.885801	26.2044	11.0297
	}
}
{Volume "shieldr1"
	{Box 17.6823 20.0543 0.5}
	{Bone "shieldr1"}
	{Matrix34
		1	0	0
		0	0	1
		0	-1	0
		29.096	-7.07737	-5.4958
	}
}
{Volume "shieldr2"
	{Box 17 21.995 0.5}
	{Bone "shieldr2"}
	{Matrix34
		1	0	0
		0	0	1
		0	-1	0
		11.7344	-7.07737	-4.48006
	}
}
{Volume "shieldr3"
	{Box 19.1918 21.6716 0.5}
	{Bone "shieldr3"}
	{Matrix34
		1	0	0
		0	0	1
		0	-1	0
		-6.37641	-7.07737	-4.6421
	}
}
{Volume "shieldr4"
	{Polyhedron "shieldr4.vol"}
	{Bone "shieldr4"}
	{Matrix34
		1	0	0
		0	0	1
		0	-1	0
		-27.0059	-6.82737	-4.68716
	}
}
{Volume "shieldr5"
	{Box 8 10.5606 0.5}
	{Bone "shieldr5"}
	{Matrix34
		0.892178	0.451684	0.000297544
		-0.0466904	0.0915688	0.994704
		0.449264	-0.887466	0.102785
		18.4611	2.11595	10.1832
	}
}
{Volume "shieldr6"
	{Box 8.73075 10.7075 0.5}
	{Bone "shieldr6"}
	{Matrix34
		0.99901	-0.0444795	0
		0.00607628	0.136473	0.990625
		-0.0440625	-0.989645	0.136609
		10.5224	0.528758	10.2136
	}
}
{Volume "shieldr7"
	{Box 15.1995 9 0.5}
	{Bone "shieldr7"}
	{Matrix34
		0.942699	-0.33353	0.0087494
		0.0744874	0.23595	0.968906
		-0.325224	-0.912735	0.247274
		-0.885801	3.64733	11.0297
	}
}
{Volume "trackleft"
	{Box 89.3701 6.47722 20.9646}
	{Bone "body"}
	{Matrix34
		1	0	0.000306129
		0	0.99967	-0.0257022
		-0.00030622	0.0257022	0.99967
		0.989336	17.7233	-6.63649
	}
}
{Volume "trackright"
	{Box 89.3701 6.47722 20.9646}
	{Bone "body"}
	{Matrix34
		1	0	0.00030613
		0	0.99967	-0.025702
		-0.000306231	0.025702	0.999669
		0.989335	-18.1214	-5.71492
	}
}
{Volume "turret"
	{Polyhedron "turret.vol"}
	{Bone "turret"}
	{Position -5.75827	0	3.53521}
}
