;Exported by: Normand
;Date:        Sat May 25 09:25:23 2019
;File:        C:\Users\Normand\7tp_xx.max
{Skeleton
	{bone "basis"
		{parameters "WheelRadius=0.3;"}
		{Orientation
			1	0	0
			0	-1	0
			0	0	1
		}
		{bone "wheelsR2"
			{Position 1.43354	-20.1707	0}
			{bone revolute "wheelr02"
				{parameters "ID=trackright;"}
				{Matrix34
					1	0	0
					0	0	-1
					0	1	0
					27.3161	-0.0795097	3.62205
				}
				{VolumeView "wheelr02.ply"}
			}
			{bone revolute "wheelr03"
				{parameters "ID=trackright;"}
				{Matrix34
					1	0	0
					0	0	-1
					0	1	0
					19.2889	-0.0795059	3.62205
				}
				{VolumeView "wheelr03.ply"}
			}
			{bone revolute "wheelr04"
				{parameters "ID=trackright;"}
				{Matrix34
					1	0	0
					0	0	-1
					0	1	0
					11.4929	-0.0795097	3.62204
				}
				{VolumeView "wheelr04.ply"}
			}
			{bone revolute "wheelr05"
				{parameters "ID=trackright;"}
				{Matrix34
					1	0	0
					0	0	-1
					0	1	0
					3.46562	-0.0795059	3.62203
				}
				{VolumeView "wheelr05.ply"}
			}
			{bone revolute "wheelr06"
				{parameters "ID=trackright;"}
				{Matrix34
					1	0	0
					0	0	-1
					0	1	0
					-3.67613	-0.0795097	3.62202
				}
				{VolumeView "wheelr06.ply"}
			}
			{bone revolute "wheelr07"
				{parameters "ID=trackright;"}
				{Matrix34
					1	0	0
					0	0	-1
					0	1	0
					-11.7034	-0.0795097	3.62202
				}
				{VolumeView "wheelr07.ply"}
			}
			{bone revolute "wheelr08"
				{parameters "ID=trackright;"}
				{Matrix34
					1	0	0
					0	0	-1
					0	1	0
					-19.4994	-0.0795097	3.62202
				}
				{VolumeView "wheelr08.ply"}
			}
			{bone revolute "wheelr09"
				{parameters "ID=trackright;"}
				{Matrix34
					1	0	0
					0	0	-1
					0	1	0
					-27.5266	-0.0795174	3.62202
				}
				{VolumeView "wheelr09.ply"}
			}
			{bone "trackr"
				{parameters "ID=trackright;"}
				{Matrix34
					1	0	0
					0	0	1
					0	-1	0
					-1.16234	0.15099	13.3686
				}
				;{VolumeView "trackr.ply"}
			}
		}
		{bone "wheelsL2"
			{Position 1.43354	20.1772	0}
			{bone revolute "wheell02"
				{parameters "ID=trackleft;"}
				{Matrix34
					1	0	0
					0	0	-1
					0	1	0
					27.3161	0.0925903	3.62204
				}
				{VolumeView "wheell02.ply"}
			}
			{bone revolute "wheell03"
				{parameters "ID=trackleft;"}
				{Matrix34
					1	0	0
					0	0	-1
					0	1	0
					19.2889	0.0925865	3.62203
				}
				{VolumeView "wheell03.ply"}
			}
			{bone revolute "wheell04"
				{parameters "ID=trackleft;"}
				{Matrix34
					1	0	0
					0	0	-1
					0	1	0
					11.4928	0.0925865	3.62203
				}
				{VolumeView "wheell04.ply"}
			}
			{bone revolute "wheell05"
				{parameters "ID=trackleft;"}
				{Matrix34
					1	0	0
					0	0	-1
					0	1	0
					3.46561	0.0925789	3.62202
				}
				{VolumeView "wheell05.ply"}
			}
			{bone revolute "wheell06"
				{parameters "ID=trackleft;"}
				{Matrix34
					1	0	0
					0	0	-1
					0	1	0
					-3.67613	0.0925789	3.62201
				}
				{VolumeView "wheell06.ply"}
			}
			{bone revolute "wheell07"
				{parameters "ID=trackleft;"}
				{Matrix34
					1	0	0
					0	0	-1
					0	1	0
					-11.7034	0.0925789	3.62201
				}
				;{VolumeView "wheell07.ply"}
			}
			{bone revolute "wheell08"
				{parameters "ID=trackleft;"}
				{Matrix34
					1	0	0
					0	0	-1
					0	1	0
					-19.4994	0.0925789	3.62201
				}
				{VolumeView "wheell08.ply"}
			}
			{bone revolute "wheell09"
				{parameters "ID=trackleft;"}
				{Matrix34
					1	0	0
					0	0	-1
					0	1	0
					-27.5266	0.0925827	3.62201
				}
				{VolumeView "wheell09.ply"}
			}
			{bone "trackl"
				{parameters "ID=trackleft;"}
				{Matrix34
					1	0	0
					0	0	1
					0	-1	0
					-1.16234	-0.153385	13.3686
				}
				;{VolumeView "trackl.ply"}
			}
		}
		{bone "body"
			{parameters "ID=body;"}
			{Matrix34
				0.999942	0	-0.0107496
				0.000595053	0.998467	0.0553524
				0.0107331	-0.0553556	0.998409
				-0.181609	0.00978472	15.6163
			}
			{VolumeView "body.ply"}
			{bone revolute "wheell11"
				{parameters "ID=trackleft;"}
				{Matrix34
					1	0	0
					0	0	-1
					0	1	0
					25.2418	20.3927	1.46721
				}
				{VolumeView "wheell11.ply"}
			}
			{bone revolute "wheell12"
				{parameters "ID=trackleft;"}
				{Matrix34
					0.891303	0	0.453408
					0.453408	0	-0.891303
					0	1	0
					9.59318	20.3927	0.625149
				}
				{VolumeView "wheell12.ply"}
			}
			{bone revolute "wheell13"
				{parameters "ID=trackleft;"}
				{Matrix34
					0.949879	0	-0.312617
					-0.312617	0	-0.949879
					0	1	0
					-5.72779	20.3927	-0.27756
				}
				{VolumeView "wheell13.ply"}
			}
			{bone revolute "wheell14"
				{parameters "ID=trackleft;"}
				{Matrix34
					0.949726	0	0.313082
					0.313082	0	-0.949726
					0	1	0
					-21.8093	20.3927	-1.21914
				}
				{VolumeView "wheell14.ply"}
			}
			{bone revolute "wheelr11"
				{parameters "ID=trackright;"}
				{Matrix34
					0.812236	0	0.58333
					0.58333	0	-0.812236
					0	1	0
					25.2418	-20.3927	1.46722
				}
				{VolumeView "wheelr11.ply"}
			}
			{bone revolute "wheelr12"
				{parameters "ID=trackright;"}
				{Matrix34
					0.719769	0	0.694213
					0.694213	0	-0.719769
					0	1	0
					9.59318	-20.3927	0.625156
				}
				{VolumeView "wheelr12.ply"}
			}
			{bone revolute "wheelr13"
				{parameters "ID=trackright;"}
				{Matrix34
					0.856711	0	-0.515797
					-0.515797	0	-0.856711
					0	1	0
					-5.72779	-20.3927	-0.27755
				}
				{VolumeView "wheelr13.ply"}
			}
			{bone revolute "wheelr14"
				{parameters "ID=trackright;"}
				{Matrix34
					1	0	0
					0	0	-1
					0	1	0
					-21.8093	-20.3927	-1.21912
				}
				{VolumeView "wheelr14.ply"}
			}
			{bone revolute "wheelr10"
				{parameters "ID=trackright;Radius=0.5;"}
				{Matrix34
					1	0	0
					0	0	-1
					0	1	0
					-36.4702	-20.3365	-5.70276
				}
				{VolumeView "wheelr10.ply"}
			}
			{bone revolute "wheelr01"
				{parameters "ID=trackright;Radius=0.5;"}
				{Matrix34
					1	0	0
					0	0	-1
					0	1	0
					37.8354	-20.231	-1.38888
				}
				{VolumeView "wheelr01.ply"}
			}
			{bone revolute "wheell01"
				{parameters "ID=trackleft;Radius=0.5;"}
				{Matrix34
					1	0	0
					0	0	-1
					0	1	0
					37.8354	20.231	-1.38889
				}
				{VolumeView "wheell01.ply"}
			}
			{bone revolute "wheell10"
				{parameters "ID=trackleft;Radius=0.5;"}
				{Matrix34
					1	0	0
					0	0	-1
					0	1	0
					-36.4702	20.3364	-5.70277
				}
				{VolumeView "wheell10.ply"}
			}
			{bone "body_7tp"
				{Position -0.0236751	-0.0155813	0.399533}
				{VolumeView "body_7tp.ply"}
				{bone "suspension"
					{parameters "ID=body;"}
					{VolumeView "suspension.ply"}
				}
				{bone revolute "turret"
					{parameters "ID=turret;"}
					{Matrix34
						0.998738	0	-0.0502275
						0	1	0
						0.0502275	0	0.998738
						0.338947	3.4435	13.294
					}
					{VolumeView "turret.ply"}
					{bone revolute "gun_rot"
						{parameters "ID=gun;"}
						{Matrix34
							0.992155	0.0730428	-0.101454
							0.0952064	0.0844698	0.991867
							0.0810185	-0.993745	0.076853
							10.8626	1.32749	5.45915
						}
						{VolumeView "gun_rot.ply"}
						{bone "gun"
							{parameters "ID=gun;"}
							{Matrix34
								1	0	0
								0	0	-1
								0	1	0
								11.0817	1.8277	2.7808
							}
							{VolumeView "gun.ply"}
						}
					}
					{bone "cover"
						{parameters "ID=turret;"}
						{Matrix34
							0	0	-1
							0	1	0
							1	0	0
							0.17815	-4.28981	12.1548
						}
						{VolumeView "cover.ply"}
					}
				}
			}
			{bone "engine"
				{parameters "ID=engine;"}
				{Position -21.159	-0.00978547	3.44384}
				{bone "engine_cover"
					{parameters "ID=engine;"}
					{Matrix34
						0.993476	0	0.114038
						-0.00516929	0.998972	0.0450337
						-0.113921	-0.0453294	0.992455
						3.96532	0.0207759	10.1708
					}
					{VolumeView "engine_cover.ply"}
				}
			}
		}
	}
}
{Obstacle "body"
	{Obb2
		{Center 0.0370312 0.0201359}
		{Extent 40.3918 17.1976}
		{Axis 1 0}
	}
	{Rotate}
}
{Obstacle "trackleft"
	{Obb2
		{Center -0.124443 -19.9016}
		{Extent 43.8211 3.07434}
		{Axis 1 0}
	}
	{Rotate}
}
{Obstacle "trackright"
	{Obb2
		{Center -0.124443 19.9021}
		{Extent 43.8211 3.07434}
		{Axis 1 0}
	}
	{Rotate}
}
{Volume "body1"
	{Polyhedron "body1.vol"}
	{Bone "body"}
	{Position 1.58095	-0.168649	10.3885}
}
{Volume "body"
	{Polyhedron "body.vol"}
	{Bone "body"}
	{Position 0.252104	-0.0704353	-0.72996}
}
{Volume "engine"
	{Box 22.3599 11.6631 31.561}
	{Bone "engine"}
	{Matrix34
		1	0	0
		0	0	1
		0	-1	0
		-2.5873	-0.0124593	2.23369
	}
}
{Volume "gun"
	{Cylinder 1 22.5}
	{Bone "gun"}
	{Matrix34
		0	1	0
		0	0	1
		1	0	0
		5.56808	-0.0357526	-0.045444
	}
}
{Volume "mantlet"
	{Box 4.34248 14.3384 10}
	{Bone "gun_rot"}
	{Matrix34
		1	0	0
		0	0	-1
		0	1	0
		3.69596	0.788971	0.0386211
	}
}
{Volume "trackleft"
	{Polyhedron "trackleft.vol"}
	{Bone "wheelsl2"}
	{Matrix34
		1	0	0
		0	0	1
		0	-1	0
		-1.55798	-0.275593	10.8107
	}
}
{Volume "trackright"
	{Polyhedron "trackright.vol"}
	{Bone "wheelsr2"}
	{Matrix34
		1	0	0
		0	0	1
		0	-1	0
		-1.55798	0.268536	10.8107
	}
}
{Volume "turret2"
	{Polyhedron "turret2.vol"}
	{Bone "turret"}
	{Position -10.5929	0.0976825	2.28694}
}
{Volume "turret"
	{Polyhedron "turret.vol"}
	{Bone "turret"}
	{Position -0.00206041	-0.123013	-1.3423}
}
