;Exported by: dp
;Date:        Sat Sep 28 15:48:27 2013
;File:        C:\Users\dp\Desktop\3\type94_3_xx.max
{Skeleton
	{bone "basis"
		{Orientation
			1	0	0
			0	-1	0
			0	0	1
		}
		{bone "body"
			{parameters "ID=body;"}
			{Matrix34
				0.998609	-0.00103758	-0.0527194
				-0.00523609	0.992914	-0.118723
				0.052469	0.118834	0.991527
				-0.154412	0.223261	11.5432
			}
			{VolumeView "body.ply"}
			{bone "cabin"
				{parameters "ID=cabin;"}
				{Matrix34
					1	0	0
					0	0.999811	-0.0194543
					0	0.0194542	0.999811
					12.4561	-0.0339053	14.8404
				}
				{VolumeView "cabin.ply"}
				{bone "door_right"
					{parameters "ID=cabin;"}
					{Matrix34
						-0.228602	0.97352	0
						-0.97352	-0.228602	0
						0	0	1
						6.98066	-15.9951	0
					}
					{VolumeView "door_right.ply"}
				}
				{bone "door_left"
					{parameters "ID=cabin;"}
					{Matrix34
						0.357157	-0.934044	0
						0.934044	0.357157	0
						0	0	1
						7.18259	14.411	0
					}
					{VolumeView "door_left.ply"}
				}
			}
			{bone "engine"
				{parameters "ID=engine;"}
				{Position 50.3392	-0.939271	12.7347}
				{VolumeView "engine.ply"}
				{bone "engine_coverr1"
					{parameters "ID=engine;"}
					{Matrix34
						0.0218487	0	0.999761
						0	1	0
						-0.999761	0	0.0218487
						-13.3967	-0.0223577	5.54214
					}
					{VolumeView "engine_coverr1.ply"}
					{bone "engine_coverr2"
						{parameters "ID=engine;"}
						{Matrix34
							0.999614	0	0.0277927
							-0.0083053	0.954306	0.298715
							-0.0265227	-0.29883	0.953938
							-4.15293	-10.1666	-1.12696
						}
						{VolumeView "engine_coverr2.ply"}
					}
				}
				{bone "engine_coverl1"
					{parameters "ID=engine;"}
					{Matrix34
						-0.0157984	-0.470333	-0.882347
						0.0357026	-0.88216	0.469594
						-0.999238	-0.0240833	0.0307288
						-13.3781	0.0638099	5.7006
					}
					{VolumeView "engine_coverl1.ply"}
					{bone "engine_coverl2"
						{parameters "ID=engine;"}
						{Matrix34
							-0.184101	0.944473	-0.272172
							-0.982544	-0.184371	0.0248134
							-0.0267452	0.271989	0.961929
							-4.1506	10.1738	-1.23343
						}
						{VolumeView "engine_coverl2.ply"}
					}
				}
			}
			{bone "fenderr"
				{parameters "ID=body;"}
				{Position 29.1012	-0.797407	-4.11949}
				{VolumeView "fenderr.ply"}
				{bone "front_light2"
					{parameters "ID=body;"}
					{Position 23.8628	2.01941	14.8085}
					{VolumeView "front_light2.ply"}
				}
			}
			{bone "fenderl"
				{parameters "ID=body;"}
				{Position 29.1012	-0.797407	-4.11949}
				{VolumeView "fenderl.ply"}
			}
			{bone "fxfire1"
				{Matrix34
					0.999986	-0.00523612	0
					0.00523613	0.999986	0
					0	0	1
					34.5341	0.57783	7.99845
				}
			}
		}
		{bone "pivot_front"
			{Matrix34
				0.998356	0.000910691	0.0573059
				-0.000912181	1	0
				-0.0573058	-5.22845e-005	0.998357
				42.2626	0.0529479	8.8386
			}
			{VolumeView "pivot_front.ply"}
			{bone revolute "steerr"
				{parameters "ID=body;"}
				{Matrix34
					0.998353	-0.00287596	-0.0573053
					-0.00287124	-0.999996	0.000165016
					0.0573057	0	0.998357
					-0.420948	-17.8546	-1.96813
				}
				{VolumeView "steerr.ply"}
				{bone revolute "wheelr1"
					{parameters "ID=wheelright1;Support=1;Radius=0.4;"}
					{Matrix34
						-0.999998	0.00196313	0
						0	0	1
						-0.00196314	-0.999998	0
						0.0511742	2.39482	-0.00175762
					}
					{VolumeView "wheelr1.ply"}
				}
			}
			{bone revolute "steerl"
				{parameters "ID=body;"}
				{Matrix34
					0.99835	0.00374773	-0.057305
					0.00374156	-0.999993	-0.000214685
					0.0573055	0	0.998357
					-0.391056	14.9801	-1.96985
				}
				{VolumeView "steerl.ply"}
				{bone revolute "wheell1"
					{parameters "ID=wheelright1;Support=1;Radius=0.4;"}
					{Matrix34
						-0.999989	-0.00465931	0
						0	0	1
						-0.00465931	0.999989	0
						0.066124	-4.21304	-0.00175476
					}
					{VolumeView "wheelr1.ply"}
				}
			}
		}
		{bone "pivot_back"
			{parameters "ID=body;"}
			{Matrix34
				0.999986	0.00523596	0
				-0.00523596	0.999986	0
				0	0	1
				-30.5124	0.223261	6.74165
			}
			{VolumeView "pivot_back.ply"}
			{bone revolute "wheelr2"
				{parameters "ID=wheelright1;Support=1;Radius=0.4;"}
				{Matrix34
					-0.999986	0.00523675	0
					0	0	1
					0.00523676	0.999986	0
					12.1376	-20.4839	0.106165
				}
				{VolumeView "wheelr1.ply"}
			}
			{bone revolute "wheelr3"
				{parameters "ID=wheelright1;Support=1;Radius=0.4;"}
				{Matrix34
					-0.999986	0.00523675	0
					0	0	1
					0.00523676	0.999986	0
					-12.4838	-20.355	0.106161
				}
				{VolumeView "wheelr1.ply"}
			}
			{bone revolute "wheell2"
				{parameters "ID=wheelright1;Support=1;Radius=0.4;"}
				{Matrix34
					-0.999986	0.00523675	0
					0	0	1
					-0.00523675	-0.999986	0
					-12.2773	19.0873	0.106161
				}
				{VolumeView "wheelr1.ply"}
			}
			{bone revolute "wheell3"
				{parameters "ID=wheelright1;Support=1;Radius=0.4;"}
				{Matrix34
					-0.999986	0.00523675	0
					0	0	1
					-0.00523675	-0.999986	0
					12.3441	18.9584	0.106165
				}
				{VolumeView "wheelr1.ply"}
			}
		}
	}
}
{Volume "body2"
	{Box 59.0622 40.1951 14.3554}
	{Bone "body"}
	{Matrix34
		0.999986	-0.00523612	0
		0.00523613	0.999986	0
		0	0	1
		-31.6173	-0.517459	11.4245
	}
}
{Volume "body"
	{Box 111.176 20.9157 4.07083}
	{Bone "body"}
	{Matrix34
		0.999986	-0.00523612	0
		0.00523613	0.999986	0
		0	0	1
		-0.268536	-0.775551	-0.697483
	}
}
{Volume "cabin"
	{Polyhedron "cabin.vol"}
	{Bone "cabin"}
	{Matrix34
		0.999986	-0.00523612	0
		0.00523613	0.999986	0
		0	0	1
		-2.83453	-0.709159	-13.8897
	}
}
{Volume "engine"
	{Polyhedron "engine.vol"}
	{Bone "engine"}
	{Matrix34
		0.999986	-0.00523612	0
		0.00523613	0.999986	0
		0	0	1
		-14.2045	-0.080828	-11.4124
	}
}
{Volume "wheelleft1"
	{Cylinder 7.25 5}
	{Bone "wheell1"}
	{Matrix34
		-1	0	0
		0	1	0
		0	0	1
		-0.0126015	0.0506912	1.99686
	}
}
{Volume "wheelleft2"
	{Cylinder 7.25 5}
	{Bone "wheell2"}
	{Matrix34
		-1	0	0
		0	1	0
		0	0	1
		-24.7085	0.0507107	1.99679
	}
}
{Volume "wheelleft3"
	{Cylinder 7.25 5}
	{Bone "wheell3"}
	{Matrix34
		-1	0	0
		0	1	0
		0	0	1
		24.6273	0.0507145	1.99684
	}
}
{Volume "wheelright1"
	{Cylinder 7.25 5}
	{Bone "wheelr1"}
	{Matrix34
		-1	0	0
		0	1	0
		0	0	-1
		0.0231578	0.0481379	2.12828
	}
}
{Volume "wheelright2"
	{Cylinder 7.25 5}
	{Bone "wheelr2"}
	{Matrix34
		-1	0	0
		0	1	0
		0	0	-1
		-0.0509617	0.0481529	2.12824
	}
}
{Volume "wheelright3"
	{Cylinder 7.25 5}
	{Bone "wheelr3"}
	{Matrix34
		-1	0	0
		0	1	0
		0	0	-1
		0.0412738	0.0481553	2.12823
	}
}
