;Exported by: Admin
;Date:        Wed Oct 16 05:24:56 2013
;File:        C:\Documents and Settings\Admin\Мои документы\3dsmax\scenes\37mm_type94_x.max
{Skeleton
	{bone revolute "basis"
		{Orientation
			1	0	0
			0	-1	0
			0	0	1
		}
		{bone "body"
			{parameters "ID=body;"}
			{Matrix34
				0.999992	-0.00174521	-0.00349065
				0.00175131	0.999997	0.00174532
				0.0034876	-0.00175142	0.999992
				0.424046	0	7.39295
			}
			{VolumeView "body.ply"}
			{bone revolute "turret"
				{parameters "ID=turret;"}
				{limits -20 20}
				{speed 0.01}
				{Matrix34
					0.999925	2.14565e-005	0.0122172
					-2.14574e-005	1	0
					-0.0122172	0	0.999925
					-0.10658	-0.078528	0.138434
				}
				{VolumeView "turret.ply"}
				{bone revolute "gun_rot"
					{parameters "ID=gun;"}
					{limits -8 20}
					{Matrix34
						0.99996	0.00172942	-0.00872935
						0.00871476	0.00827353	0.999928
						0.00180152	-0.999964	0.00825813
						0.432064	0.0805096	0.676979
					}
					{VolumeView "gun_rot.ply"}
					{bone "gun"
						{parameters "ID=gun;"}
						{Matrix34
							0	-0.00652817	0.999979
							0	0.999979	0.00652817
							-1	0	0
							-6.56712	2.12601	0.0138817
						}
						{VolumeView "gun.ply"}
					}
				}
			}
			{bone "pivot_front"
				{parameters "ID=body;"}
				{Matrix34
					0.999992	0.00175143	0.00348758
					-0.00174531	0.999997	-0.00175141
					-0.00349064	0.00174531	0.999992
					-0.20925	-0.000847511	-0.275204
				}
				{bone revolute "wheelleft"
					{parameters "ID=wheelleft;Support=1;Radius=0.45;"}
					{Matrix34
						1	0	0
						0	0	-1
						0	-1	0
						-0.00717923	9.21518	1.38356
					}
					{VolumeView "wheelleft.ply"}
				}
				{bone revolute "wheelright"
					{parameters "ID=wheelright;Support=1;Radius=0.45;"}
					{Matrix34
						-1	0	0
						0	0	1
						0	1	0
						-0.00717872	-9.24174	1.38356
					}
					{VolumeView "wheelright.ply"}
				}
			}
			{bone "pivot_back"
				{Matrix34
					0.999992	0.00175143	0.00348758
					-0.00174531	0.999997	-0.00175141
					-0.00349064	0.00174531	0.999992
					-38.4361	-0.0800058	-7.37824
				}
			}
			{bone "standl"
				{Matrix34
					0.987949	0.00558221	0.154679
					-0.0107692	0.999407	0.0327165
					-0.154404	-0.033988	0.987423
					-0.52729	4.19966	-0.728511
				}
				{VolumeView "standl.ply"}
				{bone "clinl"
					{Matrix34
						0.992744	-0.11522	-0.0344075
						0.113848	0.992713	-0.0394856
						0.0387063	0.0352819	0.998628
						-38.5687	4.5722	-0.883397
					}
					{VolumeView "clinl.ply"}
				}
			}
			{bone "standr"
				{Matrix34
					0.987962	0.00199523	0.154685
					-0.0017453	0.999997	-0.00175154
					-0.154688	0.00146048	0.987962
					-0.493323	-4.14818	-0.631231
				}
				{VolumeView "standr.ply"}
				{bone "clinr"
					{Matrix34
						0.993633	0.102317	-0.0471756
						-0.102202	0.994752	0.00485307
						0.0474245	0	0.998875
						-38.6143	-4.71559	-0.79988
					}
					{VolumeView "clinr.ply"}
				}
			}
		}
	}
}
{Volume "wheelleft"
	{Cylinder 8.64173 0.984252}
	{Bone "wheelleft"}
	{Matrix34
		1	0	0
		0	-1	0
		0	0	1
		-0.00558641	0.00810437	-0.00602317
	}
}
{Volume "wheelright"
	{Cylinder 8.64173 0.984252}
	{Bone "wheelright"}
	{Position -0.00558811	-0.00810723	0.00380057}
}
