;Exported by: Normand
;Date:        Wed Jan 06 22:19:49 2021
;File:        C:\Users\Normand\boston.max
{Skeleton
	{animation
		{sequence "wheels" {speed 0.3}}
		{sequence "open" {speed 0.3}}
		{sequence "engine_start" {speed 1}}
		{sequence "engine_work" {speed 1}}
		{sequence "engine_stop" {speed 1}}
	}
	{bone "basis"
		{parameters "SteerMax=30;"}
		{Orientation
			1	0	0
			0	-1	0
			0	0	1
		}
		{bone "pivot_back"
			{Matrix34
				0.999995	0	-0.00314373
				0	1	0
				0.00314373	0	0.999995
				0.0679674	-0.0510223	20.0554
			}
			{bone "wingl0"
				{Matrix34
					0.999995	0	0.00314378
					0	1	0
					-0.00314378	0	0.999995
					-0.0871781	45.0444	28.8224
				}
				{bone "wingl"
					{parameters "ID=wingLeft;"}
					{Position 10.1052	78.5482	0.504398}
					{VolumeView "wingl.ply"}
					{bone revolute "aileron1"
						{Matrix34
							0.974344	-0.225062	0
							-0.0201818	-0.0873716	0.995971
							-0.224156	-0.970419	-0.0896722
							-7.63091	-2.70757	1.72457
						}
						{VolumeView "aileron1.ply"}
					}
					{bone revolute "zflap1"
						{Matrix34
							0.977716	-0.209381	-0.0152013
							0	-0.0724107	0.997375
							-0.209932	-0.975149	-0.0707971
							-17.3821	-52.8148	-3.60062
						}
						{VolumeView "flap1.ply"}
					}
					{bone revolute "zflap3"
						{Matrix34
							0.982608	-0.185694	0
							0	0	1
							-0.185694	-0.982608	0
							-25.5658	-96.9054	-6.35558
						}
						{VolumeView "flap3.ply"}
					}
					{bone "gearl4_d0"
						{Matrix34
							0.998995	0	-0.0448276
							0	1	0
							0.0448276	0	0.998995
							-29.6708	-82.9402	-29.0643
						}
						{VolumeView "gearl4_d0.ply"}
					}
					{bone "gearl3_d0"
						{Matrix34
							0.991116	0	-0.132999
							0	1	0
							0.132999	0	0.991116
							-18.6696	-81.9337	-32.1268
						}
						{VolumeView "gearl3_d0.ply"}
						{bone revolute "wheelleft"
							{parameters "ID=retract_wheelL;Radius=0.4;support;"}
							{Matrix34
								-1	0	0
								0	0	1
								0	1	0
								-0.0730677	4.03226	-7.34635
							}
							{VolumeView "wheelleft.ply"}
						}
					}
				}
			}
			{bone "wingr0"
				{Matrix34
					0.999995	0	0.00314378
					0	1	0
					-0.00314378	0	0.999995
					-0.0871781	-45.0448	28.8224
				}
				{bone "wingr"
					{parameters "ID=wingRight;"}
					{Position 10.1052	-78.4583	0.504398}
					{VolumeView "wingr.ply"}
					{bone revolute "aileron2"
						{Matrix34
							0.979782	0.200069	0
							-0.0105792	0.0518086	0.998601
							0.199789	-0.978411	0.0528778
							-7.63112	2.76469	1.02353
						}
						{VolumeView "aileron2.ply"}
					}
					{bone revolute "zflap2"
						{Matrix34
							0.98072	0.195022	-0.0124549
							0	0.0637342	0.997967
							0.195419	-0.978726	0.0625053
							-17.8451	52.8794	-3.09772
						}
						{VolumeView "flap2.ply"}
					}
					{bone revolute "zflap4"
						{Matrix34
							0.986952	0.161014	0
							0	0	1
							0.161014	-0.986952	0
							-25.7022	96.8182	-6.34802
						}
						{VolumeView "flap4.ply"}
					}
					{bone "gearr3_d0"
						{Matrix34
							0.988745	0	-0.149608
							0	1	0
							0.149608	0	0.988745
							-18.602	81.5829	-32.2135
						}
						{VolumeView "gearr3_d0.ply"}
						{bone revolute "wheelright"
							{parameters "ID=retract_wheelR;Radius=0.4;support;"}
							{Matrix34
								-1	0	0
								0	0	1
								0	1	0
								-0.0782108	-3.71598	-7.28445
							}
							{VolumeView "wheelright.ply"}
						}
					}
					{bone "gearr4_d0"
						{Matrix34
							-0.998837	0	0.0482144
							0	1	0
							-0.0482144	0	-0.998837
							-29.4088	83.3074	-29.2788
						}
						{VolumeView "gearr4_d0.ply"}
					}
				}
			}
		}
		{bone "body"
			{Position -22.5926	-0.0063017	62.0634}
			{VolumeView "body.ply"}
			{bone "turret1a_d0"
				{Position -24.8192	-0.00412245	-14.6723}
				{VolumeView "turret1a_d0.ply"}
			}
			{bone "cover_fl"
				{Position 83.0614	4.72091	-41.3866}
				{VolumeView "cover_fl.ply"}
			}
			{bone "cover_f1"
				{Position 83.0499	-4.36842	-41.3491}
				{VolumeView "cover_f1.ply"}
			}
			{bone "coverl1"
				{Position 10.6763	51.0526	-37.7703}
				{VolumeView "coverl1.ply"}
			}
			{bone "coverl2"
				{Position 10.5057	39.1481	-38.0584}
				{VolumeView "coverl2.ply"}
			}
			{bone "coverr2"
				{Position 10.6679	-39.4529	-37.7026}
				{VolumeView "coverr2.ply"}
			}
			{bone "coverr1"
				{Position 10.4542	-50.7399	-37.9104}
				{VolumeView "coverr1.ply"}
			}
			{bone revolute "elevator1"
				{Matrix34
					1	0	0
					0	-0.19016	0.981753
					0	-0.981753	-0.19016
					-102.071	33.8136	-6.75233
				}
				{VolumeView "elevator1.ply"}
			}
			{bone revolute "elevator2"
				{Matrix34
					1	0	0
					0	0.138242	0.990398
					0	-0.990398	0.138242
					-102.071	-33.7868	-6.69644
				}
				{VolumeView "elevator2.ply"}
			}
			{bone revolute "rudder"
				{Position -96.5566	-0.0153001	15.6228}
				{VolumeView "rudder.ply"}
			}
			{bone "engine1"
				{Position 55.4573	45.4676	-24.7473}
				{VolumeView "engine1.ply"}
				{bone "fx_fire2_1"
					{Matrix34
						-1	0	0
						0	-1	0
						0	0	1
						-10.397	2.14856	3.94494
					}
				}
				{bone "fx_smoke2_1"
					{Matrix34
						-1	0	0
						0	-1	0
						0	0	1
						5.49256	5.10894	0.087944
					}
				}
				{bone "fx_smoke2_2"
					{Matrix34
						-1	0	0
						0	-1	0
						0	0	1
						6.03781	-5.04955	0.179516
					}
				}
				{bone "propeller1"
					{parameters "CommonMesh;"}
					{Position 7.15288	-0.0226822	-0.589165}
					{VolumeView "propeller1.ply"}
				}
				{bone "propeller1_work"
					{parameters "CommonMesh;"}
					{Position 11.9672	-0.0226822	-0.589165}
					{VolumeView "propeller1_work.ply"}
				}
				{bone "fx_smoke1"
					{Matrix34
						-1	0	0
						0	-1	0
						0	0	1
						-13.3104	-15.5396	1.03325
					}
				}
			}
			{bone "engine2"
				{Position 55.4573	-45.4673	-24.7473}
				{VolumeView "engine2.ply"}
				{bone "propeller2_work"
					{parameters "CommonMesh;"}
					{Position 11.9564	0.0381851	-0.589603}
					{VolumeView "propeller2_work.ply"}
				}
				{bone "propeller2"
					{parameters "CommonMesh;"}
					{Position 7.14207	0.0381851	-0.589603}
					{VolumeView "propeller2.ply"}
				}
				{bone "fx_fire3_1"
					{Matrix34
						-1	0	0
						0	-1	0
						0	0	1
						4.82823	-5.04046	0.270973
					}
				}
				{bone "fx_smoke3_1"
					{Matrix34
						-1	0	0
						0	-1	0
						0	0	1
						-16.7028	-0.041153	4.50816
					}
				}
				{bone "fx_smoke3_2"
					{Matrix34
						-1	0	0
						0	-1	0
						0	0	1
						4.00868	4.96045	0.300526
					}
				}
				{bone "fx_smoke2"
					{Matrix34
						-1	0	0
						0	-1	0
						0	0	1
						-20.4222	15.4949	1.18879
					}
				}
			}
			{bone "cover1"
				{Position 26.5122	3.78534	-41.5917}
				{VolumeView "cover1.ply"}
			}
			{bone "cover2"
				{Position 26.31	-3.57396	-41.6054}
				{VolumeView "cover2.ply"}
			}
			{bone "glass1"
				{Position 53.0868	-0.000718027	-20.4473}
				{VolumeView "glass1.ply"}
			}
			{bone "cover"
				{Position 58.4419	-5.64141	-7.70102}
				{VolumeView "cover.ply"}
				{bone "glass2"
					{Position 12.5839	5.62697	1.87181}
					{VolumeView "glass2.ply"}
				}
			}
			{bone "mgun1"
				{Position -29.1124	0.00144618	-9.9554}
				{VolumeView "mgun1.ply"}
				{bone "barrel_a00"
					{Matrix34
						-0.969343	0	0.245713
						0	-1	0
						0.245713	0	0.969343
						-13.7076	1.25489	4.49886
					}
				}
				{bone "barrel_a01"
					{Matrix34
						-0.969343	0	0.245713
						0	-1	0
						0.245713	0	0.969343
						-13.7076	-1.2664	4.49886
					}
				}
				{bone "foresight4"
					{Matrix34
						0.969343	0	-0.245713
						0	1	0
						0.245713	0	0.969343
						-23.8969	-0.0441185	7.0759
					}
				}
			}
			{bone "mgun"
				{Position 102.939	-7.7221	-34.5187}
				{VolumeView "mgun.ply"}
				{bone "barrel00"
					{Position 7.96988	18.0008	1.37572}
				}
				{bone "barrel01"
					{Position 7.96988	-2.52783	1.37572}
				}
				{bone "barrel02"
					{Position 13.527	15.4306	0.431347}
				}
				{bone "barrel03"
					{Position 13.527	-0.000519753	0.431347}
				}
				{bone "foresight3"
					{Position 43.615	7.50179	0.731621}
				}
			}
			{bone "gunner"
				{Matrix34
					0.951057	0	0.309017
					0	1	0
					-0.309017	0	0.951057
					103.003	0.00630164	-38.9939
				}
			}
			{bone "driver"
				{Matrix34
					0.989138	0	0.146987
					0	1	0
					-0.146987	0	0.989138
					74.5898	0.00630169	-30.5799
				}
			}
			{bone "gunner1"
				{Matrix34
					-0.997608	0	0.0691315
					0	-1	0
					0.0691315	0	0.997608
					-17.9025	0	-32.8538
				}
			}
			{bone "fx_smoke3_3"
				{Matrix34
					-1	0	0
					0	-1	0
					0	0	1
					-1.98608	60.6564	-31.8783
				}
			}
			{bone "fx_smoke2_3"
				{Matrix34
					-1	0	0
					0	-1	0
					0	0	1
					5.51215	-60.2251	-32.4252
				}
			}
			{bone "fx_fire4_1"
				{Matrix34
					-1	0	0
					0	-1	0
					0	0	1
					-122.036	0.00155436	-8.08662
				}
			}
			{bone "fx_smoke4_2"
				{Matrix34
					-0.999307	0.0372323	0
					-0.0372323	-0.999307	0
					0	0	1
					-115.776	31.918	-8.01179
				}
			}
			{bone "fx_smoke4_1"
				{Matrix34
					-0.999565	-0.0295049	0
					0.0295049	-0.999565	0
					0	0	1
					-115.23	-33.5804	-8.0118
				}
			}
		}
		{bone "pivot_front"
			{Position 73.4579	0.0843126	21.0217}
			{bone "gearc2_d0"
				{Position -0.296196	-0.0735283	2.14655}
				{VolumeView "gearc2_d0.ply"}
				{bone "gearc3_d0"
					{Position 1.64877	0.00043311	-9.85961}
					{VolumeView "gearc3_d0.ply"}
					{bone "gearc33_d0"
						{Position 0.667969	0.0387017	-4.30084}
						{VolumeView "gearc33_d0.ply"}
						{bone revolute "wheel1"
							{parameters "Radius=0.2;support;"}
							{Matrix34
								-1	0	0
								0	0	1
								0	1	0
								0.709442	-0.0345291	-3.06819
							}
							{VolumeView "wheel1.ply"}
						}
					}
				}
			}
		}
		{bone "emit1"
			{Matrix34
				0.72859	-0.684951	0
				0.684951	0.72859	0
				0	0	1
				-48.059	27.6274	-0.04673
			}
		}
	}
}
{Obstacle "rectangle1"
	{Obb2
		{Center -23.2086 0.24514}
		{Extent 111.823 10.1947}
		{Axis 1 0}
	}
	{Rotate}
}
{Obstacle "rectangle2"
	{Obb2
		{Center 17.5701 1.83806}
		{Extent 9.55752 164.389}
		{Axis 1 0}
	}
	{Rotate}
}
{Volume "body2"
	{Polyhedron "bodyback2.vol"}
	{Bone "body"}
	{Matrix34
		1	0	0
		0	0.982867	0.184317
		0	-0.184317	0.982867
		-98.2351	29.5881	-8.02867
	}
}
{Volume "body3"
	{Polyhedron "bodyback3.vol"}
	{Bone "body"}
	{Matrix34
		1	0	0
		0	-0.981748	0.190186
		0	-0.190186	-0.981748
		-98.2351	-29.5407	-6.7397
	}
}
{Volume "body4"
	{Polyhedron "bodyback.vol"}
	{Bone "body"}
	{Matrix34
		1	0	0
		0	0	1
		0	-1	0
		-98.324	0.0146878	13.8333
	}
}
{Volume "body"
	{Polyhedron "body.vol"}
	{Bone "body"}
	{Matrix34
		0	1	0
		0	0	1
		1	0	0
		-39.866	-0.00203636	-22.8789
	}
}
{Volume "engine1"
	{Cylinder 12.0329 45.9}
	{Bone "engine1"}
	{Matrix34
		0	1	0
		0	0	1
		1	0	0
		-14.5533	-0.0288457	0.258464
	}
}
{Volume "engine2"
	{Cylinder 12.0329 45.9}
	{Bone "engine2"}
	{Matrix34
		0	1	0
		0	0	1
		1	0	0
		-14.6403	0.00274377	-0.58278
	}
}
{Volume "wingl1"
	{Box 45.2644 164.159 5}
	{Bone "wingl0"}
	{Matrix34
		1	0	0
		0	0.998692	0.0511391
		0	-0.0511391	0.998692
		1.77298	43.7497	-0.0882435
	}
}
{Volume "wingr1"
	{Box 45.2644 164.159 5}
	{Bone "wingr0"}
	{Matrix34
		1	0	0
		0	0.998692	-0.0511333
		0	0.0511333	0.998692
		1.77298	-44.6543	-0.0882423
	}
}
