;Exported by: Normand
;Date:        Fri Dec 13 09:52:45 2013
;File:        C:\Users\Normand\sdkfz_4_xx.max
{Skeleton
	{bone "basis"
		{parameters "WheelRadius=0.4;"}
		{Orientation
			1	0	0
			0	-1	0
			0	0	1
		}
		{bone "body"
			{parameters "ID=body;"}
			{Matrix34
				0.998598	0.0030941	-0.052847
				0	0.99829	0.0584481
				0.0529375	-0.0583662	0.996891
				10.6896	0.0332494	16.6546
			}
			{VolumeView "body.ply"}
			{bone revolute "turret_mgun"
				{parameters "ID=body;"}
				{limits -15 15}
				{Position 7.29186	0	21.9501}
				{VolumeView "turret_mgun.ply"}
			}
			{bone revolute "turret"
				{parameters "ID=turret;"}
				{Matrix34
					0.996893	0.0048086	-0.07862
					0	0.998135	0.0610486
					0.0787669	-0.0608589	0.995034
					-34.2475	0.0615911	12.8794
				}
				{VolumeView "turret.ply"}
				{bone revolute "gun"
					{parameters "ID=gun;"}
					{Matrix34
						0.999997	0	0.00253783
						-0.00253777	0	0.999997
						0	-1	0
						-1.70049	0	12.4542
					}
					{VolumeView "gun.ply"}
				}
			}
			{bone "fxfire1"
				{Position 37.4918	0.0191814	7.7132}
			}
			{bone "fxfire2"
				{Position -10.9007	0.0191764	7.58874}
			}
			{bone "door1"
				{parameters "ID=body;"}
				{Matrix34
					-0.000187844	-0.330939	-0.943652
					0.00288552	-0.943648	0.330937
					-0.999996	-0.00266077	0.00113219
					-10.9538	-7.78431	13.865
				}
				{VolumeView "door1.ply"}
			}
			{bone "part1"
				{parameters "ID=body;"}
				{Matrix34
					-0.142653	-0.000151921	0.989773
					-0.00838148	0.999964	-0.0010545
					-0.989737	-0.00844619	-0.142649
					-10.8825	7.5254	12.52
				}
				{VolumeView "part1.ply"}
			}
			{bone revolute "wheelr3"
				{parameters "ID=trackright;"}
				{Matrix34
					-0.999998	0.0017921	0
					0	0.00143247	0.999999
					0.0017921	0.999997	-0.00143246
					-53.9245	-0.0018512	-9.72711
				}
				{VolumeView "wheelr3.ply"}
			}
			{bone revolute "wheelr2"
				{parameters "ID=trackright;"}
				{Matrix34
					-0.999998	0.0017921	0
					0	0.00143247	0.999999
					0.0017921	0.999997	-0.00143246
					5.13927	-0.00184858	-8.93132
				}
				{VolumeView "wheelr2.ply"}
			}
			{bone revolute "wheell2"
				{parameters "ID=trackleft;"}
				{Matrix34
					-0.999998	0.00179187	0
					0	0.00143247	0.999999
					0.00179186	0.999997	-0.00143246
					5.13926	-0.00185144	-8.93132
				}
				{VolumeView "wheell2.ply"}
			}
			{bone revolute "wheell3"
				{parameters "ID=trackleft;"}
				{Matrix34
					-0.999998	0.00179187	0
					0	0.00143247	0.999999
					0.00179186	0.999997	-0.00143246
					-53.9245	-0.00185406	-9.72711
				}
				{VolumeView "wheell3.ply"}
			}
			{bone "engine"
				{parameters "ID=engine;"}
				{Position 0	0	0}
				{VolumeView "engine.ply"}
				{bone "engine_door1"
					{parameters "ID=body;"}
					{Matrix34
						-0.0438898	0.336244	-0.940752
						-0.237533	-0.918168	-0.31709
						-0.970387	0.209543	0.120167
						38.5838	8.25865	12.8042
					}
					{VolumeView "engine_door1.ply"}
				}
				{bone "engine_door2"
					{parameters "ID=body;"}
					{Matrix34
						-0.0610604	-0.29623	-0.953163
						0.212536	-0.936903	0.277562
						-0.975244	-0.185634	0.120167
						38.5838	-8.4016	12.8042
					}
					{VolumeView "engine_door2.ply"}
				}
				{bone "part2"
					{parameters "ID=engine;"}
					{Matrix34
						0.991025	-0.133134	0.012017
						0.133664	0.988085	-0.0763081
						-0.00171461	0.0772295	0.997012
						25.6249	-14.9513	14.174
					}
					{VolumeView "part2.ply"}
				}
			}
			{bone "engine_body"
				{parameters "ID=engine;"}
				{Matrix34
					0	-1	0
					-0.0347085	0	0.999398
					-0.999397	0	-0.0347085
					46.3854	0.191871	-3.10981
				}
				{VolumeView "engine_body.ply"}
			}
			{bone "doorback1"
				{parameters "ID=body;"}
				{Matrix34
					-0.768985	0.310233	0.558943
					-0.250946	-0.95066	0.182402
					0.587952	0	0.808896
					-52.0478	-7.84114	5.52974
				}
				{VolumeView "doorback1.ply"}
			}
			{bone "doorback2"
				{parameters "ID=body;"}
				{Matrix34
					-0.525448	-0.767313	0.367608
					0.622077	-0.641231	-0.449269
					0.580451	-0.00738688	0.814261
					-52.0478	8.00364	5.52974
				}
				{VolumeView "doorback2.ply"}
			}
		}
		{bone "pivot_back"
			{Position -18.6608	-0.476056	10.1184}
			{bone "wheelsr"
				{parameters "ID=body;"}
				{Matrix34
					0.999997	0.00252223	0
					-0.00252223	0.999997	0
					0	0	1
					5.28787	0.509306	2.7012
				}
				{VolumeView "wheelsr.ply"}
				{bone revolute "wheelr4"
					{parameters "ID=trackright;"}
					{Matrix34
						-0.999991	0.00431432	0
						0	0.00143245	0.999999
						0.00431432	0.99999	-0.00143246
						18.2507	-0.0478841	-6.64184
					}
					{VolumeView "wheelr4.ply"}
				}
				{bone revolute "wheelr5"
					{parameters "ID=trackright;"}
					{Matrix34
						-0.999991	0.00431432	0
						0	0.00143245	0.999999
						0.00431432	0.99999	-0.00143246
						5.6642	-0.0161374	-6.64184
					}
					{VolumeView "wheelr5.ply"}
				}
				{bone revolute "wheelr6"
					{parameters "ID=trackright;"}
					{Matrix34
						-0.999991	0.00431432	0
						0	0.00143245	0.999999
						0.00431432	0.99999	-0.00143246
						-5.6924	0.0125077	-6.53822
					}
					{VolumeView "wheelr6.ply"}
				}
				{bone revolute "wheelr7"
					{parameters "ID=trackright;"}
					{Matrix34
						-0.999991	0.00431432	0
						0	0.00143245	0.999999
						0.00431432	0.99999	-0.00143246
						-18.4039	0.044568	-6.59656
					}
					{VolumeView "wheelr7.ply"}
				}
				{bone "trackr"
					{parameters "CommonMesh;ID=trackright;"}
					{Matrix34
						0.999977	-0.00673403	0
						0.00673403	0.999977	0
						0	0	1
						0.157917	-0.00047233	-6.34845
					}
					{VolumeView "trackr.ply"}
				}
			}
			{bone "wheelsl"
				{parameters "ID=body;"}
				{Matrix34
					0.999997	0.00252223	0
					-0.00252223	0.999997	0
					0	0	1
					5.28787	0.509306	2.7012
				}
				{VolumeView "wheelsl.ply"}
				{bone revolute "wheell4"
					{parameters "ID=trackleft;"}
					{Matrix34
						-0.999991	0.00431408	0
						0	0.00143245	0.999999
						0.00431408	0.99999	-0.00143246
						18.2507	-0.0478841	-6.64184
					}
					{VolumeView "wheell4.ply"}
				}
				{bone revolute "wheell5"
					{parameters "ID=trackleft;"}
					{Matrix34
						-0.999991	0.00431408	0
						0	0.00143245	0.999999
						0.00431408	0.99999	-0.00143246
						5.66421	-0.0161374	-6.64184
					}
					{VolumeView "wheell5.ply"}
				}
				{bone revolute "wheell6"
					{parameters "ID=trackleft;"}
					{Matrix34
						-0.999991	0.00431408	0
						0	0.00143245	0.999999
						0.00431408	0.99999	-0.00143246
						-5.6924	0.0125088	-6.53822
					}
					{VolumeView "wheell6.ply"}
				}
				{bone revolute "wheell7"
					{parameters "ID=trackleft;"}
					{Matrix34
						-0.999991	0.00431408	0
						0	0.00143245	0.999999
						0.00431408	0.99999	-0.00143246
						-18.4039	0.0445695	-6.59656
					}
					{VolumeView "wheell7.ply"}
				}
				{bone "trackl"
					{parameters "CommonMesh;ID=trackleft;"}
					{Matrix34
						0.999977	-0.00673403	0
						0.00673403	0.999977	0
						0	0	1
						0.157917	-0.00047233	-6.34845
					}
					{VolumeView "trackl.ply"}
				}
			}
		}
		{bone "pivot_front"
			{parameters "ID=body;"}
			{Matrix34
				0.999983	0.00587806	0
				-0.00587806	0.999983	0
				0	0	1
				48.7486	0.0332499	5.96346
			}
			{VolumeView "pivot_front.ply"}
			{bone "spring"
				{parameters "ID=body;"}
				{Matrix34
					0.999983	-0.00587794	0
					0.00587794	0.999983	0
					0	0	1
					-0.0299721	0.000178069	0.955462
				}
				{VolumeView "spring.ply"}
			}
			{bone revolute "steerr"
				{parameters "ID=body;"}
				{Matrix34
					-0.999999	-0.00173545	0
					-0.00173545	0.999999	0
					0	0	1
					-0.117214	-15.0447	0.290187
				}
				{VolumeView "steerr.ply"}
				{bone revolute "wheelr1"
					{parameters "ID=wheelright1;Support=1;Radius=0.5;"}
					{Matrix34
						0.99989	0.0148273	0.000313242
						-0.000486067	0.0116534	0.999932
						-0.0141766	0.999832	-0.01166
						0.0912743	-2.13874	-0.00575733
					}
					{VolumeView "wheelr1.ply"}
				}
			}
			{bone revolute "steerl"
				{parameters "ID=body;"}
				{Matrix34
					-0.999994	-0.00343346	0
					-0.00343346	0.999994	0
					0	0	1
					0.0601883	15.1366	0.290187
				}
				{VolumeView "steerl.ply"}
				{bone revolute "wheel1"
					{parameters "ID=wheelleft1;Support=1;Radius=0.5;"}
					{Matrix34
						0.99998	0.00520093	0.00366944
						-0.00368778	0.00351976	0.999987
						0.0055575	-0.999978	0.00353611
						0.0715179	2.08572	-0.0384355
					}
					{VolumeView "wheel1.ply"}
				}
			}
		}
	}
}
{Volume "body1"
	{Polyhedron "body1.vol"}
	{Bone "body"}
	{Position -16.0854	0.124711	-9.55826}
}
{Volume "body2"
	{Polyhedron "body2.vol"}
	{Bone "body"}
	{Position 12.8726	0.0900677	13.7202}
}
{Volume "engine"
	{Polyhedron "engine.vol"}
	{Bone "engine"}
	{Position 40.0179	0.0958197	-7.3053}
}
{Volume "gun"
	{Box 26 20 8}
	{Bone "gun"}
	{Matrix34
		0.999997	-0.0025377	0
		0	0	-1
		0.00253777	0.999997	0
		3.75138	-0.0378621	0.0729478
	}
}
{Volume "trackleft"
	{Box 70 7.5 16}
	{Bone "wheelsl"}
	{Matrix34
		0.999997	-0.00252199	0
		0.00252199	0.999997	0
		0	0	1
		-0.351634	17.071	-4.8196
	}
}
{Volume "trackright"
	{Box 70 7.5 16}
	{Bone "wheelsr"}
	{Matrix34
		0.999997	-0.00252199	0
		0.00252199	0.999997	0
		0	0	1
		-0.35644	-17.1948	-4.8196
	}
}
{Volume "turret"
	{Polyhedron "turret.vol"}
	{Bone "turret"}
	{Position 0.725483	-0.011271	-0.0217266}
}
{Volume "wheelleft1"
	{Cylinder 6.5 4}
	{Bone "steerl"}
	{Matrix34
		-0.999957	-0.00931142	0
		0	0	1
		0.00931142	-0.999957	0
		-0.100162	2.10946	-0.018393
	}
}
{Volume "wheelright1"
	{Cylinder 6.5 4}
	{Bone "steerr"}
	{Matrix34
		-0.999971	-0.00761347	0
		0	0	1
		0.00761347	-0.999971	0
		-0.0679258	-2.22489	-0.0207968
	}
}
