;Exported by: D
;Date:        Mon Nov 16 11:51:41 2020
;File:        C:\D\MG08.max
{Skeleton
	{bone "mg_0815"
		{parameters "ID=mgun;"}
		{Orientation
			1	0	0
			0	-1	0
			0	0	1
		}
		{VolumeView "mg_0815.ply"}
		{bone "handle"
			{Matrix34
				0.999998	0.001022	-0.00172634
				-0.00172958	0.00452349	-0.999988
				-0.00101425	0.999989	0.00452521
				5.01794	1.17794	0.179461
			}
		}
		{bone "foresight14"
			{Matrix34
				0.999998	0.00102191	-0.00172592
				-0.00101416	0.999989	0.00452535
				0.00173043	-0.00452368	0.999988
				20.0912	1.61468	0.576987
			}
		}
	}
}
{Volume "body"
	{Box 23.1538 3.36158 1.17113}
	{Bone "mg_0815"}
	{Matrix34
		0.999998	0.00102197	-0.00172575
		-0.00101412	0.99999	0.00452567
		0.00173067	-0.00452343	0.999989
		6.07374	1.53686	0.294307
	}
}
{Volume "select"
	{Box 27.7845 9.72703 4.3449}
	{Bone "mg_0815"}
	{Matrix34
		0.999998	0.00102198	-0.00172511
		-0.00101411	0.99999	0.00452546
		0.00173141	-0.00452356	0.999988
		6.08648	0.659428	0.484444
	}
}
{Extender "preview"
	{"Stuff"
		{camera
			{origin 6.57006	-7.57467	30.0064}
			{lookat 5.87921	-4.93635	13.4661}
			{fov 45}
			{horizon -178.014}
		}
		{lights
			{"0"
				{type point}
				{position 15.1573	-3.78314	5.75512}
			}
			{"1"
				{type directional}
				{direction -0.0798573	0.195754	-0.453104}
			}
			{"2"
				{type point}
				{position -3.0584	-3.16539	4.21449}
			}
		}
	}
	{"Stuff_primary"
		{camera
			{origin 7.41607	-6.27409	30.8582}
			{lookat 6.69759	-3.53024	13.6562}
			{fov 45}
			{horizon -178.014}
		}
		{lights
			{"0"
				{type point}
				{position 15.1574	-3.78312	5.7552}
			}
			{"1"
				{type directional}
				{direction -0.0798573	0.195754	-0.453104}
			}
			{"2"
				{type point}
				{position -3.05833	-3.16537	4.21457}
			}
		}
	}
}
