;Exported by: Administrator
;Date:        Mon Apr 23 12:31:10 2018
;File:        C:\Users\Administrator\Desktop\type89.max
{Skeleton
	{bone "type97lmg"
		{parameters "CommonMesh;ID=mgun;"}
		{Orientation
			1	0	0
			0	-1	0
			0	0	-1
		}
		{VolumeView "type97tmg.ply"}
		{bone "fxshell"
			{Matrix34
				0.0121693	-0.97896	0.203688
				0.0198429	0.203899	0.978791
				-0.999729	-0.00787003	0.0219052
				3.12902	1.66725	-0.0436703
			}
		}
		{bone "foresight3"
			{Matrix34
				1	0	0
				0	0.0871546	0.996195
				0	-0.996195	0.0871546
				20.4671	2.57377	-0.0851206
			}
		}
		{bone "handle"
			{Matrix34
				1	0	0
				0	-0.0871569	-0.996195
				0	0.996195	-0.0871552
				5.58628	1.72373	0.130896
			}
		}
	}
}
{Volume "body"
	{Box 17.126 3.79495 1.9685}
	{Bone "type97lmg"}
	{Matrix34
		1.37977	0	0
		0	0.958477	-0.0838553
		0	0.0691447	0.790334
		8.21102	1.90119	0.28679
	}
}
{Volume "select"
	{Box 19.2894 8.02746 3.33614}
	{Bone "type97lmg"}
	{Matrix34
		1.37977	0	0
		0	0.958477	-0.0838553
		0	0.0691447	0.790334
		7.82254	2.24559	0.218437
	}
}
{Extender "preview"
	{"Stuff"
		{camera
			{origin 8.69537	-10.028	42.1738}
			{lookat 7.96376	-4.64077	14.8361}
			{fov 34.645}
			{horizon -174.936}
		}
		{lights
			{"0"
				{type point}
				{position 9.1997	-4.02258	0.00349152}
			}
			{"1"
				{type directional}
				{direction -0.0792753	0.236394	-0.433397}
			}
			{"2"
				{type point}
				{position 1.32777	-3.99924	0.267198}
			}
		}
	}
	{"Stuff_primary"
		{camera
			{origin 8.94168	-10.9635	34.076}
			{lookat 8.39431	-7.5536	20.7169}
			{fov 40.7792}
			{horizon 171.712}
		}
		{lights
			{"0"
				{type point}
				{position 9.20757	-4.03527	0.148489}
			}
			{"1"
				{type directional}
				{direction -0.0792753	0.236394	-0.433397}
			}
			{"2"
				{type point}
				{position 1.32777	-3.99924	0.267198}
			}
		}
	}
}
