;Exported by: vlss
;Date:        Sat Sep 01 21:01:00 2018
;File:        cmp_tri-polsten.obj
{Skeleton
	{bone "basis"
		{Orientation
			1	0	0
			0	-1	0
			0	0	1
		}
		{bone "body"
			{parameters "ID=body;"}
			{animation
				{sequence "break" {file "body_r.anm"}}
			}
			{Matrix34
				0.998802	-0.040709	0.0271392
				0.040709	0.999171	0.000551497
				-0.0271391	0.000553973	0.999632
				-29.1388	-0.278939	5.7677
			}
			{VolumeView "body.ply"}
			{bone "engine"
				{parameters "ID=engine;"}
				{animation
					{sequence "break" {file "engine_r.anm"}}
				}
				{Matrix34
					0.997317	-0.0452582	-0.0575419
					0.0507347	0.993934	0.0975807
					0.0527765	-0.100238	0.993563
					74.9629	-0.114324	19.3979
				}
				{VolumeView "engine.ply"}
			}
			{bone "visor"
				{Position 51.0096	13.1312	31.5994}
			}
			{bone revolute "turret"
				{parameters "ID=turret;"}
				{speed 0.03}
				{Matrix34
					0.911752	-0.343464	0.225256
					0.273498	0.916821	0.290925
					-0.306442	-0.203645	0.929851
					2.57474	0.0521171	27.5847
				}
				{VolumeView "turret.ply"}
				{bone revolute "gun_rot"
					{limits -30 30}
					{speed 0.03}
					{Matrix34
						0.906308	0	0.422618
						-0.422618	0	0.906308
						0	-1	0
						-2.01913	-2.23595	4.62754
					}
					{VolumeView "gun_rot.ply"}
				}
			}
			{bone "visor1"
				{Matrix34
					1	0	0
					0	1	0
					0	0	1
					-39.5999	8.87497	62.0591
				}
			}
		}
		{bone "pivot_back"
			{parameters "ID=body;"}
			{Position -44.066	0.0177549	7.47372}
			{VolumeView "pivot_back.ply"}
			{bone prizmatic "suspension_l2"
				{limits -0.09 0.06}
				{speed2 0.5}
				{Matrix34
					1   0   0
					0   1   0
					0   0   1
					6.41386	20.7549	2.70806
				}
				{bone revolute "wheell2"
					{parameters "ID=wheelleft2;Radius=0.53;"}
					{animation
						{sequence "break" {file "wheelleft2_r.anm"}}
					}
					{Matrix34
						-1	0	0
						0	-0.5	0.866026
						0	0.866026	0.5
						0   0   0
					}
					{VolumeView "wheell2.ply"}
				}
			}
			{bone prizmatic "suspension_r2"
				{limits -0.09 0.06}
				{speed2 0.5}
				{Matrix34
					1   0   0
					0   1   0
					0   0   1
					6.41386	-21.5164	2.70805
				}
				{bone revolute "wheelr2"
					{parameters "ID=wheelright2;Radius=0.53;"}
					{animation
						{sequence "break" {file "wheelright2_r.anm"}}
					}
					{Matrix34
						-1	0	0
						0	0.642788	0.766044
						0	0.766044	-0.642788
						0   0   0
					}
					{VolumeView "wheelr2.ply"}
				}
			}
		}
		{bone "pivot_front"
            {Position 39.9247	-0.626841	9.92304}
            {VolumeView "pivot_front.ply"}
            {bone revolute "steerr"
                {Matrix34
                    1	0	0
                    0	-1	0
                    0	0	-1
                    1.14894	-17.8892	-2.95729
                }
				{bone prizmatic "suspension_r1"
					{limits -0.09 0.06}
					{speed2 0.5}
					{Matrix34
						1   0   0
						0   -1   0
						0   0   -1
						-0.225872	2.94631	-3.21665
					}
					{bone revolute "wheelr1"
						{Parameters "ID=wheelright1;Radius=0.53;"}
						{Matrix34
							-1	0	0
							0	0	1
							0	1	0
							0   0   0
						}
						{VolumeView "wheelr1.ply"}
					}
				}
            }
            {bone revolute "steerl"
                {Matrix34
                    1	0	0
                    0	-1	0
                    0	0	-1
                    1.16512	18.5266	-3.04259
                }
				{bone prizmatic "suspension_l1"
					{limits -0.09 0.06}
					{speed2 0.5}
					{Matrix34
						1   0   0
						0   -1   0
						0   0   -1
						-0.242138	-2.83447	-3.30209
					}
					{bone revolute "wheell1"
						{Parameters "ID=wheelleft1;Radius=0.53;"}
						{Matrix34
							-1	0	0
							0	0	1
							0	1	0
							0   0   0
						}
						{VolumeView "wheell1.ply"}
					}
				}
            }
        }
	}
}
