;MDL File generated by SOEdit Version Next (v0.7m4)
;Model created by: ftiger
;Date: 21.04.2016 15:58:39
;File: D:\PROGRAMS\3ds_max\3dsmax9_saves\scenes\Early WW2 tanks\germany\pz4\h\pz4h_2012\pz4h_xx.max
;Model create/rebuild by: horten
;Last build date: Tuesday 16 September 2024 [07:15:07]
{Skeleton
    {Bone "basis"
        {Orientation
            1	0	0
            0	-1	0
            0	0	1
        }
        {Bone "body"
            {Parameters "id=body;"}
            {Position -1.4217	-0.4638	15.7903}
            {VolumeView "body.ply"}
            {Bone revolute "turret"
                {Parameters "ID=turret;"}
                {Position -2	0	14}
                {VolumeView "turret.ply"}
                {Bone revolute "aux_turret_2"
                    {Parameters "ID=aux_turret_2;"}
                    {Limits -9 60}
                    {Matrix34
                        1	0	0
                        0	0	1
                        0	-1	0
                        0.0836492	0	3.36731
                    }
                    {VolumeView "aux_turret_2.ply"}
                    {Bone "gun2"
                        {Parameters "ID=gun;"}
                        {Matrix34
                            1	0	0
                            0	0	-1
                            0	1	0
                            33.1217	3.5904	3.94211
                        }
                        {VolumeView "gun2.ply"}
                    }
                    {Bone "gun1"
                        {Parameters "ID=gun;"}
                        {Matrix34
                            1	0	0
                            0	0	-1
                            0	1	0
                            33.1217	3.5904	-3.94211
                        }
                        {VolumeView "gun1.ply"}
                    }
                    {Bone "hatch_t1_l"
                        {Parameters "ID=aux_turret_2;"}
                        {Matrix34
                            1	0	0
                            0	0	-1
                            0	1	0
                            -5.753	12.427	-4.54769
                        }
                        {VolumeView "hatch_t1_l.ply"}
                    }
                    {Bone "hatch_t1_r"
                        {Parameters "ID=aux_turret_2;"}
                        {Matrix34
                            1	0	0
                            0	0	-1
                            0	1	0
                            -5.75265	12.4389	4.55318
                        }
                        {VolumeView "hatch_t1_r.ply"}
                    }
                }
            }
            {Bone revolute "part2"
                {Parameters "id=part2;"}
                {Matrix34
                    0.9998	0	-0.0177
                    -0.0177	-0.0115	-0.9998
                    -0.0002	0.9999	-0.0115
                    46.0431	-23.6178	-3.5718
                }
                {VolumeView "part2.ply"}
            }
            {Bone revolute "part3"
                {Parameters "id=part3;"}
                {Matrix34
                    0.9998	0	-0.0177
                    -0.0177	-0.0115	-0.9998
                    -0.0002	0.9999	-0.0115
                    -45.1408	22.2083	-6.5446
                }
                {VolumeView "part3.ply"}
            }
            {Bone revolute "part6"
                {Parameters "id=part6;"}
                {Matrix34
                    0.9998	0	-0.0177
                    -0.0002	0.9999	-0.0115
                    0.0177	0.0115	0.9998
                    -7.6871	22.32	-11.8775
                }
                {VolumeView "part6.ply"}
            }
            {Bone "part5"
                {Parameters "id=part5;"}
                {Matrix34
                    0.9998	0	-0.0177
                    -0.0002	0.9999	-0.0115
                    0.0177	0.0115	0.9998
                    11.6725	-22.4756	-11.0641
                }
                {VolumeView "part5.ply"}
            }
        }
    }
}
{Volume "body1"
    {Polyhedron "body1.vol"}
    {Bone "body"}
    {Matrix34
        0.9998	0	-0.0177
        -0.0002	0.9999	-0.0115
        0.0177	0.0115	0.9998
        3.4633	-0.0267	-2.1216
    }
}
{Volume "body2"
    {Polyhedron "body2.vol"}
    {Bone "body"}
    {Matrix34
        0.9998	0	-0.0177
        -0.0002	0.9999	-0.0115
        0.0177	0.0115	0.9998
        9.5064	0.479	10.2008
    }
}
{Volume "engine"
    {Polyhedron "engine.vol"}
    {Bone "body"}
    {Matrix34
        0.9998	0	-0.0177
        -0.0002	0.9999	-0.0115
        0.0177	0.0115	0.9998
        -31.6286	0.083	11.0984
    }
}
{Volume "part2"
    {Cylinder 7.68287 6.49254}
    {Bone "part2"}
    {Matrix34
        1	0	0
        0	-1	0
        0	0	-1
        0.098	0.051	0.0107
    }
}
{Volume "part3"
    {Polyhedron "part3.vol"}
    {Bone "part3"}
    {Matrix34
        1	0	0
        0	0	1
        0	-1	0
        0.1246	0.0918	1.2016
    }
}
{Volume "part5"
    {Box 18.7548 9.66763 5.74817}
    {Bone "part5"}
    {Matrix34
        1	0	0
        0	0	1
        0	-1	0
        -0.1424	-0.7526	-0.7482
    }
}
{Volume "part6"
    {Box 18.7548 9.66763 5.74817}
    {Bone "part6"}
    {Matrix34
        1	0	0
        0	0	1
        0	-1	0
        0.131	0.9476	-0.0722
    }
}
{Volume "trackleft"
    {Box 105.551 22.4787 8.37106}
    {Bone "body"}
    {Matrix34
        1	0	0.0022
        -0.0022	0.0115	0.9999
        0	-0.9999	0.0115
        0.2717	23.6858	-5.2103
    }
}
{Volume "trackright"
    {Box 105.551 22.4787 8.37106}
    {Bone "body"}
    {Matrix34
        1	0	0.0022
        -0.0022	0.0115	0.9999
        0	-0.9999	0.0115
        0.2705	-23.8339	-4.6643
    }
}
{Volume "turret1"
    {Polyhedron "turret1.vol"}
    {Bone "turret"}
    {Matrix34
        0.999975	0	0.00707382
        0	1	0
        -0.00707382	0	0.999975
        -5.7454	-1.90735e-05	-31.5505
    }
}
{Volume "turret2"
    {Polyhedron "turret2.vol"}
    {Bone "turret"}
    {Matrix34
        0.999975	0	0.00707382
        0	1	0
        -0.00707382	0	0.999975
        -5.7454	-1.90735e-05	-31.5505
    }
}
{Volume "turret3"
    {Polyhedron "turret3.vol"}
    {Bone "turret"}
    {Matrix34
        0.999975	0	0.00707382
        0	1	0
        -0.00707382	0	0.999975
        -5.7454	-1.90735e-05	-31.5505
    }
}
{Volume "turret4"
    {Polyhedron "turret4.vol"}
    {Bone "turret"}
    {Matrix34
        0.999975	0	0.00707382
        0	1	0
        -0.00707382	0	0.999975
        -5.7454	-1.90735e-05	-31.5505
    }
}
{Volume "turret5"
    {Polyhedron "turret5.vol"}
    {Bone "turret"}
    {Matrix34
        0.999975	0	0.00707382
        0	1	0
        -0.00707382	0	0.999975
        -5.7454	-1.90735e-05	-31.5505
    }
}
{Volume "turret6"
    {Polyhedron "turret6.vol"}
    {Bone "turret"}
    {Matrix34
        0.999975	0	0.00707382
        0	1	0
        -0.00707382	0	0.999975
        -5.7454	-1.90735e-05	-31.5505
    }
}
{Volume "aux_turret_2_2"
    {Polyhedron "aux_turret_2_2.vol"}
    {Bone "aux_turret_2"}
    {Matrix34
        0.999975	-0.00707381	0
        0.00707382	0.999975	0
        0	0	1
        -6.01531	-34.797	1.90735e-05
    }
}
{Volume "aux_turret_2_3"
    {Polyhedron "aux_turret_2_3.vol"}
    {Bone "aux_turret_2"}
    {Matrix34
        0.999975	-0.00707381	0
        0.00707382	0.999975	0
        0	0	1
        -6.01531	-34.797	1.90735e-05
    }
}
{Volume "barrel1"
    {Cylinder 1.1983 28.2844}
    {Bone "gun1"}
    {Matrix34
        0	1	0
        0	0	1
        1	0	0
        -3.96911	0.0141918	-0.0183112
    }
}
{Volume "barrel2"
    {Cylinder 1.1983 28.2844}
    {Bone "gun2"}
    {Matrix34
        0	1	0
        0	0	1
        1	0	0
        -3.96908	0.0270087	-0.0183112
    }
}
{Volume "aux_turret_2_1"
    {Polyhedron "aux_turret_2_1.vol"}
    {Bone "aux_turret_2"}
    {Matrix34
        0.999975	-0.00707381	0
        0.00707382	0.999975	0
        0	0	1
        -6.01531	-34.797	1.90735e-05
    }
}
