;Exported by: Normand
;Date:        Sat Sep 24 20:22:42 2022
;File:        C:\Users\Normand\type11.max
{Skeleton
	{animation
		{sequence "close" {speed 0.2}}
		{sequence "recoil" {speed 0.4}}
	}
	{bone revolute "basis"
		{speed 0.002}
		{Orientation
			1	0	0
			0	-1	0
			0	0	1
		}
		{bone "driver1"
			{Position -33.5083	-0.124498	0.05877}
		}
		{bone "driver2"
			{Position 25.7178	-0.014469	0.0572356}
		}
		{bone "commander"
			{Matrix34
				1	0	0
				0	1	0
				0	0	1
				-14.7075	-7.7738	0.0
			}
		}
		{bone "gunner"
			{Matrix34
				1	0	0
				0	1	0
				0	0	1
				-14.7075	7.4548	0.0
			}
		}
		{bone "visor2"
			{Position -10.2297	-0.218787	28.4341}
		}
		{bone "emit1"
			{Position -14.911	25.6293	0.0112276}
		}
		{bone "emit2"
			{Position -16.2207	-26.2257	0.0112276}
		}
		{bone "body"
			{parameters "ID=body;"}
			{animation
				{sequence "repair" {file "body_r.anm"} {speed 0.4}}
			}
			{Position 2.01614	-0.0230266	8.03784}
			{VolumeView "body.ply"}
			{bone "standr"
				{parameters "ID=body;"}
				{Position 1.79308	-2.54576	-7.68439}
				{VolumeView "standr.ply"}
			}
			{bone "standl"
				{parameters "ID=body;"}
				{Position 1.79307	2.58953	-7.69816}
				{VolumeView "standl.ply"}
			}
			{bone revolute "turret"
				{parameters "ID=turret;"}
				{animation
					{sequence "repair" {file "turret_r.anm"} {speed 0.4}}
				}
				{limits -10 10}
				{Position 0.135923	0.0117219	2.02594}
				{VolumeView "turret.ply"}
				{bone revolute "gun_rot"
					{parameters "ID=gun;"}
					{limits -5 15}
					{Matrix34
						1	0	0
						0	0	1
						0	-1	0
						0.0517621	0.0010938	1.73414
					}
					{VolumeView "gun_rot.ply"}
					{bone "gun"
						{parameters "ID=gun;"}
						{animation
							{sequence "repair" {file "gun_r.anm"} {speed 0.4}}
						}
						{Matrix34
							1	0	0
							0	0	-1
							0	1	0
							0.529523	1.60845	-0.758478
						}
						{VolumeView "gun.ply"}
						{bone "foresight1"
							{Position 11.8573	-0.807771	-0.119614}
						}
						{bone "fx_invers"
							{Matrix34
								-1	0	0
								0	-1	0
								0	0	1
								-11.3781	-0.77341	-0.12845
							}
						}
						{bone "visor"
							{Position 4.67511	-0.757399	0.794978}
						}
					}
				}
			}
			{bone "shield"
				{parameters "ID=body;"}
				{Position -2.45421	0.00996414	4.90586}
				{VolumeView "shield.ply"}
			}
		}
	}
}
{Volume "body2"
	{Box 1.84438 9.31649 0.5}
	{Bone "body"}
	{Matrix34
		0.900341	0	0.435184
		-0.435184	0	0.900341
		0	-1	0
		4.04043	-0.00682801	-3.49755
	}
}
{Volume "body3"
	{Box 37 1 1}
	{Bone "body"}
	{Matrix34
		0.961783	0.178864	0.207318
		-0.203778	-0.0381489	0.978274
		0.182886	-0.983134	-0.00024262
		-17.5805	-3.88034	-3.02148
	}
}
{Volume "body4"
	{Box 37 1 1}
	{Bone "body"}
	{Matrix34
		0.961663	-0.179512	0.207318
		-0.203843	0.0377989	0.978273
		-0.183448	-0.983029	-0.000242523
		-17.7637	3.90925	-3.02148
	}
}
{Volume "body"
	{Box 2.5 2.5 3}
	{Bone "body"}
	{Position 0.15248	-0.081312	1.09382}
}
{Volume "gun2"
	{Cylinder 0.75748 20}
	{Bone "gun_rot"}
	{Matrix34
		0	0	1
		0	1	0
		-1	0	0
		1.65892	-0.0537624	0.0313272
	}
}
{Volume "gun"
	{Cylinder 0.670367 22.5}
	{Bone "gun"}
	{Matrix34
		0	-1	0
		0	0	1
		-1	0	0
		0.563547	-0.767066	-0.0841765
	}
}
{Volume "shield1"
	{Box 17.5 6 0.25}
	{Bone "shield"}
	{Matrix34
		0	-1	0
		0	0	1
		-1	0	0
		3.53935	-0.0193743	-1.90819
	}
}
{Volume "shield2"
	{Box 17.5 6 0.25}
	{Bone "shield"}
	{Matrix34
		0	-1	0
		-0.518861	0	0.854858
		-0.854858	0	-0.518861
		2.13629	-0.0193746	3.49964
	}
}
{Volume "standl"
	{Cylinder 0.302949 20}
	{Bone "standl"}
	{Matrix34
		0.150901	-0.988549	0
		0	0	1
		-0.988549	-0.150901	0
		-0.299516	-0.115414	-0.000454356
	}
}
{Volume "standr"
	{Cylinder 0.302949 20}
	{Bone "standr"}
	{Matrix34
		0.150899	0.988549	0
		0	0	1
		0.988549	-0.150899	0
		-0.218286	0.0812212	-0.0142319
	}
}