;Exported by: Normand
;Date:        Wed Aug 31 21:07:52 2016
;File:        C:\Users\Normand\pf621_75aa.max
{Skeleton
	{animation
		{sequence "stop" {speed 0.3}}
		{sequence "start" {speed 0.3}}
		{sequence "fire" {speed 0.5}}
	}
	{bone "basis"
		{parameters "SteerMax=30;WheelRadius=0.47;"}
		{Orientation
			1	0	0
			0	-1	0
			0	0	1
		}
		{bone "body"
			{parameters "ID=body;"}
			{animation
				{sequence "repair" {file "body_r.anm"} {speed 0.4}}
			}
			{Position -6.43439	0.200641	17.4217}
			{VolumeView "body.ply"}
			{bone "lightl"
				{parameters "ID=body;"}
				{Position 44.0714	7.42039	2.51211}
				{VolumeView "lightl.ply"}
			}
			{bone "lightr"
				{parameters "ID=body;"}
				{Position 44.0714	-7.36342	2.47762}
				{VolumeView "lightr.ply"}
			}
			{bone "wh"
				{parameters "ID=body;"}
				{Matrix34
					-1	0	0
					0	0	-1
					0	-1	0
					12.1468	-15.8558	-6.01375
				}
				{VolumeView "wh.ply"}
			}
			{bone "wheel_steer"
				{parameters "ID=body;"}
				{Position 14.1644	5.15881	10.5743}
				{VolumeView "wheel_steer.ply"}
			}
			{bone "headlightl"
				{Position 45.9779	7.44932	2.51303}
			}
			{bone "headlightr"
				{Position 45.9767	-7.33439	2.51303}
			}
			{bone "fxlight"
				{Position 70.215	0.063671	1.43689}
			}
			{bone "fxfire1"
				{Position 33.0343	-0.0945932	5.29455}
			}
			{bone "visor2"
				{Position 27.3332	5.58706	15.9772}
			}
			{bone "fxsmoke1"
				{Matrix34
					0	-1	0
					1	0	0
					0	0	1
					-16.3457	-10.2356	-5.33737
				}
			}
			{bone "bodyback"
				{parameters "ID=body;"}
				{Position -29.4388	-0.0391934	-2.57655}
				{VolumeView "bodyback.ply"}
				{bone revolute "turret"
					{parameters "ID=turret;"}
					{animation
						{sequence "repair" {file "turret_r.anm"} {speed 0.4}}
					}
					{limits -150 150}
					{Matrix34
						-1	0	0
						0	-1	0
						0	0	1
						-0.327209	0.146911	1.91307
					}
					{VolumeView "turret.ply"}
					{bone revolute "gun_rot"
						{limits -5 75}
						{Matrix34
							1	0	0
							0	0	1
							0	-1	0
							-16.7723	0.302111	12.3196
						}
						{VolumeView "gun_rot.ply"}
						{bone "gun"
							{parameters "ID=gun;"}
							{animation
								{sequence "repair" {file "gun_r.anm"} {speed 0.4}}
							}
							{Matrix34
								1	0	0
								0	0	-1
								0	1	0
								19.8501	3.0428	0.645721
							}
							{VolumeView "gun.ply"}
							{bone "foresight1"
								{Position 27.7417	0.7096	0.327164}
							}
							{bone "fx_invers"
								{Matrix34
									-1	0	0
									0	-1	0
									0	0	1
									-27.2907	0.667461	0.327164
								}
							}
						}
					}
					{bone "seatr1"
						{parameters "ID=turret;"}
						{Position -10.4213	-7.20269	5.8126}
						{VolumeView "seatr1.ply"}
					}
					{bone "seatl1"
						{parameters "ID=turret;"}
						{Position -10.4213	12.1724	5.75401}
						{VolumeView "seatl1.ply"}
					}
					{bone "seatl2"
						{parameters "ID=turret;"}
						{Matrix34
							-1	0	0
							0	-1	0
							0	0	1
							4.18097	6.83131	5.8126
						}
						{VolumeView "seatl2.ply"}
					}
					{bone "seatl3"
						{parameters "ID=turret;"}
						{Position 19.3395	8.64519	3.96658}
						{VolumeView "seatl3.ply"}
					}
					{bone "seatr2"
						{parameters "ID=turret;"}
						{Position 19.3395	-7.99166	3.96658}
						{VolumeView "seatr2.ply"}
					}
					{bone "gunner"
						{Matrix34
							0.890543	0	0.454898
							0	1	0
							-0.454898	0	0.890543
							-3	-11	0.20761
						}
					}
					{bone "charger"
						{Matrix34
							0.888382	0	0.459105
							0	1	0
							-0.459105	0	0.888382
							-3	11	0.2121
						}
					}
				}
			}
			{bone "engine"
				{parameters "ID=engine;"}
				{animation
					{sequence "repair" {file "engine_r.anm"} {speed 0.4}}
				}
				{Matrix34
					0	0	1
					0	1	0
					-1	0	0
					39.9981	-0.0226209	3.71672
				}
				{VolumeView "engine.ply"}
				{bone "cover1"
					{parameters "ID=engine;"}
					{Position 6.59357	1.61273	0}
					{VolumeView "cover1.ply"}
				}
				{bone "coverl2"
					{parameters "ID=engine;"}
					{Matrix34
						1	0	0
						0	0.258819	-0.965926
						0	0.965926	0.258819
						-0.901249	3.99808	-2.38118
					}
					{VolumeView "coverl2.ply"}
				}
				{bone "coverl1"
					{parameters "ID=engine;"}
					{Matrix34
						1	0	0
						0	0.34202	0.939693
						0	-0.939693	0.34202
						-0.901974	3.38872	-2.38127
					}
					{VolumeView "coverl1.ply"}
				}
				{bone "coverr1"
					{parameters "ID=engine;"}
					{Matrix34
						1	0	0
						0	0.258819	-0.965926
						0	0.965926	0.258819
						-0.901978	-3.28384	-2.38123
					}
					{VolumeView "coverr1.ply"}
				}
				{bone "coverr2"
					{parameters "ID=engine;"}
					{Matrix34
						1	0	0
						0	0.258819	0.965926
						0	-0.965926	0.258819
						-0.901249	-3.88545	-2.38115
					}
					{VolumeView "coverr2.ply"}
				}
				{bone "cover2"
					{parameters "ID=engine;"}
					{Position 6.59357	-1.55562	0}
					{VolumeView "cover2.ply"}
				}
			}
			{bone "cabin"
				{parameters "ID=Cabin;"}
				{Position -0.0172749	-0.240379	-2.96509}
				{VolumeView "cabin.ply"}
				{bone "seat_front"
					{parameters "ID=cabin;"}
					{Position 4.50133	-0.0295765	5.21603}
					{VolumeView "seat_front.ply"}
				}
				{bone "glass_frame"
					{parameters "ID=cabin;"}
					{Matrix34
						0.0946427	0	-0.995511
						0	1	0
						0.995511	0	0.0946427
						18.2374	0.17599	14.8454
					}
					{VolumeView "glass_frame.ply"}
					{bone "glass2"
						{Position -11.4922	0	-44.4925}
						{VolumeView "glass2.ply"}
					}
					{bone "glass1"
						{Position -11.4922	0	-44.4925}
						{VolumeView "glass1.ply"}
					}
				}
				{bone "driver"
					{Matrix34
						1	0	0
						0	1	0
						0	0	1
						5.5	5.54192	5.7					}
				}
				{bone "commander"
					{Matrix34
						0.971274	0	0.237962
						0	1	0
						-0.237962	0	0.971274
						5.5	-4.23859	5.7
					}
				}
			}
			{bone "wh2"
				{parameters "ID=body;"}
				{Matrix34
					1	0	0
					0	0	-1
					0	1	0
					12.1543	15.5022	-6.01375
				}
				{VolumeView "wh.ply"}
			}
			{bone "standl"
				{parameters "ID=body;"}
				{Position -47.0734	8.16518	-8.19963}
				{VolumeView "standl.ply"}
				{bone "standl3"
					{parameters "ID=body;"}
					{Matrix34
						0.99996	-0.000198316	0.00891546
						-0.000446672	0.997384	0.0722799
						-0.00890587	-0.072281	0.997344
						2.9323	2.3434	-6.58103
					}
					{VolumeView "standl3.ply"}
				}
				{bone "standl1"
					{parameters "ID=body;"}
					{Matrix34
						0.99996	-0.000198345	0.0089155
						-0.000340406	0.998176	0.0603746
						-0.00891048	-0.0603753	0.998136
						49.424	7.84045	-6.59464
					}
					{VolumeView "standl1.ply"}
				}
				{bone "standl2"
					{parameters "ID=body;"}
					{Matrix34
						0.416291	-0.906709	-0.0676768
						0.909188	0.414387	0.0407493
						-0.00890315	-0.0784952	0.996875
						31.1657	3.84185	-5.29267
					}
					{VolumeView "standl2.ply"}
					{bone "standl4"
						{parameters "ID=body;"}
						{Matrix34
							0.99996	-0.000502232	-0.00890285
							-0.000198329	0.996915	-0.0784951
							0.0089155	0.0784936	0.996875
							-0.109949	0.298056	-0.558268
						}
						{VolumeView "standl4.ply"}
					}
				}
			}
			{bone "standr"
				{parameters "ID=body;"}
				{Matrix34
					1	0	0
					0	-1	0
					0	0	1
					-47.0734	-7.98779	-8.19963
				}
				{VolumeView "standr.ply"}
				{bone "standr3"
					{parameters "ID=body;"}
					{Matrix34
						0.99996	-0.000198316	0.00891546
						-0.000446674	0.997384	0.0722799
						-0.0089059	-0.072281	0.997345
						2.9323	2.3434	-6.58103
					}
					{VolumeView "standr3.ply"}
				}
				{bone "standr1"
					{parameters "ID=body;"}
					{Matrix34
						0.99996	-0.000198351	0.0089155
						-0.000340403	0.998176	0.0603746
						-0.0089105	-0.0603753	0.998136
						49.424	7.84045	-6.59464
					}
					{VolumeView "standr1.ply"}
				}
				{bone "standr2"
					{parameters "ID=body;"}
					{Matrix34
						0.416291	-0.906709	-0.0676768
						0.909188	0.414387	0.0407493
						-0.00890313	-0.0784952	0.996875
						31.1657	3.84185	-5.29267
					}
					{VolumeView "standr2.ply"}
					{bone "standr4"
						{parameters "ID=body;"}
						{Matrix34
							0.99996	-0.000502004	-0.00890356
							-0.000198306	0.996915	-0.0784951
							0.00891478	0.0784936	0.996875
							-0.109947	0.298056	-0.558267
						}
						{VolumeView "standr4.ply"}
					}
				}
			}
		}
		{bone "pivot_back"
			{parameters "ID=body;"}
			{Position -36.0659	0.549976	8.80874}
			{VolumeView "pivot_back.ply"}
			{bone prizmatic "suspension_r2"
				{limits -0.1 0.08}
				{speed2 0.5}
				{Matrix34
					1   0   0
					0   1   0
					0   0   1
					0.00627899	-14.9249	-0.109035
				}
				{bone revolute "wheelright2"
					{parameters "ID=body;"}
					{Matrix34
						-1	0	0
						0	0	1
						0	1	0
						0   0.2   0
					}
					{VolumeView "wheelright2.ply"}
				}
				{bone revolute "wheelright21"
					{parameters "ID=body;"}
					{Matrix34
						-1	0	0
						0	0	1
						0	1	0
						0   -3.0   0
					}
					{VolumeView "wheelright2.ply"}
				}
			}
			{bone prizmatic "suspension_l2"
				{limits -0.1 0.08}
				{speed2 0.5}
				{Matrix34
					1   0   0
					0   1   0
					0   0   1
					0.00646973	15.1339	-0.0388832
				}
				{bone revolute "wheelleft2"
					{parameters "ID=body;"}
					{Matrix34
						-1	0	0
						0	0	1
						0	1	0
						0   2   0
					}
					{VolumeView "wheelleft2.ply"}
				}
				{bone revolute "wheelleft21"
					{parameters "ID=body;"}
					{Matrix34
						-1	0	0
						0	0	1
						0	1	0
						0   -1.2   0
					}
					{VolumeView "wheelleft2.ply"}
				}
			}
			{bone "fxtracel2"
				{Position 0.0328522	17.2275	-8.79753}
			}
			{bone "fxtracer2"
				{Position 0.0915222	-17.7786	-8.79753}
			}
		}
		{bone "pivot_front"
			{Position 31.7681	0.152338	0}
			{bone revolute "steer_l"
				{Matrix34
					-1	0	0
					0	1	0
					0	0	1
					-0.241014	13.6721	8.76534
				}
				{bone "fxtracel1"
					{Matrix34
						-1	0	0
						0	1	0
						0	0	1
						-0.125668	0.960869	-8.75243
					}
				}
			{bone prizmatic "suspension_l1"
				{limits -0.1 0.08}
				{speed2 0.5}
				{Matrix34
					1   0   0
					0   1   0
					0   0   1
						-0.0216255	0.492261	0.00122929
				}
				{bone revolute "wheelleft1"
					{parameters "ID=body;"}
					{Matrix34
						1	0	0
						0	0	1
						0	1	0
					0   1   0
					}
					{VolumeView "wheelleft1.ply"}
				}
			}
			}
			{bone revolute "steer_r"
				{Matrix34
					-1	0	0
					0	1	0
					0	0	1
					-0.234537	-13.5763	8.76534
				}
				{bone "fxtracer1"
					{Matrix34
						-1	0	0
						0	1	0
						0	0	1
						-0.0902061	-0.876337	-8.75243
					}
				}
			{bone prizmatic "suspension_r1"
				{limits -0.1 0.08}
				{speed2 0.5}
				{Matrix34
					1   0   0
					0   1   0
					0   0   1
						-0.0147686	-0.192122	-0.0637503
				}
				{bone revolute "wheelright1"
					{parameters "ID=body;"}
					{Matrix34
						1	0	0
						0	0	1
						0	1	0
					0   -1   0
					}
					{VolumeView "wheelright1.ply"}
				}
			}
			}
		}
		{bone "emit1"
			{Matrix34
				0	-1	0
				1	0	0
				0	0	1
				-4.4302	35.8211	0
			}
		}
		{bone "emit2"
			{Matrix34
				0	1	0
				-1	0	0
				0	0	1
				-4.42731	-40.8665	0
			}
		}
		{bone "emit4"
			{Matrix34
				0	1	0
				-1	0	0
				0	0	1
				-33.9439	-40.8665	0
			}
		}
		{bone "emit3"
			{Matrix34
				0	-1	0
				1	0	0
				0	0	1
				-33.9687	35.8211	0
			}
		}
	}
}
{Volume "body"
	{Box 87.9583 15.6132 2.50288}
	{Bone "body"}
	{Position -2.36354	0.0297791	-3.97023}
}
{Volume "cabin2"
	{Box 2.3 24.25 32}
	{Bone "cabin"}
	{Matrix34
		1	0	0
		0	0	1
		0	-1	0
		-0.574303	0.239191	12.82435
	}
}
{Volume "cabin3"
	{Polyhedron "cabin3.vol"}
	{Bone "cabin"}
	{Position 10.1001	0.026971	-0.466558}
}
{Volume "cabin"
	{Box 3 25 15}
	{Bone "cabin"}
	{Position 19.4187	0.0782644	7.5809}
}
{Volume "engine"
	{Box 21 16 14}
	{Bone "engine"}
	{Matrix34
		0	0	-1
		0	1	0
		1	0	0
		0.784981	0.0444372	8.42971
	}
}
{Volume "glass1"
	{Polyhedron "glass1.vol"}
	{Bone "glass1"}
	{Matrix34
		0	-1	0
		-0.254051	0	0.967191
		-0.967191	0	-0.254051
		11.5739	20.1381	46.5907
	}
}
{Volume "glass2"
	{Polyhedron "glass2.vol"}
	{Bone "glass2"}
	{Matrix34
		0	-1	0
		-0.254051	0	0.967191
		-0.967191	0	-0.254051
		11.5738	-20.196	46.5907
	}
}
{Volume "gun"
	{Cylinder 2.5 54}
	{Bone "gun"}
	{Matrix34
		0	1	0
		0	0	1
		1	0	0
		0.197212	0.747688	0.311633
	}
}
{Volume "turret1"
	{Box 0.551264 10.474 21.5}
	{Bone "turret"}
	{Position 13.1036	-7.91395	13.9564}
}
{Volume "turret2"
	{Box 8.42556 0.567524 21.5}
	{Bone "turret"}
	{Matrix34
		0.921212	0.389061	0
		-0.389061	0.921212	0
		0	0	1
		9.21222	-14.7994	14.0079
	}
}
{Volume "turret4"
	{Polyhedron "turret4.vol"}
	{Bone "turret"}
	{Position 0.0167847	0.327198	2.43504}
}
{Volume "turret"
	{Polyhedron "turret.vol"}
	{Bone "turret"}
	{Position 9.39613	10.437	3.18308}
}
{Volume "wh1"
	{Cylinder 9.3 3.9}
	{Bone "wh"}
	{Matrix34
		-1	0	0
		0	1	0
		0	0	-1
		-0.103145	0.0646391	0.0310934
	}
}
{Volume "wh2"
	{Cylinder 9.3 3.9}
	{Bone "wh2"}
	{Matrix34
		-1	0	0
		0	1	0
		0	0	-1
		-0.102764	-0.000341415	0.0488651
	}
}
{Volume "wheelleft1"
	{Cylinder 9.3 3.9}
	{Bone "wheelleft1"}
	{Matrix34
		-1	0	0
		0	1	0
		0	0	-1
		-0.102764	-0.000341415	0.0488651
	}
}
{Volume "wheelleft2"
	{Cylinder 9.3 8.4}
	{Bone "wheelleft2"}
	{Matrix34
		-1	0	0
		0	1	0
		0	0	-1
		0.0507285	0.023819	0.0431585
	}
}
{Volume "wheelright1"
	{Cylinder 9.3 3.9}
	{Bone "wheelright1"}
	{Matrix34
		-1	0	0
		0	1	0
		0	0	-1
		-0.103145	0.0646391	0.0310934
	}
}
{Volume "wheelright2"
	{Cylinder 9.3 8.4}
	{Bone "wheelright2"}
	{Matrix34
		-1	0	0
		0	1	0
		0	0	-1
		0.0505301	0.0939722	-0.00663853
	}
}
