;Exported by: Dmirog
;Date:        Fri Jun 03 10:19:04 2011
;File:        E:\мои документы\3dsmax\scenes\t-18-3_x.max
{Skeleton
	{bone "basis"
		{Orientation
			1	0	0
			0	-1	0
			0	0	1
		}
		
		{bone "wheelsl"
			{parameters "ID=trackleft;"}
			{animation
				{sequence "break" {file "trackl_b.anm"}}
			}
			{Matrix34
				1	0	0
				0	0	1
				0	-1	0
				0	0	5.75961
			}
			{bone revolute "wheell6"
				{parameters "ID=trackleft;"}
				{Matrix34
					1	0	0
					0	-1	0
					0	0	-1
					-4.7664	-2.74231	-14.2986
				}
				{VolumeView "wheell6.ply"}
			}
			{bone revolute "wheell7"
				{parameters "ID=trackleft;"}
				{Matrix34
					1	0	0
					0	-1	0
					0	0	-1
					-10.5354	-2.74231	-14.2963
				}
				{VolumeView "wheell7.ply"}
			}
			{bone revolute "wheell5"
				{parameters "ID=trackleft;"}
				{Matrix34
					1	0	0
					0	-1	0
					0	0	-1
					2.17782	-2.74233	-14.3013
				}
				{VolumeView "wheell5.ply"}
			}
			{bone revolute "wheell8"
				{parameters "ID=trackleft;"}
				{Matrix34
					1	0	0
					0	-1	0
					0	0	-1
					-17.6096	-2.74233	-14.2935
				}
				{VolumeView "wheell8.ply"}
			}
			{bone revolute "wheell3"
				{parameters "ID=trackleft;"}
				{Matrix34
					1	0	0
					0	-1	0
					0	0	-1
					14.8124	-2.74233	-14.3063
				}
				{VolumeView "wheell3.ply"}
			}
			{bone revolute "wheell4"
				{parameters "ID=trackleft;"}
				{Matrix34
					1	0	0
					0	-1	0
					0	0	-1
					7.70321	-2.74233	-14.3035
				}
				{VolumeView "wheell4.ply"}
			}
			{bone "trackl"
				{parameters "CommonMesh;ID=trackleft;"}
				{Matrix34
					-1	0	0
					0	1	0
					0	0	-1
					2.80078	3.85421	-14.4202
				}
				{VolumeView "trackl.ply"}
			}
		}
		{bone "wheelsr"
			{parameters "ID=trackright;"}
			{animation
				{sequence "break" {file "trackr_b.anm"}}
			}
			{Matrix34
				1	0	0
				0	0	1
				0	-1	0
				0	0	5.75961
			}
			{bone revolute "wheelr3"
				{parameters "ID=trackright;"}
				{Matrix34
					-1	0	0
					0	1	0
					0	0	-1
					14.8238	-2.74233	14.5823
				}
				{VolumeView "wheelr3.ply"}
			}
			{bone revolute "wheelr4"
				{parameters "ID=trackright;"}
				{Matrix34
					-1	0	0
					0	1	0
					0	0	-1
					7.71461	-2.74233	14.5851
				}
				{VolumeView "wheelr4.ply"}
			}
			{bone revolute "wheelr5"
				{parameters "ID=trackright;"}
				{Matrix34
					-1	0	0
					0	1	0
					0	0	-1
					2.18922	-2.74234	14.5873
				}
				{VolumeView "wheelr5.ply"}
			}
			{bone revolute "wheelr6"
				{parameters "ID=trackright;"}
				{Matrix34
					-1	0	0
					0	1	0
					0	0	-1
					-4.755	-2.74232	14.59
				}
				{VolumeView "wheelr6.ply"}
			}
			{bone revolute "wheelr7"
				{parameters "ID=trackright;"}
				{Matrix34
					-1	0	0
					0	1	0
					0	0	-1
					-10.524	-2.74232	14.5923
				}
				{VolumeView "wheelr7.ply"}
			}
			{bone revolute "wheelr8"
				{parameters "ID=trackright;"}
				{Matrix34
					-1	0	0
					0	1	0
					0	0	-1
					-17.5982	-2.74233	14.5951
				}
				{VolumeView "wheelr8.ply"}
			}
			{bone "trackr"
				{parameters "CommonMesh;ID=trackright;"}
				{Matrix34
					-1	0	0
					0	1	0
					0	0	1
					2.80078	3.85421	14.6429
				}
				{VolumeView "trackr.ply"}
			}
		}
		{bone "body"
			{parameters "ID=body;"}
			{Position 0	0	5.99662}
			{VolumeView "body.ply"}
			{bone "part2"
				{parameters "ID=body;"}
				{Matrix34
					0.525244	0.000206334	0.850952
					0.850951	0.000334465	-0.525244
					0.000393565	-1	0
					12.0277	-0.181124	20.3508
				}
				{VolumeView "part2.ply"}
			}
			{bone "part3"
				{parameters "ID=body;"}
				{Matrix34
					0.893723	-0.294161	-0.338716
					0.282062	0.955567	-0.0856332
					0.348855	-0.0190062	0.936984
					18.1359	8.47351	12.5381
				}
				{VolumeView "part3.ply"}
			}
			{bone "part4"
				{parameters "ID=body;"}
				{Matrix34
					0.908022	0.252152	-0.334537
					-0.267568	0.963539	0
					0.322339	0.0895114	0.942383
					18.1399	-8.84877	12.5844
				}
				{VolumeView "part4.ply"}
			}
			{bone "detail1"
				{Matrix34
					-1	-0.000394495	0
					0.000394495	-1	0
					0	0	1
					28.3761	-8.17395	11.9575
				}
				{VolumeView "detail1.ply"}
			}
			{bone "detail2"
				{Matrix34
					-1	-0.000394495	0
					0.000394495	-1	0
					0	0	1
					28.8447	8.69387	12.271
				}
				{VolumeView "detail2.ply"}
			}
			{bone "shieldl1"
				{parameters "ID=shieldL1;"}
				{Matrix34
					1	0	0
					0	1	0
					0	0	1
					-36.8666	-0.502187	10.4738
				}
				{VolumeView "shieldl1.ply"}
				{bone "detail3"
					{Matrix34
						0.770032	-0.000408948	-0.638005
						0.634684	0.102383	0.765959
						0.0650062	-0.994745	0.0790973
						-1.02427	4.987	1.93443
					}
					{VolumeView "detail3.ply"}
				}
			}
			{bone "part1"
				{parameters "ID=engine;"}
				{Position -22.8685	-0.15091	20.3506}
				{VolumeView "part1.ply"}
			}
			{bone revolute "turret"
				{parameters "ID=turret;"}
				{animation
					{sequence "break" {file "turret_b.anm"}}
				}
				{Matrix34
					1	0.000395559	0
					-0.0003937	1	0
					0	0	1
					-0.733019	-0.0771709	20.4277
				}
				{VolumeView "turret.ply"}
				{bone revolute "mgun_rot"
					{limits -10 10}
					{Matrix34
						0.921558	-0.38824	0
						0	0	1
						0.388243	0.921558	0
						9.2836	-4.51132	4.45983
					}
					{VolumeView "mgun_rot.ply"}
					{bone "mgun"
						{Position 4.02004	-0.149178	0.0762722}
						{VolumeView "mgun.ply"}
					}
				}
				{bone revolute "gun_rot"
					{parameters "ID=gun;"}
					{limits -10 10}
					{speed 0.01}
					{Matrix34
						-0.921498	-0.388385	0
						0	0	1
						0.388382	-0.921498	0
						9.37979	4.50712	4.58774
					}
					{VolumeView "gun_rot.ply"}
					{bone "gun"
						{parameters "ID=gun;"}
						{Position -5.30659	0.492603	1.0067}
						{VolumeView "gun.ply"}
					}
				}
				{bone "cover"
					{parameters "ID=turret;"}
					{Matrix34
						1	0	0
						0	1	0
						0	0	1
						-6.54333	-0.0707879	11.3532
					}
					{VolumeView "cover.ply"}
				}
				{bone "enumerator"
					{Matrix34
						1	-0.000394114	0
						-7.31389e-005	-0.184509	0.982831
						-0.000389633	-0.982831	-0.184509
						0.782844	9.54097	5.25454
					}
					{VolumeView "enumerator.ply"}
				}
			}
			{bone revolute "wheelr1"
				{parameters "ID=trackright;"}
				{Matrix34
					-1	0	0
					0	0	1
					0	1	0
					28.6452	-14.5141	4.58195
				}
				{VolumeView "wheelr1.ply"}
			}
			{bone revolute "wheell1"
				{parameters "ID=trackleft;"}
				{Matrix34
					1	0	0
					0	0	-1
					0	1	0
					28.6338	14.2636	4.58195
				}
				{VolumeView "wheell1.ply"}
			}
			{bone revolute "wheelr9"
				{parameters "ID=trackright;"}
				{Matrix34
					-1	0	0
					0	0	1
					0	1	0
					-24.659	-14.6572	1.91612
				}
				{VolumeView "wheelr9.ply"}
			}
			{bone revolute "wheell9"
				{parameters "ID=trackleft;"}
				{Matrix34
					1	0	0
					0	0	-1
					0	1	0
					-24.659	14.5078	1.91612
				}
				{VolumeView "wheell9.ply"}
			}
			{bone revolute "wheelr2"
				{parameters "ID=trackright;"}
				{Matrix34
					-1	0	0
					0	0	1
					0	1	0
					20.8344	-14.5799	-2.29568
				}
				{VolumeView "wheelr2.ply"}
			}
			{bone revolute "wheell2"
				{parameters "ID=trackleft;"}
				{Matrix34
					1	0	0
					0	0	-1
					0	1	0
					20.823	14.3087	-2.29568
				}
				{VolumeView "wheell2.ply"}
			}
			{bone "object03"
				{Matrix34
					-1	-0.000394495	0
					0.000394495	-1	0
					0	0	1
					-29.9675	3.88296	4.8345
				}
				{VolumeView "object03.ply"}
			}
			{bone "object04"
				{Matrix34
					-0.809688	-0.000319328	-0.58686
					0.000394235	-1	0
					-0.58686	-0.000230769	0.809689
					8.1767	14.3949	11.2808
				}
				{VolumeView "object04.ply"}
			}
			{bone "object05"
				{Matrix34
					-1	-0.000394495	0
					0.000394495	-1	0
					0	0	1
					2.53725	14.3927	11.1575
				}
				{VolumeView "object05.ply"}
			}
			{bone "object08"
				{Matrix34
					-0.563281	-0.000222212	0.826266
					0.000394529	-1	0
					0.826266	0.000325999	0.563281
					13.7432	14.3971	11.1575
				}
				{VolumeView "object08.ply"}
			}
			{bone "object15"
				{Matrix34
					-1	-0.000394495	0
					0.000394495	-1	0
					0	0	1
					2.54871	-14.648	11.1575
				}
				{VolumeView "object15.ply"}
			}
			{bone "object19"
				{Matrix34
					-0.809688	-0.000319328	-0.58686
					0.000394235	-1	0
					-0.58686	-0.000230769	0.809689
					8.18816	-14.6457	11.2808
				}
				{VolumeView "object19.ply"}
			}
			{bone "object20"
				{Matrix34
					-0.563281	-0.000222212	0.826266
					0.000394529	-1	0
					0.826266	0.000325999	0.563281
					13.7547	-14.6436	11.1575
				}
				{VolumeView "object20.ply"}
			}
			{bone "object21"
				{Matrix34
					-1	-0.000394495	0
					0.000394495	-1	0
					0	0	1
					-29.956	-25.1577	4.8345
				}
				{VolumeView "object21.ply"}
			}
			{bone "shieldl2"
				{parameters "ID=sheildL2;"}
				{Position 15.0959	14.1908	14.7524}
				{VolumeView "shieldl2.ply"}
			}
			{bone "shieldr2"
				{parameters "ID=sheildR2;"}
				{Position 15.1072	-14.488	14.7524}
				{VolumeView "shieldr2.ply"}
			}
		}
	}
}
