;Exported by: Normand
;Date:        Tue Sep 25 22:52:27 2018
;File:        C:\Users\Normand\type93_xx.max
{Skeleton
	{bone "basis"
		{parameters "WheelRadius=0.25;"}
		{Orientation
			1	0	0
			0	-1	0
			0	0	1
		}
		{bone "pivot_front"
			{Position 42.7418	0.26614	8.85464}
			{bone revolute "steerl"
				{Matrix34
					1	0	0
					0	-1	0
					0	0	1
					0.0617065	14.2796	0
				}
				{bone revolute "wheell1"
					{Matrix34
						-0.999996	0.0026679	0
						0	0	1
						0.0026679	0.999996	0
						-0.0824509	-2.26734	-0.0319023
					}
					{VolumeView "wheell1.ply"}
				}
			}
			{bone revolute "steerr"
				{Matrix34
					1	0	0
					0	-1	0
					0	0	1
					0.0617065	-14.3857	0
				}
				{bone revolute "wheelr1"
					{Matrix34
						-0.999996	-0.00266766	0
						0	0	1
						0.00266766	-0.999996	0
						-0.0830193	2.16471	-0.0319042
					}
					{VolumeView "wheelr1.ply"}
				}
			}
		}
		{bone "pivot_back"
			{Position -18.3391	0.26614	8.89279}
			{bone revolute "wheelr3"
				{Matrix34
					-0.999996	0.00266757	0
					0	0	1
					0.00266757	0.999996	0
					-10.1678	-16.55	-0.0700541
				}
				{VolumeView "wheelr3.ply"}
			}
			{bone revolute "wheelr2"
				{Matrix34
					-0.999996	0.00266757	0
					0	0	1
					0.00266757	0.999996	0
					9.54275	-16.55	-0.0700569
				}
				{VolumeView "wheelr2.ply"}
			}
			{bone revolute "wheell2"
				{Matrix34
					-0.999996	-0.0026687	0
					0	0	1
					0.00266871	-0.999996	0
					9.54275	16.5466	-0.070055
				}
				{VolumeView "wheell2.ply"}
			}
			{bone revolute "wheell3"
				{Matrix34
					-0.999996	-0.00266781	0
					0	0	1
					0.00266781	-0.999996	0
					-10.1673	16.5466	-0.0700531
				}
				{VolumeView "wheell3.ply"}
			}
		}
		{bone "body"
			{parameters "ID=body;"}
			{Matrix34
				0.999882	-0.00039883	0.0153736
				0	0.999664	0.0259225
				-0.0153787	-0.0259194	0.999546
				6.81637	0.302368	20.3425
			}
			{VolumeView "body.ply"}
			{bone "doorr"
				{parameters "ID=body;"}
				{Position 3.47462	-14.3279	3.22893}
				{VolumeView "doorr.ply"}
			}
			{bone "doorback1"
				{parameters "ID=body;"}
				{Matrix34
					0.964783	0	-0.263047
					0	1	0
					0.263047	0	0.964783
					-46.0861	-8.093	2.07382
				}
				{VolumeView "doorback1.ply"}
			}
			{bone "doorl"
				{parameters "ID=body;"}
				{Position 3.43874	14.3279	3.22893}
				{VolumeView "doorl.ply"}
			}
			{bone "doorback2"
				{parameters "ID=body;"}
				{Matrix34
					0.964783	0	-0.263047
					0	1	0
					0.263047	0	0.964783
					-46.086	7.97828	2.07382
				}
				{VolumeView "doorback2.ply"}
			}
			{bone revolute "turret"
				{parameters "ID=turret;"}
				{Matrix34
					0.997166	0.00761329	-0.0748418
					0	0.994866	0.101203
					0.075228	-0.100916	0.992047
					-18.9353	0.391003	17.761
				}
				{VolumeView "turret.ply"}
				{bone revolute "mgun_top"
					{limits -30 30}
					{Matrix34
						1	0	0
						0	0	1
						0	-1	0
						8.29742	-0.0264878	3.00737
					}
					{VolumeView "mgun_top.ply"}
				}
			}
			{bone "mgunl_turret"
				{Matrix34
					0	1	0
					-1	0	0
					0	0	1
					-24.8505	12.9659	9.79699
				}
				{bone revolute "mgun_left"
					{limits -30 30}
					{Matrix34
						0	0	1
						1	0	0
						0	1	0
						-0.0122871	-0.00312614	0.00926971
					}
					{VolumeView "mgun_left.ply"}
				}
			}
			{bone "mgunr_turret"
				{Matrix34
					0	-1	0
					1	0	0
					0	0	1
					-24.8506	-13.0241	9.79699
				}
				{bone revolute "mgun_right"
					{limits -30 30}
					{Matrix34
						0	0	1
						-1	0	0
						0	-1	0
						-0.0246716	-9.34601e-005	0.0158157
					}
					{VolumeView "mgun_right.ply"}
				}
			}
			{bone "mgunf_turret"
				{Position 1.90626	-8.03912	10.1465}
				{bone revolute "mgun_front"
					{limits -30 30}
					{Matrix34
						1	0	0
						0	0	1
						0	-1	0
						-0.0310726	0.00202084	-0.0947895
					}
					{VolumeView "mgun_front.ply"}
				}
			}
			{bone "engine"
				{parameters "ID=engine;"}
				{Position 29.7112	-0.102145	-6.57878}
				{bone "engine_cover1"
					{Matrix34
						0.99989	0	-0.0148348
						-0.00315099	0.977181	-0.212383
						0.0144963	0.212406	0.977074
						-0.120991	-2.8236	11.7643
					}
					{VolumeView "engine_cover1.ply"}
				}
				{bone "engine_cover2"
					{Matrix34
						0.99989	0	-0.0148348
						0.00257603	0.984808	0.173629
						0.0146094	-0.173648	0.984699
						-0.121075	2.86651	11.7643
					}
					{VolumeView "engine_cover2.ply"}
				}
			}
			{bone "seats"
				{parameters "ID=body;"}
				{Position 3.75353	0.0122969	-8.42236}
				{VolumeView "seats.ply"}
			}
			{bone "flag"
				{Matrix34
					1	0	0
					0	0	1
					0	-1	0
					13.6429	-0.0966941	-1.06038
				}
				{VolumeView "flag.ply"}
			}
		}
	}
}
{Volume "body"
	{Polyhedron "body.vol"}
	{Bone "body"}
	{Position -22.37	-0.103099	-13.2919}
}
{Volume "engine"
	{Polyhedron "engine.vol"}
	{Bone "engine"}
	{Position -6.45012	0.0583743	-6.70293}
}
{Volume "turret"
	{Polyhedron "turret.vol"}
	{Bone "turret"}
	{Position 0.296566	0.109763	-0.966995}
}
{Volume "wheelleft1"
	{Cylinder 9.27353 4}
	{Bone "wheell1"}
	{Matrix34
		-0.999997	0	0.00266799
		0	1	0
		0.00266799	0	0.999996
		-0.0523537	-0.0147597	-0.489444
	}
}
{Volume "wheelleft2"
	{Cylinder 9.27353 4}
	{Bone "wheell2"}
	{Matrix34
		-0.999996	0	0.0026687
		0	1	0
		0.00266871	0	0.999996
		0.00182503	-0.0147549	-0.490018
	}
}
{Volume "wheelleft3"
	{Cylinder 9.27353 4}
	{Bone "wheell3"}
	{Matrix34
		-0.999997	0	0.00266781
		0	1	0
		0.00266781	0	0.999997
		-0.0093109	-0.0147588	-0.489984
	}
}
{Volume "wheelright1"
	{Cylinder 9.27353 4}
	{Bone "wheelr1"}
	{Matrix34
		-0.999997	0	0.00266742
		0	1	0
		-0.00266742	0	-0.999996
		-0.052454	-0.0147569	-0.313865
	}
}
{Volume "wheelright2"
	{Cylinder 9.27353 4}
	{Bone "wheelr2"}
	{Matrix34
		-0.999996	0	0.00266742
		0	1	0
		-0.00266742	0	-0.999996
		0.0022955	-0.0147554	-0.314447
	}
}
{Volume "wheelright3"
	{Cylinder 9.27353 4}
	{Bone "wheelr3"}
	{Matrix34
		-0.999996	0	0.00266742
		0	1	0
		-0.00266742	0	-0.999996
		-0.00941848	-0.0147573	-0.314412
	}
}
