;MDL File generated by SOEdit Version Next (v0.7m4)
;Model created by: Horten
;Date: Tue Sep 24 10:39:38 2024
;File: C:\Users\Professional\Desktop\mod\StuG_IV\stug_iv_bkp.max
;Model create/rebuild by: horten
;Last build date: Thursday 25 September 2024 [15:02:35]
{Skeleton
    {Animation
        {Sequence "fire" {Speed 0.7}}
        {Sequence "start" {Speed 0.6}}
        {Sequence "stop" {Speed 0.6}}
        {Sequence "open_c" {Speed 0.5}}
        {Sequence "open_l" {Speed 0.5}}
        {Sequence "close_l" {Speed 0.5}}
    }
    {Bone revolute "basis"
        {Limits 0 0}
        {Orientation
            1	0	0
            0	-1	0
            0	0	1
        }
        {Bone "body_virt"
            {Position 0	0	8.96885}
            {Bone "wheels"
                {Parameters "ID=body;"}
                {Position 0	0	-6.46265}
                {VolumeView "wheels.ply"}
            }
            {Bone "trackl"
                {Parameters "ID=trackleft;"}
                {Position -0.483999	24.927	3.02734}
                {VolumeView "trackl.ply"}
            }
            {Bone "trackr"
                {Parameters "ID=trackright;"}
                {Position -0.483999	-24.927	3.02734}
                {VolumeView "trackr.ply"}
            }
            {Bone prizmatic "suspension_l1"
                {Limits -0.04 0.04}
                {Position 35.4562	24.9008	-2.58023}
                {Bone revolute "wheell2"
                    {Parameters "ID=trackleft;Radius=0.24;"}
                    {Matrix34
                        1	0	0
                        0	0	-1
                        0	1	0
                        -0.00220871	0.020153	-0.00742912
                    }
                    {VolumeView "wheell2.ply"}
                }
            }
            {Bone prizmatic "suspension_l2"
                {Limits -0.06 0.06}
                {Position 25.6091	24.9008	-2.58023}
                {Bone revolute "wheell3"
                    {Parameters "ID=trackleft;Radius=0.24;"}
                    {Matrix34
                        1	0	0
                        0	0	-1
                        0	1	0
                        -0.00309563	0.020153	-0.00742912
                    }
                    {VolumeView "wheell3.ply"}
                }
            }
            {Bone prizmatic "suspension_l3"
                {Limits -0.08 0.08}
                {Position 15.7882	24.9008	-2.58023}
                {Bone revolute "wheell4"
                    {Parameters "ID=trackleft;Radius=0.24;"}
                    {Matrix34
                        1	0	0
                        0	0	-1
                        0	1	0
                        -0.0181875	0.020153	-0.00742912
                    }
                    {VolumeView "wheell4.ply"}
                }
            }
            {Bone prizmatic "suspension_l4"
                {Limits -0.1 0.1}
                {Position 5.92162	24.9008	-2.58023}
                {Bone revolute "wheell5"
                    {Parameters "ID=trackleft;Radius=0.24;"}
                    {Matrix34
                        1	0	0
                        0	0	-1
                        0	1	0
                        0.0013814	0.020153	-0.00742912
                    }
                    {VolumeView "wheell5.ply"}
                }
            }
            {Bone prizmatic "suspension_l5"
                {Limits -0.1 0.1}
                {Position -4.30171	24.9008	-2.58023}
                {Bone revolute "wheell6"
                    {Parameters "ID=trackleft;Radius=0.24;"}
                    {Matrix34
                        1	0	0
                        0	0	-1
                        0	1	0
                        -0.00229073	0.020153	-0.00742912
                    }
                    {VolumeView "wheell6.ply"}
                }
            }
            {Bone prizmatic "suspension_l6"
                {Limits -0.08 0.08}
                {Position -14.0407	24.9008	-2.58023}
                {Bone revolute "wheell7"
                    {Parameters "ID=trackleft;Radius=0.24;"}
                    {Matrix34
                        1	0	0
                        0	0	-1
                        0	1	0
                        -0.00331688	0.020153	-0.00742912
                    }
                    {VolumeView "wheell7.ply"}
                }
            }
            {Bone prizmatic "suspension_l7"
                {Limits -0.06 0.06}
                {Position -23.8564	24.9008	-2.58023}
                {Bone revolute "wheell8"
                    {Parameters "ID=trackleft;Radius=0.24;"}
                    {Matrix34
                        1	0	0
                        0	0	-1
                        0	1	0
                        -0.0225925	0.020153	-0.0064292
                    }
                    {VolumeView "wheell8.ply"}
                }
            }
            {Bone prizmatic "suspension_l8"
                {Limits -0.04 0.04}
                {Position -33.7509	24.9008	-2.58023}
                {Bone revolute "wheell9"
                    {Parameters "ID=trackleft;Radius=0.24;"}
                    {Matrix34
                        1	0	0
                        0	0	-1
                        0	1	0
                        0.0249023	0.020153	-0.00742912
                    }
                    {VolumeView "wheell9.ply"}
                }
            }
            {Bone prizmatic "suspension_r1"
                {Limits -0.04 0.04}
                {Position 35.4562	-24.865	-2.58023}
                {Bone revolute "wheelr2"
                    {Parameters "ID=trackright;Radius=0.24;"}
                    {Matrix34
                        1	0	0
                        0	0	-1
                        0	1	0
                        -0.00220871	-0.0569935	-0.00742817
                    }
                    {VolumeView "wheelr2.ply"}
                }
            }
            {Bone prizmatic "suspension_r2"
                {Limits -0.06 0.06}
                {Position 25.6091	-24.865	-2.58023}
                {Bone revolute "wheelr3"
                    {Parameters "ID=trackright;Radius=0.24;"}
                    {Matrix34
                        1	0	0
                        0	0	-1
                        0	1	0
                        -0.00309563	-0.0569935	-0.00742817
                    }
                    {VolumeView "wheelr3.ply"}
                }
            }
            {Bone prizmatic "suspension_r3"
                {Limits -0.08 0.08}
                {Position 15.7882	-24.865	-2.58023}
                {Bone revolute "wheelr4"
                    {Parameters "ID=trackright;Radius=0.24;"}
                    {Matrix34
                        1	0	0
                        0	0	-1
                        0	1	0
                        -0.0181856	-0.0289936	-0.00742817
                    }
                    {VolumeView "wheelr4.ply"}
                }
            }
            {Bone prizmatic "suspension_r4"
                {Limits -0.1 0.1}
                {Position 5.92162	-24.865	-2.58023}
                {Bone revolute "wheelr5"
                    {Parameters "ID=trackright;Radius=0.24;"}
                    {Matrix34
                        1	0	0
                        0	0	-1
                        0	1	0
                        0.00138235	-0.0569935	-0.00742817
                    }
                    {VolumeView "wheelr5.ply"}
                }
            }
            {Bone prizmatic "suspension_r5"
                {Limits -0.1 0.1}
                {Position -4.30171	-24.865	-2.58023}
                {Bone revolute "wheelr6"
                    {Parameters "ID=trackright;Radius=0.24;"}
                    {Matrix34
                        1	0	0
                        0	0	-1
                        0	1	0
                        -0.00228977	-0.0569935	-0.00742817
                    }
                    {VolumeView "wheelr6.ply"}
                }
            }
            {Bone prizmatic "suspension_r6"
                {Limits -0.08 0.08}
                {Position -14.0407	-24.865	-2.58023}
                {Bone revolute "wheelr7"
                    {Parameters "ID=trackright;Radius=0.24;"}
                    {Matrix34
                        1	0	0
                        0	0	-1
                        0	1	0
                        -0.00331593	-0.0569935	-0.00742817
                    }
                    {VolumeView "wheelr7.ply"}
                }
            }
            {Bone prizmatic "suspension_r7"
                {Limits -0.06 0.06}
                {Position -23.8564	-24.865	-2.58023}
                {Bone revolute "wheelr8"
                    {Parameters "ID=trackright;Radius=0.24;"}
                    {Matrix34
                        1	0	0
                        0	0	-1
                        0	1	0
                        -0.0225925	-0.0569935	-0.00742817
                    }
                    {VolumeView "wheelr8.ply"}
                }
            }
            {Bone prizmatic "suspension_r8"
                {Limits -0.04 0.04}
                {Position -33.7509	-24.865	-2.58023}
                {Bone revolute "wheelr9"
                    {Parameters "ID=trackright;Radius=0.24;"}
                    {Matrix34
                        1	0	0
                        0	0	-1
                        0	1	0
                        0.0249023	-0.0569935	-0.00742817
                    }
                    {VolumeView "wheelr9.ply"}
                }
            }
        }
        {Bone "body"
            {Parameters "ID=body;"}
            {Position 0.834829	0	0.299196}
            {VolumeView "body.ply"}
            {Bone "detail1"
                {Parameters "ID=body;"}
                {Position -3.36083	27.255	33.0924}
                {VolumeView "detail1.ply"}
            }
            {Bone "detail2"
                {Parameters "ID=body;"}
                {Position -13.4188	27.255	33.0924}
                {VolumeView "detail2.ply"}
            }
            {Bone "detail3"
                {Parameters "ID=body;"}
                {Position -4.87383	-24.828	34.3734}
                {VolumeView "detail3.ply"}
            }
            {Bone "shieldtr4"
                {Parameters "ID=body;"}
                {Position 42.7632	-1.617	23.7094}
                {VolumeView "detail4.ply"}
            }
            {Bone "shieldtr5"
                {Parameters "ID=body;"}
                {Position 52.9082	-0.284	16.0494}
                {VolumeView "detail5.ply"}
            }
            {Bone "at"
                {Parameters "commonmesh;ID=body;"}
                {Position -0.834829	0	0}
                {VolumeView "at.ply"}
            }
            {Bone "shieldr1"
                {Parameters "ID=body;"}
                {Position 35.8972	-30.623	25.0484}
                {VolumeView "shieldr1.ply"}
            }
            {Bone "shieldr2"
                {Parameters "ID=body;"}
                {Position 16.2322	-30.766	25.0484}
                {VolumeView "shieldr2.ply"}
            }
            {Bone "shieldr3"
                {Parameters "ID=body;"}
                {Position -3.47683	-30.546	25.0484}
                {VolumeView "shieldr3.ply"}
            }
            {Bone "shieldr4"
                {Parameters "ID=body;"}
                {Position -23.2358	-30.37	25.0424}
                {VolumeView "shieldr4.ply"}
            }
            {Bone "shieldr5"
                {Parameters "ID=body;"}
                {Position -42.9648	-30.804	25.0484}
                {VolumeView "shieldr5.ply"}
            }
            {Bone "shieldl1"
                {Parameters "ID=body;"}
                {Position 35.8972	30.5029	24.9963}
                {VolumeView "shieldl1.ply"}
            }
            {Bone "shieldl3"
                {Parameters "ID=body;"}
                {Position -3.56101	30.4189	24.9963}
                {VolumeView "shieldl3.ply"}
            }
            {Bone "shieldl2"
                {Parameters "ID=body;"}
                {Position 16.1306	30.533	24.9963}
                {VolumeView "shieldl2.ply"}
            }
            {Bone "shieldl4"
                {Parameters "ID=body;"}
                {Position -23.2369	30.491	24.9963}
                {VolumeView "shieldl4.ply"}
            }
            {Bone "shieldl5"
                {Parameters "ID=body;"}
                {Position -42.9648	30.386	24.9963}
                {VolumeView "shieldl5.ply"}
            }
            {Bone "internal"
                {Parameters "ID=body;"}
                {Matrix34
                    0	-1	0
                    0	0	1
                    1	0	0
                    -0.522208	0	19.4499
                }
                {VolumeView "internal.ply"}
            }
            {Bone "commander_hatch"
                {Parameters "ID=body;"}
                {Matrix34
                    -0.791249	0	-0.611494
                    0	-1	0
                    0.611494	0	-0.791249
                    -15.4003	11.998	43.9406
                }
                {VolumeView "commander_hatch.ply"}
            }
            {Bone "driver_hatch"
                {Parameters "ID=body;"}
                {Matrix34
                    -0.984099	-0.00231357	0.177608
                    -0.00350746	-0.999967	0.00728948
                    -0.169683	0.00799012	-0.985466
                    28.412	16.9655	32.9803
                }
                {VolumeView "driver_hatch.ply"}
            }
            {Bone "engine"
                {Parameters "ID=engine;"}
                {Position -0.834829	0	0}
                {VolumeView "engine.ply"}
                {Bone "e_hatch_1"
                    {Parameters "ID=engine;"}
					{animation
						{sequence "repair" {file "engine_r.anm"}}
					}
                    {Matrix34
                        0.999391	0	0.0348995
                        0	1	0
                        -0.0348995	0	0.999391
                        -35.988	0.875355	33.537
                    }
                    {VolumeView "e_hatch_1.ply"}
                }
                {Bone "e_hatch_2"
                    {Parameters "ID=engine;"}
					{animation
						{sequence "repair" {file "engine_r.anm"}}
					}
                    {Matrix34
                        0.999391	0	0.0348995
                        0	1	0
                        -0.0348995	0	0.999391
                        -34.5023	-18.6422	33.5335
                    }
                    {VolumeView "e_hatch_2.ply"}
                }
                {Bone "fxsmoke1"
                    {Matrix34
                        -0.298836	0.640856	0.707107
                        -0.906308	-0.422619	0
                        0.298836	-0.640856	0.707107
                        -53.5464	-3.11138	26.451
                    }
                }
                {Bone "fxfire1"
                    {Matrix34
                        0	0	1
                        0	1	0
                        -1	0	0
                        -36.3581	10.9999	25.4128
                    }
                }
            }
            {Bone "transmission"
                {Parameters "ID=transmission;"}
                {Position -0.834829	0	0}
                {VolumeView "transmission.ply"}
                {Bone "transmission_hatch_r"
                    {Parameters "ID=transmission;"}
                    {Position 50.3915	-13.7726	20.472}
                    {VolumeView "transmission_hatch_r.ply"}
                }
                {Bone "transmission_hatch_l"
                    {Parameters "ID=transmission;"}
                    {Position 50.3915	13.543	20.472}
                    {VolumeView "transmission_hatch_l.ply"}
                }
            }
            {Bone "loader_hatch_1"
                {Parameters "ID=body;"}
                {Matrix34
                    1	0	0
                    0	0.965926	0.258819
                    0	-0.258819	0.965926
                    -9.30636	-13.544	41.3522
                }
                {VolumeView "loader_hatch_1.ply"}
            }
            {Bone "loader_hatch_2"
                {Parameters "ID=body;"}
                {Matrix34
                    0.999986	-0.00507662	0.00122047
                    0.00458785	0.965926	0.258778
                    -0.0024926	-0.258769	0.965936
                    -19.5096	-13.544	41.3158
                }
                {VolumeView "loader_hatch_2.ply"}
            }
            {Bone "mgunshield"
                {Parameters "ID=body;"}
                {Matrix34
                    -0.113975	0	0.993484
                    0	1	0
                    -0.993484	0	-0.113975
                    -2.12379	-13.404	40.8417
                }
                {VolumeView "mgunshield.ply"}
                {Bone revolute "mgunh_rot"
                    {Parameters "ikspeed2=20;"}
                    {Limits -17 12}
                    {Terminator}
                    {Matrix34
                        -0.113975	0	-0.993484
                        0	1	0
                        0.993484	0	-0.113975
                        3.98798	-2.1	0.5
                    }
                    {Bone revolute "mgunv_rot"
                        {Parameters "ikspeed2=20;"}
                        {Limits -15 20}
                        {Orientation
                            1	0	0
                            0	0	1
                            0	-1	0
                        }
                        {Bone "mgun_rot"
                            {Position -3.60984	-0.626183	0}
                        }
                    }
                    {Bone "gunner2"
                        {Matrix34
                            0.9564	-0.2206	-0.1913
                            0.2248	0.9744	0.0005
                            0.1863	-0.0435	0.9815
                            -14.5675	3	-20.6174
                        }
                    }
                }
            }
            {Bone "detail6"
                {Parameters "ID=body;"}
                {Position -0.834829	0	0}
                {VolumeView "detail6.ply"}
            }
            {Bone "detail7"
                {Parameters "ID=body;"}
                {Position -0.834829	0	0}
                {VolumeView "detail7.ply"}
            }
            {Bone revolute "wheelr14"
                {Parameters "ID=trackright;Radius=0.138;"}
                {Matrix34
                    1	0	0
                    0	0	-1
                    0	1	0
                    27.3432	-24.933	18.895
                }
                {VolumeView "wheelr14.ply"}
            }
            {Bone revolute "wheelr13"
                {Parameters "ID=trackright;Radius=0.138;"}
                {Matrix34
                    1	0	0
                    0	0	-1
                    0	1	0
                    9.01717	-24.933	18.895
                }
                {VolumeView "wheelr13.ply"}
            }
            {Bone revolute "wheelr12"
                {Parameters "ID=trackright;Radius=0.138;"}
                {Matrix34
                    1	0	0
                    0	0	-1
                    0	1	0
                    -10.9818	-24.933	18.895
                }
                {VolumeView "wheelr12.ply"}
            }
            {Bone revolute "wheelr11"
                {Parameters "ID=trackright;Radius=0.138;"}
                {Matrix34
                    1	0	0
                    0	0	-1
                    0	1	0
                    -30.8948	-24.933	18.145
                }
                {VolumeView "wheelr11.ply"}
            }
            {Bone revolute "wheelr10"
                {Parameters "ID=trackright;Radius=0.36;"}
                {Matrix34
                    1	0	0
                    0	0	-1
                    0	1	0
                    -48.9938	-23.505	12.453
                }
                {VolumeView "wheelr10.ply"}
            }
            {Bone revolute "wheelr1"
                {Parameters "ID=trackright;Radius=0.4;"}
                {Matrix34
                    1	0	0
                    0	0	-1
                    0	1	0
                    46.1762	-24.907	14.772
                }
                {VolumeView "wheelr1.ply"}
            }
            {Bone revolute "wheell14"
                {Parameters "ID=trackleft;Radius=0.138;"}
                {Matrix34
                    1	0	0
                    0	0	-1
                    0	1	0
                    27.3432	24.933	18.895
                }
                {VolumeView "wheell14.ply"}
            }
            {Bone revolute "wheell13"
                {Parameters "ID=trackleft;Radius=0.138;"}
                {Matrix34
                    1	0	0
                    0	0	-1
                    0	1	0
                    9.01717	24.933	18.895
                }
                {VolumeView "wheell13.ply"}
            }
            {Bone revolute "wheell12"
                {Parameters "ID=trackleft;Radius=0.138;"}
                {Matrix34
                    1	0	0
                    0	0	-1
                    0	1	0
                    -10.9818	24.933	18.895
                }
                {VolumeView "wheell12.ply"}
            }
            {Bone revolute "wheell11"
                {Parameters "ID=trackleft;Radius=0.138;"}
                {Matrix34
                    1	0	0
                    0	0	-1
                    0	1	0
                    -30.8948	24.933	18.145
                }
                {VolumeView "wheell11.ply"}
            }
            {Bone revolute "wheell10"
                {Parameters "ID=trackleft;Radius=0.36;"}
                {Matrix34
                    1	0	0
                    0	0	-1
                    0	1	0
                    -48.9938	24.145	12.453
                }
                {VolumeView "wheell10.ply"}
            }
            {Bone revolute "wheell1"
                {Parameters "ID=trackleft;Radius=0.4;"}
                {Matrix34
                    1	0	0
                    0	0	-1
                    0	1	0
                    46.1762	24.907	14.772
                }
                {VolumeView "wheell1.ply"}
            }
            {Bone revolute "gun_rot_v"
                {Matrix34
                    1	0	0
                    0	0	1
                    0	-1	0
                    11.7215	-2.46062	32.2233
                }
                {Bone revolute "gun_rot"
                    {Parameters "ID=body;"}
                    {Matrix34
                        1	0	0
                        0	0	-1
                        0	1	0
                        -0.0919247	-0.00786591	-0.00713158
                    }
                    {VolumeView "gun_rot.ply"}
                    {Bone "gun"
                        {Parameters "ID=gun;"}
                        {Position 42.7343	0.049	-0.6402}
                        {VolumeView "gun.ply"}
                        {Bone "foresight1"
                            {Position 18.2608	0.00292778	-0.00442505}
                        }
                    }
                }
            }
            {Bone "headlight"
                {Position 43.7687	21.366	28.7601}
            }
            {Bone "visor2"
                {Position 33.8143	9.04245	32.6081}
            }
            {Bone "visor1"
                {Position -5.73855	12.3572	43.3938}
            }
            {Bone "sight"
                {Position 2.9611	9.4249	42.1276}
            }
            {Bone "fxstop1"
                {Matrix34
                    -1	0	0
                    0	-1	0
                    0	0	1
                    -48.9376	24.7472	26.9957
                }
            }
            {Bone "shieldt1"
                {Parameters "ID=body;"}
                {Position 16.7508	12.2729	36.9345}
                {VolumeView "shieldt1.ply"}
            }
            {Bone "shieldt2"
                {Parameters "ID=body;"}
                {Position 17.0159	-16.4747	37.0971}
                {VolumeView "shieldt2.ply"}
            }
            {Bone "shieldt3"
                {Parameters "ID=body;"}
                {Position 26.7109	-15.5665	29.7043}
                {VolumeView "shieldt3.ply"}
            }
            {Bone "shieldt4"
                {Parameters "ID=body;"}
                {Position 37.7382	11.1591	28.2104}
                {VolumeView "shieldt4.ply"}
            }
            {Bone "shieldt5"
                {Parameters "ID=body;"}
                {Position 29.9547	20.6076	29.295}
                {VolumeView "shieldt5.ply"}
            }
            {Bone "detail8"
                {Parameters "ID=body;"}
                {Position 33.7383	-11.7266	26.4855}
                {VolumeView "detail8.ply"}
            }
            {Bone "detail9"
                {Parameters "ID=body;"}
                {Position 47.2957	14.5003	21.3683}
                {VolumeView "detail9.ply"}
            }
            {Bone "detail10"
                {Parameters "ID=body;"}
                {Position 48.0751	-14.5266	20.8427}
                {VolumeView "detail10.ply"}
            }
            {Bone "detail11"
                {Parameters "ID=body;"}
                {Matrix34
                    0.994758	0	-0.102261
                    0	1	0
                    0.102261	0	0.994758
                    47.5863	6.73763	21.4463
                }
                {VolumeView "detail11.ply"}
            }
            {Bone "detail12"
                {Parameters "ID=body;"}
                {Matrix34
                    0.996195	-0.0871556	0
                    0.0871556	0.996195	0
                    0	0	1
                    14.5627	24.9382	29.295
                }
                {VolumeView "detail12.ply"}
            }
            {Bone "fxfire3"
                {Matrix34
                    0	0	1
                    0	1	0
                    -1	0	0
                    -10.5115	12.8532	37.1696
                }
            }
        }
        {Bone "emit0"
            {Matrix34
                -1	0	0
                0	-1	0
                0	0	1
                71.8518	10.0252	0
            }
        }
        {Bone "emit1"
            {Matrix34
                0	-1	0
                1	0	0
                0	0	1
                -9.15446	53.3826	0
            }
        }
        {Bone "emit2"
            {Matrix34
                0	1	0
                -1	0	0
                0	0	1
                -9.15446	-53.3858	0
            }
        }
    }
}
{Volume "ammo1"
    {Box 22.1379 6.40397 22.7983}
    {Bone "body"}
    {Position -0.826772	-13.9212	21.1}
}
{Volume "ammo2"
    {Box 22.1379 6.40397 22.7983}
    {Bone "body"}
    {Position -0.826772	13.9173	21.1}
}
{Volume "barrel"
    {Cylinder 1.56588 37.599}
    {Bone "gun"}
    {Matrix34
        0	0	-1
        0	1	0
        1	0	0
        -0.272522	0.00994682	0.0404358
    }
}
{Volume "body1"
    {Polyhedron "body1.vol"}
    {Bone "body"}
    {Position 16.08	-0.0049982	16.8185}
}
{Volume "body2"
    {Polyhedron "body2.vol"}
    {Bone "body"}
    {Position -4.60787	-0.280077	34.0771}
}
{Volume "body3"
    {Polyhedron "body3.vol"}
    {Bone "body"}
    {Position 22.3884	11.282	32.1952}
}
{Volume "body4"
    {Polyhedron "body4.vol"}
    {Bone "body"}
    {Position 17.0894	-14.5197	32.2348}
}
{Volume "body5"
    {Polyhedron "body5.vol"}
    {Bone "body"}
    {Position 15.0374	-22.3383	31.8005}
}
{Volume "body6"
    {Polyhedron "body6.vol"}
    {Bone "body"}
    {Position 14.8922	21.701	31.6726}
}
{Volume "body7"
    {Polyhedron "body7.vol"}
    {Bone "body"}
    {Position -0.834829	0	0}
}
{Volume "shieldt4"
    {Box 8.02762 11.5481 1.48505}
    {Bone "shieldt4"}
    {Matrix34
        0.258819	0	-0.965926
        0	1	0
        0.965926	0	0.258819
        0.133422	-0.0849914	-0.0323538
    }
}
{Volume "shieldt5"
    {Box 7.09963 17.5813 2.16817}
    {Bone "shieldt5"}
    {Matrix34
        -0.0604777	0.258798	-0.964036
        -0.997739	0.0126757	0.0659949
        0.0292993	0.965849	0.257446
        -0.360083	0.145497	0.483638
    }
}
{Volume "shieldt1"
    {Box 7.46568 17.015 1.48505}
    {Bone "shieldt1"}
    {Matrix34
        0	1	0
        -0.939693	0	0.34202
        0.34202	0	0.939693
        0.414099	0.0128555	0.0472624
    }
}
{Volume "shieldt2"
    {Box 7.46568 17.015 1.48505}
    {Bone "shieldt2"}
    {Matrix34
        -0.173018	0.98434	0.033767
        -0.918617	-0.173642	0.354952
        0.355257	0.0303942	0.934275
        0.158807	0.0691077	-0.119419
    }
}
{Volume "shieldt3"
    {Box 8.02681 11.4269 1.48505}
    {Bone "shieldt3"}
    {Matrix34
        0.0998282	0.00289279	-0.995
        -0.0289656	0.99958	0
        0.994583	0.0288207	0.0998702
        -0.307564	0.371475	-0.280916
    }
}
{Volume "cupola"
    {Cylinder 8.63416 5.06471}
    {Bone "body"}
    {Position -10.282	12.4839	40.6152}
}
{Volume "detail10"
    {Box 15.6319 7.2377 4.03179}
    {Bone "detail10"}
    {Matrix34
        0.933974	0.0188423	-0.356844
        -0.0176013	0.999822	0.00672479
        0.356907	0	0.93414
        -0.129055	0.0898745	-0.655705
    }
}
{Volume "detail11"
    {Polyhedron "detail11.vol"}
    {Bone "detail11"}
    {Matrix34
        0.916318	0.0332272	-0.39907
        -0.0337008	0.999415	0.00583134
        0.39903	0.00810555	0.916902
        -0.197296	-0.141582	-1.59683
    }
}
{Volume "detail12"
    {Box 7.09963 14.4412 1.82126}
    {Bone "detail12"}
    {Matrix34
        -0.0828034	0.252542	-0.964036
        -0.99629	-0.0437247	0.0741194
        -0.0234339	0.966597	0.255226
        0.838721	0.504316	0.437037
    }
}
{Volume "detail1"
    {Cylinder 4.64748 5.21758}
    {Bone "detail1"}
    {Matrix34
        1	0	0
        0	0	1
        0	-1	0
        0.00631523	-0.0725112	-0.0057301
    }
}
{Volume "detail2"
    {Cylinder 4.64748 5.21758}
    {Bone "detail2"}
    {Matrix34
        1	0	0
        0	0	1
        0	-1	0
        -0.0677624	-0.0725112	-0.0057301
    }
}
{Volume "detail3"
    {Box 24.0454 1.30333 7.95208}
    {Bone "detail3"}
    {Matrix34
        1	0	0
        0	0.984808	-0.173648
        0	0.173648	0.984808
        -0.214882	0.143786	-0.488204
    }
}
{Volume "shieldtr4"
    {Box 7.51527 16.6727 1.07266}
    {Bone "shieldtr4"}
    {Matrix34
        -0.939693	0	0.342019
        0	1	0
        -0.342019	0	-0.939693
        -0.0796824	0.148135	-0.00437069
    }
}
{Volume "shieldtr5"
    {Box 7.51527 25.2616 1.07266}
    {Bone "shieldtr5"}
    {Matrix34
        0.258819	0	0.965926
        0	1	0
        -0.965926	0	0.258819
        -0.222948	0.0502253	-0.0877047
    }
}
{Volume "detail6"
    {Box 6.68527 9.67252 0.849272}
    {Bone "detail6"}
    {Matrix34
        0.642787	0	-0.766045
        0	1	0
        0.766045	0	0.642787
        55.247	24.1731	20.9842
    }
}
{Volume "detail7"
    {Box 6.68527 9.67252 0.849272}
    {Bone "detail7"}
    {Matrix34
        0.642787	0	-0.766045
        0	1	0
        0.766045	0	0.642787
        55.247	-24.1825	20.9842
    }
}
{Volume "detail8"
    {Box 7.32184 11.5481 2.45046}
    {Bone "detail8"}
    {Matrix34
        -0.0871555	0.996195	0
        -0.996195	-0.0871555	0
        0	0	1
        -0.0956726	0.0402451	-0.365653
    }
}
{Volume "detail9"
    {Polyhedron "detail9.vol"}
    {Bone "detail9"}
    {Matrix34
        0.870706	0.0332272	-0.490681
        -0.0329278	0.999415	0.00924702
        0.490701	0.00810554	0.87129
        -0.0691223	0.0966263	-1.49025
    }
}
{Volume "engine1"
    {Polyhedron "engine1.vol"}
    {Bone "engine"}
    {Position -33.9496	-0.00957869	16.8303}
}
{Volume "engine2"
    {Polyhedron "engine2.vol"}
    {Bone "engine"}
    {Position -33.9496	-0.110271	29.544}
}
{Volume "fenderl1"
    {Box 3.21931 10.3081 0.849272}
    {Bone "body"}
    {Matrix34
        0.965926	0	-0.258819
        0	1	0
        0.258819	0	0.965926
        50.8218	23.8817	24.2366
    }
}
{Volume "fenderl"
    {Box 99.9784 10.3081 0.849272}
    {Bone "body"}
    {Position -0.865602	23.8817	24.8017}
}
{Volume "fenderr1"
    {Box 3.21931 10.3081 0.849272}
    {Bone "body"}
    {Matrix34
        0.965926	0	-0.258819
        0	1	0
        0.258819	0	0.965926
        50.8218	-24.2783	24.2366
    }
}
{Volume "fenderr"
    {Box 99.9784 10.3081 0.849272}
    {Bone "body"}
    {Position -0.865602	-24.239	24.8017}
}
{Volume "fuel1"
    {Box 23.9048 11.6261 14.5995}
    {Bone "body"}
    {Position -33.3772	-11.3328	17.0348}
}
{Volume "hole3"
    {Polyhedron "hole3.vol"}
    {Bone "mgunshield"}
    {Matrix34
        -0.900402	-0.422618	0.103296
        -0.419864	0.906308	0.0481682
        -0.113975	0	-0.993484
        5.70755	-2.51598	0.126038
    }
}
{Volume "hole1"
    {Polyhedron "hole1.vol"}
    {Bone "trackl"}
}
{Volume "trackleft"
    {Polyhedron "trackleft.vol"}
    {Bone "trackl"}
}
{Volume "trackright"
    {Polyhedron "trackright.vol"}
    {Bone "trackr"}
}
{Volume "hole2"
    {Polyhedron "hole2.vol"}
    {Bone "trackr"}
}
{Volume "mantlet1"
    {Polyhedron "mantlet1.vol"}
    {Bone "gun_rot"}
    {Matrix34
        0.982822	0	0.184559
        0	1	0
        -0.184559	0	0.982822
        3.52627	-0.200854	-5.91499
    }
}
{Volume "mantlet2"
    {Polyhedron "mantlet2.vol"}
    {Bone "gun_rot"}
    {Position -12.1528	2.39216	-31.4101}
}
{Volume "mantlet3"
    {Polyhedron "mantlet3.vol"}
    {Bone "gun_rot"}
    {Position -12.1528	2.39216	-31.4101}
}
{Volume "mgunshield1"
    {Polyhedron "mgunshield1.vol"}
    {Bone "mgunshield"}
    {Position 5.23301	-3.8147e-05	0.387573}
}
{Volume "mgunshield2"
    {Box 0.231468 6.38452 2.0133}
    {Bone "mgunshield"}
    {Matrix34
        -0.113975	0	-0.993484
        0	1	0
        0.993484	0	-0.113975
        -0.92177	-5.0753	0.0903329
    }
}
{Volume "shieldl1"
    {Box 24.5279 19.6189 0.544962}
    {Bone "shieldl1"}
    {Matrix34
        0	-0.150963	-0.98854
        1	0	0
        0	-0.98854	0.150963
        -0.145111	0.114019	-0.0741457
    }
}
{Volume "shieldl2"
    {Box 24.7707 19.0324 0.544962}
    {Bone "shieldl2"}
    {Matrix34
        0	-0.150963	-0.98854
        1	0	0
        0	-0.98854	0.150963
        0.0656128	0.107991	-0.00303975
    }
}
{Volume "shieldl3"
    {Box 24.7707 19.0324 0.544962}
    {Bone "shieldl3"}
    {Matrix34
        0	-0.150963	-0.98854
        1	0	0
        0	-0.98854	0.150963
        0.0476837	0.221975	-0.00303975
    }
}
{Volume "shieldl4"
    {Box 24.7707 19.0324 0.544962}
    {Bone "shieldl4"}
    {Matrix34
        0	-0.150963	-0.98854
        1	0	0
        0	-0.98854	0.150963
        0.0902558	0.149953	-0.00303975
    }
}
{Volume "shieldl5"
    {Box 24.7707 19.0324 0.544962}
    {Bone "shieldl5"}
    {Matrix34
        0	-0.150963	-0.98854
        1	0	0
        0	-0.98854	0.150963
        0.0737	0.254934	-0.00303975
    }
}
{Volume "shieldr1"
    {Box 24.5279 19.6189 0.544962}
    {Bone "shieldr1"}
    {Matrix34
        0	0.149326	-0.988788
        1	0	0
        0	-0.988788	-0.149326
        -0.145111	0.161177	-0.129266
    }
}
{Volume "shieldr2"
    {Box 24.7707 19.0324 0.544962}
    {Bone "shieldr2"}
    {Matrix34
        0	0.149326	-0.988788
        1	0	0
        0	-0.988788	-0.149326
        -0.0360108	0.305983	-0.0542688
    }
}
{Volume "shieldr3"
    {Box 24.7707 19.0324 0.544962}
    {Bone "shieldr3"}
    {Matrix34
        0	0.149326	-0.988788
        1	0	0
        0	-0.988788	-0.149326
        -0.0364971	0.0860274	-0.0542688
    }
}
{Volume "shieldr4"
    {Box 24.7707 19.0324 0.544962}
    {Bone "shieldr4"}
    {Matrix34
        0	0.149326	-0.988788
        1	0	0
        0	-0.988788	-0.149326
        0.0891876	-0.0899827	-0.0483942
    }
}
{Volume "shieldr5"
    {Box 24.7707 19.0324 0.544962}
    {Bone "shieldr5"}
    {Matrix34
        0	0.149326	-0.988788
        1	0	0
        0	-0.988788	-0.149326
        0.0736999	0.343977	-0.0542688
    }
}
{Volume "trackleft10"
    {Cylinder 7.0978 5.79731}
    {Bone "wheell10"}
    {Matrix34
        1	0	0
        0	-1	0
        0	0	-1
        0.00930786	-0.00373746	0.251828
    }
}
{Volume "trackleft1"
    {Cylinder 7.88644 5.79731}
    {Bone "wheell1"}
    {Position -0.00305176	-0.00762939	-0.0201612}
}
{Volume "trackleft2"
    {Cylinder 4.64748 5.21758}
    {Bone "wheell2"}
    {Matrix34
        1	0	0
        0	-1	0
        0	0	-1
        -0.00137329	0.00335826	-0.234235
    }
}
{Volume "trackleft3"
    {Cylinder 4.64748 5.21758}
    {Bone "wheell3"}
    {Matrix34
        1	0	0
        0	-1	0
        0	0	-1
        0.00427246	0.00335826	-0.234235
    }
}
{Volume "trackleft4"
    {Cylinder 4.64748 5.21758}
    {Bone "wheell4"}
    {Matrix34
        1	0	0
        0	-1	0
        0	0	-1
        -0.00236511	0.00335826	-0.234235
    }
}
{Volume "trackleft5"
    {Cylinder 4.64748 5.21758}
    {Bone "wheell5"}
    {Matrix34
        1	0	0
        0	-1	0
        0	0	-1
        0.00217438	0.00335826	-0.234235
    }
}
{Volume "trackleft6"
    {Cylinder 4.64748 5.21758}
    {Bone "wheell6"}
    {Matrix34
        1	0	0
        0	-1	0
        0	0	-1
        -0.00701904	0.00335826	-0.234235
    }
}
{Volume "trackleft7"
    {Cylinder 4.64748 5.21758}
    {Bone "wheell7"}
    {Matrix34
        1	0	0
        0	-1	0
        0	0	-1
        0.00858307	0.00335826	-0.234235
    }
}
{Volume "trackleft8"
    {Cylinder 4.64748 5.21758}
    {Bone "wheell8"}
    {Matrix34
        1	0	0
        0	-1	0
        0	0	-1
        0.00106812	0.00435008	-0.234235
    }
}
{Volume "trackleft9"
    {Cylinder 4.64748 5.21758}
    {Bone "wheell9"}
    {Matrix34
        1	0	0
        0	-1	0
        0	0	-1
        0.00549316	0.00335826	-0.234235
    }
}
{Volume "trackright10"
    {Cylinder 7.0978 5.79731}
    {Bone "wheelr10"}
    {Matrix34
        1	0	0
        0	-1	0
        0	0	-1
        0.00930786	-0.00366116	-1.38372
    }
}
{Volume "trackright1"
    {Cylinder 7.88644 5.79731}
    {Bone "wheelr1"}
    {Matrix34
        1	0	0
        0	-1	0
        0	0	-1
        -0.00305176	-0.00755216	0.018292
    }
}
{Volume "trackright2"
    {Cylinder 4.64748 5.21758}
    {Bone "wheelr2"}
    {Matrix34
        1	0	0
        0	-1	0
        0	0	-1
        -0.00137329	0.00328149	0.323187
    }
}
{Volume "trackright3"
    {Cylinder 4.64748 5.21758}
    {Bone "wheelr3"}
    {Matrix34
        1	0	0
        0	-1	0
        0	0	-1
        0.00427246	0.00328149	0.323187
    }
}
{Volume "trackright4"
    {Cylinder 4.64748 5.21758}
    {Bone "wheelr4"}
    {Matrix34
        1	0	0
        0	-1	0
        0	0	-1
        -0.00236511	0.00328149	0.295187
    }
}
{Volume "trackright5"
    {Cylinder 4.64748 5.21758}
    {Bone "wheelr5"}
    {Matrix34
        1	0	0
        0	-1	0
        0	0	-1
        0.00217438	0.00328149	0.323187
    }
}
{Volume "trackright6"
    {Cylinder 4.64748 5.21758}
    {Bone "wheelr6"}
    {Matrix34
        1	0	0
        0	-1	0
        0	0	-1
        -0.00701904	0.00328149	0.323187
    }
}
{Volume "trackright7"
    {Cylinder 4.64748 5.21758}
    {Bone "wheelr7"}
    {Matrix34
        1	0	0
        0	-1	0
        0	0	-1
        0.00858307	0.00328149	0.323187
    }
}
{Volume "trackright8"
    {Cylinder 4.64748 5.21758}
    {Bone "wheelr8"}
    {Matrix34
        1	0	0
        0	-1	0
        0	0	-1
        0.00106812	0.00328149	0.323187
    }
}
{Volume "trackright9"
    {Cylinder 4.64748 5.21758}
    {Bone "wheelr9"}
    {Matrix34
        1	0	0
        0	-1	0
        0	0	-1
        0.00549316	0.00328149	0.323187
    }
}
{Volume "transmission"
    {Cylinder 5.46731 35.3632}
    {Bone "transmission"}
    {Matrix34
        1	0	0
        0	0	1
        0	-1	0
        42.3318	-0.0301666	15.2975
    }
}
