;Exported by: Juliy
;Date:        Mon Nov 01 10:15:53 2010
;File:        D:\^4VxC^0Control\3Dmodeli\cv_xx.max
{Skeleton
	{bone revolute "basis"
		{Orientation
			1	0	0
			0	-1	0
			0	0	1
		}
		{bone "body"
			{parameters "ID=body;"}
			{Matrix34
				0.99825	-0.0563695	-0.0178695
				0.0569116	0.997884	0.0314351
				0.0160597	-0.0323971	0.999346
				2.00842	0.347395	17.6603
			}
			{VolumeView "body.ply"}
			{bone revolute "gun_turret"
				{parameters "ID=turret;"}
				{limits -10 10}
				{speed 0.01}
				{Position 9.87465	7.25742	5.34155}
				{bone revolute "gun_rot1"
					{parameters "ID=mgun;"}
					{limits -5 5}
					{speed 0.01}
					{Matrix34
						0.968282	-0.0084724	-0.249715
						-0.243525	-0.255605	-0.935608
						-0.0559011	0.966744	-0.249561
						4.41314	-0.415174	-0.263664
					}
					{VolumeView "gun.ply"}
				}
			}
			{bone revolute "wheelr1"
				{parameters "ID=trackright;"}
				{Matrix34
					-0.998045	-0.0618314	0.00915373
					0.00753613	0.0263437	0.999625
					-0.0620492	0.997739	-0.0258263
					35.4459	-13.573	-5.49179
				}
				{VolumeView "wheelr1.ply"}
			}
			{bone revolute "wheelr9"
				{parameters "ID=trackright;"}
				{Matrix34
					-0.998045	-0.0618314	0.00915373
					0.00753613	0.0263437	0.999625
					-0.0620492	0.997739	-0.0258263
					-33.9923	-16.6819	-8.04485
				}
				{VolumeView "wheelr9.ply"}
			}
			{bone revolute "wheell1"
				{parameters "ID=trackleft;"}
				{Matrix34
					-0.999369	-0.0344796	0.00855627
					0.00751786	0.0301341	0.999518
					-0.0347207	0.998951	-0.0298558
					33.7297	16.5865	-6.49916
				}
				{VolumeView "wheell1.ply"}
			}
			{bone revolute "wheell9"
				{parameters "ID=trackleft;"}
				{Matrix34
					-0.999369	-0.0344796	0.00855627
					0.00751786	0.0301341	0.999518
					-0.0347207	0.998951	-0.0298558
					-35.7012	12.9401	-9.03471
				}
				{VolumeView "wheell9.ply"}
			}
			{bone "cover1"
				{parameters "ID=body;"}
				{Matrix34
					-0.0661688	-0.0115396	-0.997742
					-0.0927508	0.995627	-0.0111565
					0.994989	0.0828872	-0.0559128
					-5.04398	-7.5039	13.7712
				}
				{VolumeView "cover1.ply"}
			}
			{bone "wheelsl"
				{parameters "ID=trackleft;"}
				{Matrix34
					0.999518	0.0300143	-0.00798547
					-0.0302561	0.999026	-0.0321128
					0.00701384	0.0323388	0.999452
					-5.19412	13.7544	-9.20516
				}
				{VolumeView "wheelsl.ply"}
				{bone revolute "wheell2"
					{parameters "ID=trackleft;"}
					{Matrix34
						-0.99999	-0.00448479	0
						0	-0.00223158	0.999998
						-0.00448479	0.999988	0.00223151
						23.9973	1.03999	-4.99065
					}
					{VolumeView "wheell2.ply"}
				}
				{bone revolute "wheell3"
					{parameters "ID=trackleft;"}
					{Matrix34
						-0.99999	-0.00448479	0
						0	-0.00223158	0.999998
						-0.00448479	0.999988	0.00223151
						16.5541	0.902969	-4.96815
					}
					{VolumeView "wheell3.ply"}
				}
				{bone revolute "wheell4"
					{parameters "ID=trackleft;"}
					{Matrix34
						-0.99999	-0.00448479	0
						0	-0.00223158	0.999998
						-0.00448479	0.999988	0.00223151
						9.94726	0.7809	-4.94889
					}
					{VolumeView "wheell4.ply"}
				}
				{bone revolute "wheell6"
					{parameters "ID=trackleft;"}
					{Matrix34
						-0.99999	-0.00448479	0
						0	-0.00223158	0.999998
						-0.00448479	0.999988	0.00223151
						-8.11984	0.446794	-4.89722
					}
					{VolumeView "wheell6.ply"}
				}
				{bone revolute "wheell7"
					{parameters "ID=trackleft;"}
					{Matrix34
						-0.99999	-0.00448479	0
						0	-0.00223158	0.999998
						-0.00448479	0.999988	0.00223151
						-15.6157	0.308053	-4.87574
					}
					{VolumeView "wheell7.ply"}
				}
				{bone revolute "wheell5"
					{parameters "ID=trackleft;"}
					{Matrix34
						-0.99999	-0.00448479	0
						0	-0.00223158	0.999998
						-0.00448479	0.999988	0.00223151
						-1.31247	0.572164	-4.91654
					}
					{VolumeView "wheell5.ply"}
				}
				{bone revolute "wheell8"
					{parameters "ID=trackleft;"}
					{Matrix34
						-0.99999	-0.00448479	0
						0	-0.00223158	0.999998
						-0.00448479	0.999988	0.00223151
						-21.6655	0.19363	-4.39256
					}
					{VolumeView "wheell8.ply"}
				}
				{bone "trackl"
					{parameters "ID=trackleft;"}
					{Matrix34
						0.999643	0.0267254	0
						-6.57625e-005	0.00246606	0.999997
						0.0267253	-0.99964	0.00246704
						4.2223	0.747375	0.172057
					}
					{VolumeView "trackl.ply"}
				}
			}
			{bone "wheelsr"
				{parameters "ID=trackright;"}
				{Matrix34
					0.999518	0.0300143	-0.00798547
					-0.0302561	0.999026	-0.0321128
					0.00701384	0.0323388	0.999452
					-3.59021	-14.8827	-8.21233
				}
				{VolumeView "wheelsr.ply"}
				{bone revolute "wheelr2"
					{parameters "ID=trackright;"}
					{Matrix34
						-0.999492	-0.0318685	-0.000277841
						-8.60151e-005	-0.0060219	0.999982
						-0.0318696	0.999474	0.00601601
						24.0823	0.244246	-5.02562
					}
					{VolumeView "wheelr2.ply"}
				}
				{bone revolute "wheelr3"
					{parameters "ID=trackright;"}
					{Matrix34
						-0.999492	-0.0318685	-0.000277841
						-8.60151e-005	-0.0060219	0.999982
						-0.0318696	0.999474	0.00601601
						16.6387	0.107536	-5.00314
					}
					{VolumeView "wheelr3.ply"}
				}
				{bone revolute "wheelr4"
					{parameters "ID=trackright;"}
					{Matrix34
						-0.999492	-0.0318685	-0.000277841
						-8.60151e-005	-0.0060219	0.999982
						-0.0318696	0.999474	0.00601601
						10.033	-0.0134306	-4.98361
					}
					{VolumeView "wheelr4.ply"}
				}
				{bone revolute "wheelr7"
					{parameters "ID=trackright;"}
					{Matrix34
						-0.999492	-0.0318685	-0.000277841
						-8.60151e-005	-0.0060219	0.999982
						-0.0318696	0.999474	0.00601601
						-15.5327	-0.487326	-4.90907
					}
					{VolumeView "wheelr7.ply"}
				}
				{bone revolute "wheelr5"
					{parameters "ID=trackright;"}
					{Matrix34
						-0.999492	-0.0318685	-0.000277841
						-8.60151e-005	-0.0060219	0.999982
						-0.0318696	0.999474	0.00601601
						-1.22958	-0.222567	-4.9504
					}
					{VolumeView "wheelr5.ply"}
				}
				{bone revolute "wheelr6"
					{parameters "ID=trackright;"}
					{Matrix34
						-0.999492	-0.0318685	-0.000277841
						-8.60151e-005	-0.0060219	0.999982
						-0.0318696	0.999474	0.00601601
						-8.03542	-0.349524	-4.93104
					}
					{VolumeView "wheelr6.ply"}
				}
				{bone revolute "wheelr8"
					{parameters "ID=trackright;"}
					{Matrix34
						-0.99999	-0.00448479	0
						0	-0.00223158	0.999998
						-0.00448479	0.999988	0.00223151
						-21.5777	-0.611358	-4.42561
					}
					{VolumeView "wheelr8.ply"}
				}
				{bone "trackr"
					{parameters "ID=trackright;"}
					{Matrix34
						0.999643	0.0267255	0
						5.22193e-005	-0.00195407	0.999998
						-0.0267256	0.999641	0.00195466
						4.27678	-0.11776	0.094594
					}
					{VolumeView "trackr.ply"}
				}
			}
		}
	}
}
