;Exported by:	 marc-
;Date:			 15.10.2023 00:20:21
;File:			 C:\Users\marc-\Desktop\trench_dirt_Mortar.max
{skeleton
	{bone "trench001"
		{parameters "commonmesh;land;align;"}
		{orientation
			1 	 0 	 0
			0 	 -1 	 0
			0 	 0 	 1
		}
		{VolumeView "trench001.ply"}
		{bone "piece01"
			{Position -74.6084 	 -12.3736 	 -0.0229}
			{VolumeView "piece01.ply"}
		}
		{bone "piece02"
			{Position -82.0272 	 3.1836 	 -0.5138}
			{VolumeView "piece02.ply"}
		}
		{bone "piece03"
			{Position -78.7876 	 -3.5618 	 -0.7648}
			{VolumeView "piece03.ply"}
		}
		{bone "piece04"
			{Position 29.9713 	 1.6282 	 1.7652}
			{VolumeView "piece04.ply"}
		}
		{bone "piece06"
			{Position 14.9243 	 19.8983 	 0.0179}
			{VolumeView "piece06.ply"}
		}
		{bone "piece07"
			{Position 8.7324 	 44.4745 	 8.5075}
			{VolumeView "piece07.ply"}
		}
		{bone "piece08"
			{Position 11.7084 	 -38.2622 	 4.8178}
			{VolumeView "piece08.ply"}
		}
		{bone "piece09"
			{Position -4.0918 	 53.3825 	 4.2463}
			{VolumeView "piece09.ply"}
		}
		{bone "piece10"
			{Position -77.1048 	 -43.811 	 5.5}
			{VolumeView "piece10.ply"}
		}
		{bone "piece11"
			{Position -100.507 	 -26.3674 	 5.109}
			{VolumeView "piece11.ply"}
		}
		{bone "piece12"
			{Position -67.7025 	 -53.1127 	 5.814}
			{VolumeView "piece12.ply"}
		}
		{bone "piece13"
			{Position -102.057 	 33.1208 	 5.4101}
			{VolumeView "piece13.ply"}
		}
		{bone "piece14"
			{Position -39.8607 	 -34.7817 	 2.2974}
			{VolumeView "piece14.ply"}
		}
		{bone "piece15"
			{Position -32.5629 	 -34.1858 	 4.2233}
			{VolumeView "piece15.ply"}
		}
		{bone "piece16"
			{Position -25.8324 	 -35.1646 	 5.287}
			{VolumeView "piece16.ply"}
		}
		{bone "piece05"
			{Position 49.5691 	 9.7241 	 0.9268}
			{VolumeView "piece05.ply"}
		}
	}
}
{area "cut"
	{polygon2
		{radius 0}
		{vertex -12.1042 46.9285}
		{vertex -36.5241 52.5161}
		{vertex -59.0387 52.2037}
		{vertex -92.4183 29.539}
		{vertex -99.2711 -12.7512}
		{vertex -81.2796 -38.9736}
		{vertex -55.7366 -52.2126}
		{vertex -19.1051 -50.1142}
		{vertex 49.6933 -29.5099}
		{vertex 79.0767 -18.5258}
		{vertex 78.84 14.5836}
		{vertex 50.2627 27.2919}
	}
	{rotate}
}
{volume "piece01"
	{box 31.2487 3.51675 1.48559}
	{bone "piece01"}
	{matrix34
		0.9977 	 0.0237 	 -0.0635
		-0.032 	 0.9907 	 -0.1326
		0.0597 	 0.1343 	 0.9891
		-0.0168 	 0.1622 	 -0.0528
	}
}
{volume "piece02"
	{box 31.2487 3.51675 1.48559}
	{bone "piece02"}
	{matrix34
		0.998 	 0.0529 	 -0.0339
		-0.0527 	 0.9986 	 0.0069
		0.0342 	 -0.0051 	 0.9994
		-0.1894 	 -0.0942 	 -0.2982
	}
}
{volume "piece03"
	{box 31.2487 3.51675 1.48559}
	{bone "piece03"}
	{matrix34
		0.9988 	 -0.0343 	 -0.0339
		0.0346 	 0.9994 	 0.0069
		0.0336 	 -0.0081 	 0.9994
		-0.0019 	 -0.0242 	 0.4613
	}
}
{volume "piece04"
	{box 31.2487 3.51675 1.48559}
	{bone "piece04"}
	{matrix34
		0.8444 	 -0.5291 	 0.0836
		0.5342 	 0.8434 	 -0.0574
		-0.0401 	 0.0931 	 0.9948
		-0.0981 	 -0.2136 	 0.1634
	}
}
{volume "piece05"
	{box 31.2487 3.51675 1.48559}
	{bone "piece05"}
	{matrix34
		0.956 	 0.0082 	 0.2933
		-0.0784 	 0.9704 	 0.2284
		-0.2828 	 -0.2414 	 0.9283
		0.143 	 0.0279 	 0.2644
	}
}
{volume "piece06"
	{box 31.2487 3.51675 1.48559}
	{bone "piece06"}
	{matrix34
		0.8943 	 -0.4469 	 0.0214
		0.4332 	 0.877 	 0.208
		-0.1117 	 -0.1768 	 0.9779
		0.3863 	 -0.011 	 -0.0726
	}
}
{volume "piece07"
	{box 16.9578 12.6364 3.44435}
	{bone "piece07"}
	{matrix34
		0.4258 	 -0.9007 	 -0.0863
		0.895 	 0.4333 	 -0.106
		0.1329 	 -0.0321 	 0.9906
		-0.6305 	 -0.5095 	 -0.0364
	}
}
{volume "piece08"
	{box 16.9578 12.6364 3.44435}
	{bone "piece08"}
	{matrix34
		-0.8435 	 -0.5234 	 0.1206
		0.4402 	 -0.8023 	 -0.403
		0.3077 	 -0.2869 	 0.9072
		0.4103 	 0.0168 	 0.4044
	}
}
{volume "piece09"
	{box 16.9578 12.6364 3.44435}
	{bone "piece09"}
	{matrix34
		0.9076 	 -0.4162 	 0.0562
		0.4195 	 0.9044 	 -0.078
		-0.0184 	 0.0944 	 0.9954
		-0.2365 	 -0.4848 	 0.515
	}
}
{volume "piece10"
	{box 16.9578 12.6364 3.44435}
	{bone "piece10"}
	{matrix34
		-0.3981 	 -0.9166 	 -0.0377
		0.9142 	 -0.393 	 -0.099
		0.076 	 -0.0739 	 0.9944
		-0.0879 	 0.5562 	 0.548
	}
}
{volume "piece11"
	{box 16.9578 12.6364 3.44435}
	{bone "piece11"}
	{matrix34
		0.5746 	 -0.8126 	 -0.0974
		0.811 	 0.5493 	 0.2014
		-0.1101 	 -0.1947 	 0.9747
		0.4464 	 0.093 	 0.0234
	}
}
{volume "piece12"
	{box 16.9578 12.6364 3.44435}
	{bone "piece12"}
	{matrix34
		-0.0847 	 -0.9813 	 -0.1728
		0.9957 	 -0.0766 	 -0.0527
		0.0385 	 -0.1765 	 0.9835
		-0.2175 	 -0.7833 	 -0.0503
	}
}
{volume "piece13"
	{box 16.9578 12.6364 3.44435}
	{bone "piece13"}
	{matrix34
		0.6981 	 0.6982 	 -0.1586
		-0.7157 	 0.6741 	 -0.1826
		-0.0206 	 0.241 	 0.9703
		0.5883 	 0.5207 	 -0.2852
	}
}
{volume "piece14"
	{box 31.2487 3.51675 1.48559}
	{bone "piece14"}
	{matrix34
		-0.1826 	 0.9784 	 -0.0966
		-0.9323 	 -0.2035 	 -0.299
		-0.3122 	 0.0355 	 0.9493
		0.0179 	 -0.4508 	 -0.0055
	}
}
{volume "piece15"
	{box 31.2487 3.51675 1.48559}
	{bone "piece15"}
	{matrix34
		-0.0633 	 0.9972 	 -0.0395
		-0.9401 	 -0.0728 	 -0.3331
		-0.3351 	 0.016 	 0.9421
		-0.0351 	 -0.705 	 -0.0055
	}
}
{volume "piece16"
	{box 31.2487 3.51675 1.48559}
	{bone "piece16"}
	{matrix34
		-0.182 	 0.9776 	 -0.1057
		-0.9243 	 -0.2068 	 -0.3209
		-0.3355 	 0.0393 	 0.9412
		0.001 	 -0.1694 	 0.2662
	}
}