;Exported by:	 guita
;Date:			 15.05.2021 19:24:03
;File:			 D:\GIT\GoH_3D_vehicles_ger\vehicles\btr\sdkfz251\SdKfz 251_ะก_xx.max
{skeleton
	{bone "basis"
		{orientation
			1 	 0 	 0
			0 	 -1 	 0
			0 	 0 	 1
		}
		{bone "body"
			{parameters "id=body;"}
			{Position 0.0597 	 0 	 22.1654}
			{VolumeView "body.ply"}
		}
		{bone "part9"
			{parameters "id=engine;"}
			{matrix34
				0.9786 	 -0.1546 	 -0.1361
				-0.2021 	 -0.8481 	 -0.4898
				-0.0397 	 0.5068 	 -0.8612
				33.2938 	 11.4443 	 28.2226
			}
			{VolumeView "part9.ply"}
		}
		{bone "part10"
			{parameters "id=engine;"}
			{matrix34
				0.9999 	 0 	 -0.0169
				0 	 1 	 0
				0.0169 	 0 	 0.9999
				33.39 	 -11.4848 	 28.8085
			}
			{VolumeView "part10.ply"}
		}
		{bone revolute "part1"
			{parameters "id=wheelleft1;"}
			{matrix34
				-1 	 0 	 0
				0 	 0 	 1
				0 	 1 	 0
				45.1548 	 17.126 	 8.9024
			}
			{VolumeView "part1.ply"}
		}
		{bone revolute "part2"
			{parameters "id=wheelright1;"}
			{matrix34
				1 	 0 	 0
				0 	 0 	 -1
				0 	 1 	 0
				45.1548 	 -17.126 	 8.9024
			}
			{VolumeView "part2.ply"}
		}
		{bone "part3"
			{parameters "id=body;"}
			{matrix34
				-0.2202 	 -0.9755 	 0
				0.9755 	 -0.2202 	 0
				0 	 0 	 1
				-53.8583 	 12.0276 	 24.1535
			}
			{VolumeView "part3.ply"}
		}
		{bone revolute "part4"
			{parameters "id=trackleft;"}
			{matrix34
				1 	 0 	 0
				0 	 0 	 -1
				0 	 1 	 0
				-27.3177 	 16.8191 	 8.4431
			}
			{VolumeView "part4.ply"}
		}
		{bone revolute "part5"
			{parameters "id=trackright;"}
			{matrix34
				1 	 0 	 0
				0 	 -0.0238 	 -0.9997
				0 	 0.9997 	 -0.0238
				-27.3177 	 -18.6776 	 9.208
			}
			{VolumeView "part5.ply"}
		}
		{bone revolute "part6"
			{parameters "id=trackright;"}
			{matrix34
				1 	 0 	 0
				0 	 0 	 -1
				0 	 1 	 0
				-12.6317 	 -16.3959 	 6.4123
			}
			{VolumeView "part6.ply"}
		}
		{bone "part7"
			{parameters "id=body;"}
			{matrix34
				0.9999 	 0 	 -0.0169
				0 	 1 	 0
				0.0169 	 0 	 0.9999
				-58.3077 	 -6.8422 	 24.3217
			}
			{VolumeView "part7.ply"}
		}
		{bone "pivot_back"
			{Position -12.6424 	 0 	 8.5039}
		}
		{bone "pivot_front"
			{Position 35.315 	 0 	 8.5039}
		}
	}
}
{volume "body1"
	{polyhedron "body1.vol"}
	{bone "body"}
	{matrix34
		0.9999 	 0 	 -0.0169
		0.0169 	 0 	 0.9999
		0 	 -1 	 0
		-4.1861 	 0 	 -12.8322
	}
}
{volume "body2"
	{polyhedron "body2.vol"}
	{bone "body"}
	{matrix34
		-0.9999 	 0 	 0.0169
		0.0169 	 0 	 0.9999
		0 	 1 	 0
		-19.8428 	 0 	 1.3214
	}
}
{volume "engine1"
	{polyhedron "engine1.vol"}
	{bone "body"}
	{matrix34
		0.9999 	 0 	 -0.0169
		0 	 1 	 0
		0.0169 	 0 	 0.9999
		35.7827 	 0 	 -4.5746
	}
}
{volume "engine2"
	{polyhedron "engine2.vol"}
	{bone "body"}
	{matrix34
		0.9999 	 0 	 -0.0169
		0 	 1 	 0
		0.0169 	 0 	 0.9999
		33.0911 	 -0.0033 	 1.2736
	}
}
{volume "hole1"
	{polyhedron "hole1.vol"}
	{bone "body"}
	{matrix34
		0.9999 	 0 	 -0.0169
		0.0169 	 0 	 0.9999
		0 	 -1 	 0
		-19.1667 	 -0.003 	 2.4496
	}
}
{volume "hole2"
	{box 9.34665 21.2565 18.8644}
	{bone "body"}
	{matrix34
		0.9999 	 0 	 -0.0169
		0 	 1 	 0
		0.0169 	 0 	 0.9999
		-51.3929 	 0 	 1.9691
	}
}
{volume "part10"
	{box 16.332 9.4204 0.393701}
	{bone "part10"}
	{matrix34
		0.9297 	 0.3321 	 -0.1592
		-0.3643 	 0.7665 	 -0.5289
		-0.0536 	 0.5497 	 0.8336
		0 	 0 	 0
	}
}
{volume "part1"
	{cylinder 8.7368 4.40872}
	{bone "part1"}
	{Position 0.1221 	 -0.3515 	 -0.4307}
}
{volume "part2"
	{cylinder 8.7368 4.40872}
	{bone "part2"}
	{matrix34
		-1 	 0 	 0
		0 	 -1 	 0
		0 	 0 	 1
		-0.1221 	 0 	 0.4673
	}
}
{volume "part3"
	{polyhedron "part3.vol"}
	{bone "part3"}
	{matrix34
		-0.9997 	 -0.0245 	 -0.0033
		-0.0037 	 0.0163 	 0.9999
		-0.0244 	 0.9996 	 -0.0163
		1.1426 	 -6.6023 	 -0.2339
	}
}
{volume "part4"
	{cylinder 6.02538 4.69005}
	{bone "part4"}
	{matrix34
		-1 	 0 	 0
		0 	 -1 	 0
		0 	 0 	 1
		0.1783 	 -0.1355 	 0.118
	}
}
{volume "part5"
	{cylinder 5.84642 4.69005}
	{bone "part5"}
	{matrix34
		-1 	 0 	 0
		0 	 -0.9997 	 -0.0238
		0 	 -0.0238 	 0.9997
		-0.0496 	 -0.0525 	 -0.2326
	}
}
{volume "part6"
	{cylinder 6.02538 4.59626}
	{bone "part6"}
	{matrix34
		-1 	 0 	 0
		0 	 -1 	 0
		0 	 0 	 1
		-0.0267 	 0 	 -0.071
	}
}
{volume "part7"
	{polyhedron "part7.vol"}
	{bone "part7"}
	{matrix34
		-0.6026 	 -0.798 	 0.0067
		-0.0067 	 0.0134 	 0.9999
		-0.798 	 0.6025 	 -0.0134
		0 	 0 	 0
	}
}
{volume "part9"
	{box 16.332 9.4204 0.393701}
	{bone "part9"}
	{matrix34
		0.9828 	 0.1809 	 -0.0363
		-0.1823 	 0.9823 	 -0.042
		0.0281 	 0.0479 	 0.9985
		0 	 0 	 0
	}
}
{volume "trackleft"
	{box 67.9357 5.06091 12.0353}
	{bone "body"}
	{Position -6.9908 	 15.9928 	 -15.5344}
}
{volume "trackright"
	{box 67.9357 5.06091 11.6814}
	{bone "body"}
	{Position -6.9908 	 -15.9964 	 -15.5922}
}
