;Exported by: Normand
;Date:        Sun Apr 16 17:03:03 2017
;File:        C:\Users\Normand\bedford2_xx.max
{Skeleton
	{bone "basis"
		{parameters "WheelRadius=0.3;"}
		{Orientation
			1	0	0
			0	-1	0
			0	0	1
		}
		{bone "body"
			{parameters "ID=body;"}
			{Matrix34
				0.999443	0.00118208	-0.0333423
				0	0.999372	0.0354308
				0.0333632	-0.0354111	0.998816
				2.40152	0.00862253	25.5338
			}
			{VolumeView "body.ply"}
			{bone "cabin"
				{parameters "ID=cabin;"}
				{Matrix34
					0.998874	0.00408769	-0.0472712
					-0.00591651	0.999237	-0.0386129
					0.0470772	0.0388491	0.998136
					37.2892	0.0760249	-3.02653
				}
				{VolumeView "cabin.ply"}
				{bone "seat_driver"
					{Position -4.09418	9.14672	6.66657}
				}
				{bone "seat_commander"
					{Position -4.09418	-9.40378	6.63088}
				}
				{bone revolute "steer"
					{Matrix34
						0.876576	0	0.481264
						0	-1	0
						-0.481264	0	0.876576
						5.96383	-8.18835	10.7516
					}
					{VolumeView "wheel_steer.ply"}
				}
				{bone "doorr"
					{Matrix34
						0.258819	0.965926	0
						-0.965926	0.258819	0
						0	0	1
						10.4433	-13.7972	5.9592
					}
					{VolumeView "doorr.ply"}
				}
				{bone "seat_cabin"
					{parameters "ID=body;"}
					{Position -3.9972	0.0385125	5.84112}
					{VolumeView "seat_cabin.ply"}
				}
				{bone "doorl"
					{Position 10.4433	13.7811	5.95921}
					{VolumeView "doorl.ply"}
				}
				{bone "glass_1"
					{parameters "ID=glass;"}
					{Matrix34
						0	-1	0
						-0.290359	0	0.956918
						-0.956918	0	-0.290359
						10.4095	6.68538	15.0962
					}
				}
				{bone "glass_2"
					{parameters "ID=glass;"}
					{Matrix34
						0	-1	0
						-0.290359	0	0.956918
						-0.956918	0	-0.290359
						10.4095	-6.68248	15.0962
					}
				}
			}
			{bone "fuel"
				{Matrix34
					0	1	0
					-1	0	0
					0	0	1
					22.5951	11.2028	-6.79813
				}
			}
			{bone "engine"
				{Position 44.0563	0.0342842	-7.64388}
			}
		}
		{bone "pivot_back"
			{Position -29.2806	0.00862241	9.66626}
			{VolumeView "pivot_back.ply"}
			{bone revolute "wheelr2"
				{Matrix34
					-1	0	0
					0	0	1
					0	1	0
					-8.7738e-005	-16.6791	6.67572e-005
				}
				{VolumeView "wheelr2.ply"}
			}
			{bone revolute "wheell2"
				{Matrix34
					-1	0	0
					0	0	1
					0	1	0
					-8.7738e-005	16.6791	6.67572e-005
				}
				{VolumeView "wheell2.ply"}
			}
		}
		{bone "pivot_front"
			{Position 40.3749	0.0086265	9.66626}
			{VolumeView "pivot_front.ply"}
			{bone revolute "steerl"
				{Matrix34
					1	0	0
					0	-1	0
					0	0	1
					0.0116501	13.7793	-9.66626
				}
				{bone revolute "wheell1"
					{Matrix34
						-1	0	0
						0	0	1
						0	-1	0
						-0.0117531	-2.89982	9.66634
					}
					{VolumeView "wheell1.ply"}
				}
			}
			{bone revolute "steerr"
				{Matrix34
					1	0	0
					0	-1	0
					0	0	1
					0.0164566	-13.7751	-9.66626
				}
				{bone revolute "wheelr1"
					{Matrix34
						-1	0	0
						0	0	1
						0	-1	0
						-0.0165672	2.90395	9.66633
					}
					{VolumeView "wheelr1.ply"}
				}
			}
		}
	}
}
{Volume "body"
	{Box 108.278 23.9239 4.5}
	{Bone "body"}
	{Position -1.82062	-0.212769	-10.7167}
}
{Volume "bodyback"
	{Box 74.6755 42.0169 10.3132}
	{Bone "body"}
	{Position -19.5478	-0.0909295	-2.2757}
}
{Volume "cabin"
	{Polyhedron "cabin.vol"}
	{Bone "cabin"}
	{Position 7.39642	-0.131912	-10.5732}
}
{Volume "engine"
	{Polyhedron "engine.vol"}
	{Bone "engine"}
	{Position 7.77285	-0.141947	-2.89961}
}
{Volume "wheelleft1"
	{Cylinder 9.75 5}
	{Bone "wheell1"}
	{Matrix34
		-1	0	0
		0	1	0
		0	0	-1
		-0.013891	0.00588348	-0.170366
	}
}
{Volume "wheelleft2"
	{Cylinder 9.75 5}
	{Bone "wheell2"}
	{Matrix34
		-1	0	0
		0	1	0
		0	0	-1
		-0.00577213	0.00588967	-0.170368
	}
}
{Volume "wheelright1"
	{Cylinder 9.75 5}
	{Bone "wheelr1"}
	{Matrix34
		-1	0	0
		0	1	0
		0	0	-1
		-0.0139024	0.00588729	0.360317
	}
}
{Volume "wheelright2"
	{Cylinder 9.75 5}
	{Bone "wheelr2"}
	{Matrix34
		-1	0	0
		0	1	0
		0	0	-1
		-0.00577023	0.00588967	0.360316
	}
}
