;Exported by: Norman
;Date:        Thu Jun 27 07:46:13 2024
;File:        C:\Users\Norman\Documents\3dsmax\scenes\Type98_2_xx.max
{Skeleton
	{bone revolute "basis"
		{speed 0.002}
		{Orientation
			1	0	0
			0	-1	0
			0	0	1
		}
		{bone "body"
			{parameters "ID=body;"}
			{Matrix34
				1	0	0
				0	0.999175	0.0406056
				0	-0.0406056	0.999175
				0.0766335	-0.0578343	-2.91576
			}
			{VolumeView "body.ply"}
			{bone "frontlever1"
				{Position 3.32071	-0.00387149	11.404}
				{VolumeView "frontlever1.ply"}
			}
			{bone "rearleftlever2"
				{Matrix34
					0.897558	-0.440897	0
					0.440897	0.897558	0
					0	0	1
					-4.24508	2.08168	8.3385
				}
				{VolumeView "rearleftlever2.ply"}
			}
			{bone "rearrightlever2"
				{Matrix34
					0.876771	0.480907	0
					-0.480908	0.876771	0
					0	0	1
					-4.1255	-2.30868	8.33652
				}
				{VolumeView "rearrightlever2.ply"}
			}
			{bone revolute "turret"
				{parameters "ID=turret;"}
				{Matrix34
					0.999241	0	-0.0389468
					0.00309433	0.996839	0.0793899
					0.0388237	-0.0794501	0.996083
					-0.0318976	0	11.7051
				}
				{VolumeView "turret.ply"}
				{bone revolute "gun_rot"
					{Matrix34
						0.992422	-0.0836691	-0.089989
						0.0985992	0.105218	0.989549
						-0.0733261	-0.990923	0.11267
						-4.80396	0	6.98169
					}
					{VolumeView "gun_rot.ply"}
					{bone "gun"
						{parameters "ID=gun;"}
						{Matrix34
							1	0	0
							0	0	-1
							0	1	0
							9.69141	-0.0238657	-0.000194073
						}
						{VolumeView "gun.ply"}
					}
					{bone "magazine"
						{VolumeView "magazine.ply"}
					}
				}
				{bone "turret_top"
					{Position 0	0	0}
					{VolumeView "turret_top.ply"}
				}
				{bone "vertical__ever"
					{Position -9.31003	3.75722	5.89652}
					{VolumeView "vertical__ever.ply"}
				}
				{bone "object_2"
					{Position -2.98677	2.97813	9.03664}
					{VolumeView "object_2.ply"}
				}
				{bone "object_3"
					{Position -8.73999	2.63083	10.686}
					{VolumeView "object_3.ply"}
				}
				{bone "object_1"
					{Position -0.0249939	2.97789	6.95213}
					{VolumeView "object_1.ply"}
				}
			}
			{bone "rearleftleg"
				{Matrix34
					0.886075	-0.429788	-0.173648
					0.436418	0.899744	0
					0.156239	-0.0757832	0.984808
					-2.38403	1.15869	5.88838
				}
				{VolumeView "rearleftleg.ply"}
				{bone "rearleftlever1"
					{Matrix34
						0.99994	0.0109838	0
						-0.0109838	0.99994	0
						0	0	1
						-4.82213	-0.00439023	0.272842
					}
					{VolumeView "rearleftlever1.ply"}
				}
			}
			{bone "rearrightleg"
				{Matrix34
					0.858891	0.468058	-0.207912
					-0.478515	0.878079	0
					0.182563	0.0994889	0.978148
					-2.31795	-1.28684	6.64996
				}
				{VolumeView "rearrightleg.ply"}
				{bone "rearrightlever1"
					{Matrix34
						0.99995	-0.00997971	0
						0.00997967	0.99995	0
						0	0	1
						-4.738	-0.0217762	-0.529126
					}
					{VolumeView "rearrightlever1.ply"}
				}
			}
			{bone "frontleg"
				{Matrix34
					0.965926	0	0.258819
					0	1	0
					-0.258819	0	0.965926
					2.14727	-0.00031662	6.62184
				}
				{VolumeView "frontleg.ply"}
				{bone "frontlever2"
					{Position 4.53158	-0.0150061	0.113028}
					{VolumeView "frontlever2.ply"}
				}
			}
			{bone "rear_left_leg_3"
				{Position 0.0326049	0	9.5561}
				{VolumeView "rear_left_leg_3.ply"}
			}
			{bone "rear_right_leg_3"
				{Position 0.0299234	0	9.07644}
				{VolumeView "rear_right_leg_3.ply"}
			}
		}
		{bone "pivot_front"
			{Matrix34
				0.486052	0.0354864	-0.873209
				0	0.999175	0.0406056
				0.87393	-0.0197364	0.485651
				2.02392	-6.9604	6.74868
			}
			{VolumeView "pivot_front.ply"}
			{bone revolute "wheelr"
				{Matrix34
					-1	0	0
					0	0	1
					0	1	0
					-2.04068	-2.67365	-2.09117
				}
				{VolumeView "wheelr.ply"}
			}
			{bone revolute "wheell"
				{Matrix34
					-1	0	0
					0	0	1
					0	1	0
					-2.04068	16.4788	-2.09117
				}
				{VolumeView "wheell.ply"}
			}
		}
	}
}
{Volume "body2"
	{Cylinder 1.05421 16}
	{Bone "body"}
	{Matrix34
		1	0	0
		0	0	1
		0	-1	0
		1.94913	-0.0046339	9.66206
	}
}
{Volume "body"
	{Box 5 5 5.5}
	{Bone "body"}
	{Position 0.00713295	0.277139	10.9881}
}
{Volume "gun2"
	{Box 19 4.47837 3}
	{Bone "gun_rot"}
	{Matrix34
		1	0	0
		0	0	-1
		0	1	0
		4.07669	-0.62365	0.0660492
	}
}
{Volume "gun"
	{Cylinder 0.7 23.5}
	{Bone "gun"}
	{Matrix34
		0	-1	0
		0	0	1
		-1	0	0
		11.6319	0.000926959	-0.00129301
	}
}
{Volume "magazine"
	{Polyhedron "magazine.vol"}
	{Bone "magazine"}
	{Matrix34
		0.980286	-0.197583	0
		0	0	-1
		0.197583	0.980286	0
		2.03243	2.85359	-0.0245647
	}
}
{Volume "stand1"
	{Box 20.9662 2 1.5}
	{Bone "frontleg"}
	{Matrix34
		0.963184	0	-0.268843
		0	1	0
		0.268843	0	0.963184
		10.167	-0.00179959	-3.05578
	}
}
{Volume "stand2"
	{Box 20.9662 2 1.5}
	{Bone "rearleftleg"}
	{Matrix34
		-0.968255	-0.00639957	-0.249884
		-0.0147537	-0.996467	0.0826861
		-0.24953	0.0837478	0.964739
		-10.1477	-0.0489532	-2.41828
	}
}
{Volume "stand3"
	{Box 20.9662 2 1.5}
	{Bone "rearrightleg"}
	{Matrix34
		-0.964115	-0.000436615	-0.265483
		0.0254714	-0.995537	-0.0908659
		-0.264259	-0.0943676	0.959824
		-10.2221	-0.0280116	-3.5673
	}
}
{Volume "turret"
	{Polyhedron "turret.vol"}
	{Bone "turret"}
	{Position -2.60176	-0.0359843	1.71539}
}
{Volume "wheelleft"
	{Cylinder 7.7628 1.48568}
	{Bone "wheell"}
	{Matrix34
		-0.762443	-0.647056	0
		-0.647056	0.762443	0
		0	0	-1
		-0.0011409	0.000769212	0.965195
	}
}
{Volume "wheelright"
	{Cylinder 7.7628 1.48568}
	{Bone "wheelr"}
	{Matrix34
		-0.762443	-0.647056	0
		-0.647056	0.762443	0
		0	0	-1
		-0.00114042	0.000769212	-0.964968
	}
}
