;Exported by: Normand
;Date:        Fri May 15 15:24:13 2020
;File:        C:\Users\Normand\leHF1840_xx.max
{Skeleton
	{bone "basis"
		{parameters "WheelRadius=0.3;"}
		{Orientation
			1	0	0
			0	-1	0
			0	0	1
		}
		{bone "pivot_front"
			{Position -0.000866175	0.00771697	11.8523}
			{VolumeView "pivot_front.ply"}
			{bone revolute "wheell"
				{parameters "ID=wheelleft;"}
				{Matrix34
					-1	0	0
					0	0	1
					0	1	0
					0	15.0502	0
				}
				{VolumeView "wheell.ply"}
			}
			{bone revolute "wheelr"
				{parameters "ID=wheelright;"}
				{Matrix34
					-1	0	0
					0	0	1
					0	1	0
					0	-15.0736	0
				}
				{VolumeView "wheelr.ply"}
			}
			{bone "suspension"
				{parameters "ID=body;"}
				{Position 4.30105	0	0.563721}
				{VolumeView "suspension.ply"}
			}
		}
		{bone "body"
			{parameters "ID=body;"}
			{Matrix34
				0.99863	0	-0.052336
				0.00317972	0.998153	0.0606727
				0.0522393	-0.060756	0.996785
				4.30126	0.00771968	10.9051
			}
			{VolumeView "body.ply"}
			{bone "shield1"
				{parameters "ID=shield;"}
				{Position 2.26016	1.15037e-005	-1.04659}
				{VolumeView "shield1.ply"}
				{bone "part3"
					{parameters "ID=shield;"}
					{Position 0.542814	0	-2.26116}
					{VolumeView "shield.ply"}
				}
			}
			{bone "part1"
				{parameters "ID=body;"}
				{Matrix34
					0.987971	0	0.15464
					0	1	0
					-0.15464	0	0.987971
					-5.99496	6.28469	1.60141
				}
				{VolumeView "standl.ply"}
				{bone "standl2"
					{parameters "ID=body;"}
					{Matrix34
						0.958278	-0.282005	0.0466616
						0.283285	0.958749	-0.0234518
						-0.0381233	0.0356918	0.998636
						-51.0575	16.882	0.767583
					}
					{VolumeView "standl2.ply"}
				}
			}
			{bone "part2"
				{parameters "ID=body;"}
				{Matrix34
					0.987971	0	0.15464
					0	1	0
					-0.15464	0	0.987971
					-5.99518	-6.30022	1.6014
				}
				{VolumeView "standr.ply"}
				{bone "standr2"
					{parameters "ID=body;"}
					{Matrix34
						0.956782	0.289439	-0.0281673
						-0.289353	0.957196	0.00715016
						0.0290312	0.00130921	0.999578
						-51.064	-16.8696	0.803174
					}
					{VolumeView "standr2.ply"}
				}
			}
			{bone revolute "turret"
				{parameters "ID=turret;"}
				{limits -20 20}
				{Matrix34
					0.981597	-0.0110865	0.19064
					-0.00407503	0.99687	0.0789542
					-0.190919	-0.0782781	0.97848
					-4.90913	0.0567611	1.49397
				}
				{VolumeView "turret.ply"}
				{bone revolute "gun_rot"
					{parameters "ID=gun;"}
					{limits -5 42}
					{Matrix34
						0.968872	0.0702978	-0.237374
						0.237962	0	0.971274
						0.0682784	-0.997526	-0.0167283
						-3.54166	-0.0567648	9.93762
					}
					{VolumeView "gun_rot.ply"}
					{bone "gun"
						{parameters "ID=gun;"}
						{Matrix34
							1	0	0
							0	0	-1
							0	1	0
							-2.32089	-0.106377	0.277998
						}
						{VolumeView "gun.ply"}
					}
				}
			}
		}
	}
}
{Volume "body"
	{Box 7.89719 12.231 4.43013}
	{Bone "body"}
	{Position -4.31592	-0.10227	-0.487436}
}
{Volume "gun2"
	{Box 9.29461 5 5}
	{Bone "gun"}
	{Position -3.02249	0.298247	0.123701}
}
{Volume "gun_rot"
	{Box 50.4141 4.34973 2.78097}
	{Bone "gun_rot"}
	{Matrix34
		1	0	0
		0	0	-1
		0	1	0
		3.26645	-4.00442	0.065733
	}
}
{Volume "gun"
	{Cylinder 1.55903 51.5}
	{Bone "gun"}
	{Matrix34
		0	-1	0
		0	0	1
		-1	0	0
		27.4651	0.200335	0.0334536
	}
}
{Volume "shield1"
	{Box 22.7189 3.10624 0.35}
	{Bone "shield1"}
	{Matrix34
		0	-1	0
		-0.126351	0	0.991986
		-0.991986	0	-0.126351
		0.0567754	-0.0207315	-0.919427
	}
}
{Volume "part3"
	{Box 22.8256 4.5 0.39967}
	{Bone "part3"}
	{Matrix34
		0	-1	0
		-0.601904	0	0.798568
		-0.798569	0	-0.601904
		1.13024	-0.0267734	-1.94446
	}
}
{Volume "part1"
	{Box 55 2.65956 4.5}
	{Bone "part1"}
	{Matrix34
		0.954975	-0.295347	-0.0281704
		0.295464	0.955354	0
		0.0269129	-0.00832295	0.999603
		-30.9309	10.6466	-2.76758
	}
}
{Volume "part2"
	{Box 55 2.65956 4.5}
	{Bone "part2"}
	{Matrix34
		0.956782	0.289439	-0.0281682
		-0.289554	0.957162	0
		0.0269614	0.00815665	0.999603
		-30.9327	-10.6643	-2.76767
	}
}
{Volume "turret"
	{Polyhedron "turret.vol"}
	{Bone "turret"}
	{Matrix34
		0.990093	0	-0.140417
		0	1	0
		0.140417	0	0.990092
		5.10853	-0.00441098	-0.263855
	}
}
{Volume "wheelleft"
	{Cylinder 12.0788 2.5}
	{Bone "wheell"}
	{Matrix34
		-1	0	0
		0	0.996525	-0.0832989
		0	-0.0832989	-0.996525
		0.26804	-0.26061	0.0547143
	}
}
{Volume "wheelright"
	{Cylinder 12.0788 2.5}
	{Bone "wheelr"}
	{Matrix34
		-1	0	0
		0	0.995178	0.0980895
		0	0.0980895	-0.995178
		0.268039	-0.0338737	-0.0547097
	}
}
