;Exported by: trax
;Date:        Sat Dec 07 23:35:18 2013
;File:        C:\Users\trax\Documents\3dsmax\scenes\Caproni CA.101-3m\ca101_xx.max
{Skeleton
	{bone "basis"
		{Orientation
			1	0	0
			0	-1	0
			0	0	1
		}
		{bone "body"
			{parameters "ID=body;"}
			{Matrix34
				1	0	0
				0	0.986598	-0.163167
				0	0.163167	0.986598
				61.0548	4.00293	19.6279
			}
			{VolumeView "body.ply"}
			{bone "wingl1"
				{parameters "ID=wingLeft;"}
				{Position -1.71172	43.072	15.4968}
				{VolumeView "wingl1.ply"}
				{bone "wingl2"
					{parameters "ID=wingl2;"}
					{Position 4.26867	4.67366	-18.9806}
					{VolumeView "wingl2.ply"}
					{bone "engine1_1"
						{parameters "ID=engine1_1;"}
						{Position 25.5399	-0.470398	5.68561}
						{VolumeView "engine1_1.ply"}
						{bone "engine1_3"
							{parameters "ID=engine1_3;"}
							{Matrix34
								1	0	0
								0	1	0
								0	0	1
								5.29128	0	0
							}
							{VolumeView "engine1_3.ply"}
							{bone "propeller1"
								{parameters "ID=propeller1;"}
								{Matrix34
									1	0	0
									0	0.995314	-0.0966961
									0	0.0966961	0.995314
									6.37698	0	0
								}
								{VolumeView "propeller1.ply"}
							}
						}
						{bone "engine1_2"
							{parameters "ID=engine1_2;"}
							{Matrix34
								1	0	0
								0	1	0
								0	0	1
								2.01601	0	0
							}
							{VolumeView "engine1_2.ply"}
						}
					}
				}
				{bone "wingl3"
					{parameters "ID=wingl3;"}
					{Position 2.99233	126.222	8.07417}
					{VolumeView "wingl3.ply"}
					{bone revolute "aileron1"
						{parameters "ID=wingl3;"}
						{limits -30 30}
						{speed 0.1}
						{Matrix34
							1	0	0
							0	-0.0523357	0.99863
							0	-0.99863	-0.0523357
							-23.6207	-79.6905	-7.54805
						}
						{VolumeView "aileron1.ply"}
					}
				}
			}
			{bone "wingr1"
				{parameters "ID=wingRight;"}
				{Position -1.71172	-50.2283	15.4968}
				{VolumeView "wingr1.ply"}
				{bone "wingr2"
					{parameters "ID=wingr2;"}
					{Matrix34
						-1	0	0
						0	-1	0
						0	0	-1
						4.26865	2.50927	-18.9806
					}
					{VolumeView "wingr2.ply"}
					{bone "engine2_1"
						{parameters "ID=engine2_1;"}
						{Matrix34
							-1	0	0
							0	-1	0
							0	0	-1
							-25.5399	-0.439541	-5.68561
						}
						{VolumeView "engine2_1.ply"}
						{bone "engine2_2"
							{parameters "ID=engine2_2;"}
							{Position 2.01601	0	0}
							{VolumeView "engine2_2.ply"}
						}
						{bone "engine2_3"
							{parameters "ID=engine2_3;"}
							{Position 5.29128	0	0}
							{VolumeView "engine2_3.ply"}
							{bone "propeller2"
								{parameters "ID=propeller2;"}
								{Matrix34
									1	0	0
									0	0.999999	-0.00118506
									0	0.00118506	0.999999
									6.37698	-0.00185394	0
								}
								{VolumeView "propeller2.ply"}
							}
						}
					}
				}
				{bone "wingr3"
					{parameters "ID=wingr3;"}
					{Position 2.9923	-119.07	8.07412}
					{VolumeView "wingr3.ply"}
					{bone revolute "aileron2"
						{parameters "ID=wingr3;"}
						{limits -30 30}
						{speed 0.1}
						{Matrix34
							1	0	0
							0	-0.0523358	-0.99863
							0	-0.99863	0.0523358
							-23.6172	79.6905	-7.54798
						}
						{VolumeView "aileron2.ply"}
					}
				}
			}
			{bone "engine3_1"
				{parameters "ID=engine3_1;"}
				{Position 69.1267	-0.0113068	-5.45527}
				{VolumeView "engine3_1.ply"}
			}
			{bone "cabin"
				{parameters "ID=cabin;"}
				{Position 35.6145	0.00307155	4.68495}
				{VolumeView "cabin.ply"}
				{bone "window2"
					{parameters "ID=window;"}
					{Position -0.223312	-0.00037241	10.5815}
					{VolumeView "window2.ply"}
				}
				{bone "window1"
					{parameters "ID=window;"}
					{Position -0.223312	-0.00037241	10.5815}
					{VolumeView "window1.ply"}
				}
				{bone "window3"
					{parameters "ID=window;"}
					{Position -0.223312	-0.00037241	10.5815}
					{VolumeView "window3.ply"}
				}
			}
			{bone "door"
				{parameters "CommonMesh;ID=body;"}
				{Position -18.6231	16.0252	-5.49779}
				{VolumeView "door.ply"}
			}
			{bone "window4"
				{parameters "ID=window;"}
				{Position -49.2947	15.4964	-1.23628}
				{VolumeView "window4.ply"}
			}
			{bone "detail2"
				{VolumeView "detail2.ply"}
			}
			{bone "engine3_2"
				{parameters "ID=wngine3_2;"}
				{Position 72.4019	-0.0113068	-5.45527}
				{VolumeView "engine3_2.ply"}
				{bone "propeller3"
					{parameters "ID=propeller3;"}
					{Matrix34
						1	0	0
						0	0.225771	-0.97418
						0	0.97418	0.225771
						6.37698	-0.00185657	0
					}
					{VolumeView "propeller3.ply"}
				}
			}
			{bone revolute "turret"
				{parameters "ID=turret;"}
				{limits -95 95}
				{speed 0.2}
				{Position -51.4435	-0.0682285	7.37556}
				{VolumeView "turret.ply"}
			}
			{bone "detail1"
				{VolumeView "detail1.ply"}
			}
			{bone "body_back"
				{parameters "ID=body_back;"}
				{Position -149.041	-1.12057e-005	2.78762}
				{VolumeView "body_back.ply"}
				{bone revolute "elevator1"
					{parameters "ID=body_back;"}
					{limits -30 30}
					{speed 0.1}
					{Matrix34
						1	0	0
						0	0	1
						0	-1	0
						-31.7882	27.7928	-4.5661
					}
					{VolumeView "elevator1.ply"}
				}
				{bone revolute "rudder"
					{parameters "ID=body_back;"}
					{limits -30 30}
					{speed 0.1}
					{Position -35.6481	0.000725269	9.47939}
					{VolumeView "rudder.ply"}
				}
				{bone revolute "elevator2"
					{parameters "ID=body_back;"}
					{limits -30 30}
					{speed 0.1}
					{Matrix34
						1	0	0
						0	0	1
						0	-1	0
						-31.7736	-27.7226	-4.5661
					}
					{VolumeView "elevator2.ply"}
				}
			}
			{bone "detail3"
				{parameters "ID=body;"}
				{Position -136.082	-1.12057e-005	2.78762}
				{VolumeView "detail3.ply"}
			}
		}
		{bone "pivot_front"
			{parameters "Main;"}
			{Position 81.9846	-0.0460819	-2.90435}
			{bone "retract_wheell"
				{parameters "ID=retract_wheelL;"}
				{Matrix34
					1	0	0
					0	0.998188	0.0601739
					0	-0.0601739	0.998188
					-0.374863	47.1727	-14.5537
				}
				{VolumeView "retract_wheell.ply"}
				{bone revolute "wheell"
					{parameters "ID=wheelL;Radius=0.4;"}
					{Matrix34
						1	0	0
						0	-0.0551065	-0.99848
						0	0.99848	-0.0551065
						0.0483246	1.51725	0.115288
					}
					{VolumeView "wheell.ply"}
				}
			}
			{bone "retract_wheelr"
				{parameters "ID=retract_wheelR;"}
				{Position -0.371078	-47.4172	-14.538}
				{VolumeView "retract_wheelr.ply"}
				{bone revolute "wheelr"
					{parameters "ID=wheelR;Radius=0.4;"}
					{Matrix34
						1	0	0
						0	0.0576582	-0.998336
						0	-0.998336	-0.0576582
						0.0445633	-1.18484	0.0995541
					}
					{VolumeView "wheelr.ply"}
				}
			}
		}
		{bone "pivot_back"
			{Position -123.516	0	13.7476}
			{bone revolute "steer_back"
				{parameters "ID=body_back;"}
				{Position -0.0512848	0.00401603	-3.19959}
				{VolumeView "steer_back.ply"}
				{bone revolute "wheel_back"
					{parameters "ID=body_back;Radius=0.2;"}
					{Matrix34
						1	0	0
						0	0	-1
						0	1	0
						-5.87809	-0.0451729	-5.2833
					}
					{VolumeView "wheel_back.ply"}
				}
			}
		}
	}
}
{Obstacle "rectangle1"
	{Obb2
		{Center 3.75984 -0.295277}
		{Extent 132.328 9.38023}
		{Axis 1 0}
	}
	{Rotate}
}
{Obstacle "rectangle2"
	{Obb2
		{Center 83.1224 -0.0091629}
		{Extent 15.3845 61.8782}
		{Axis 1 0}
	}
	{Rotate}
}
{Obstacle "rectangle3"
	{Obb2
		{Center -115.909 0.00672531}
		{Extent 12.555 46.9036}
		{Axis 1 0}
	}
	{Rotate}
}
{Volume "aileron1"
	{Box 11.8443 124.602 2.5868}
	{Bone "aileron1"}
	{Matrix34
		1	0	0
		0	-1.31615e-005	-1
		0	1	-1.31615e-005
		-5.7731	0.0209866	9.76445
	}
}
{Volume "aileron2"
	{Box 11.8443 124.602 2.5868}
	{Bone "aileron2"}
	{Matrix34
		1	0	0
		0	1.34893e-005	1
		0	-1	1.34818e-005
		-5.7766	-0.0159836	-9.66812
	}
}
{Volume "body_back"
	{Polyhedron "body_back.vol"}
	{Bone "body_back"}
	{Position -18.3018	0.0687928	-6.68521}
}
{Volume "body"
	{Polyhedron "body.vol"}
	{Bone "body"}
	{Position -9.92173	-2.3365e-005	-1.71072}
}
{Volume "cabin"
	{Polyhedron "cabin.vol"}
	{Bone "cabin"}
	{Position -29.265	-0.0813148	-0.0509644}
}
{Volume "elevator1"
	{Box 17.5296 46.6667 2.32149}
	{Bone "elevator1"}
	{Matrix34
		1	0	0
		0	0	-1
		0	1	0
		-0.356491	0.0111666	0.32436
	}
}
{Volume "elevator2"
	{Box 17.5296 46.6667 2.32149}
	{Bone "elevator2"}
	{Matrix34
		1	0	0
		0	0	-1
		0	1	0
		-0.371117	0.0111609	0.0523243
	}
}
{Volume "engine1_1"
	{Polyhedron "engine1_1.vol"}
	{Bone "engine1_1"}
	{Position -18.5674	0.0756378	0.0341759}
}
{Volume "engine1_2"
	{Cylinder 11.9822 6.32606}
	{Bone "engine1_2"}
	{Matrix34
		0	1	0
		0	0	1
		1	0	0
		3.46928	0.0756303	-0.0842632
	}
}
{Volume "engine1_3"
	{Cylinder 10.5255 4.90829}
	{Bone "engine1_3"}
	{Matrix34
		0	1	0
		0	0	1
		1	0	0
		0.496306	-0.0428123	-0.0842665
	}
}
{Volume "engine2_1"
	{Polyhedron "engine2_1.vol"}
	{Bone "engine2_1"}
	{Position -18.5674	0.060463	0.0341759}
}
{Volume "engine2_2"
	{Cylinder 11.9822 6.32606}
	{Bone "engine2_2"}
	{Matrix34
		0	1	0
		0	0	1
		1	0	0
		3.46927	0.0604745	-0.0842629
	}
}
{Volume "engine2_3"
	{Cylinder 10.5255 4.90829}
	{Bone "engine2_3"}
	{Matrix34
		0	1	0
		0	0	1
		1	0	0
		0.496314	-0.0579795	-0.0842646
	}
}
{Volume "engine3_1"
	{Cylinder 11.9822 6.32606}
	{Bone "engine3_1"}
	{Matrix34
		0	1	0
		0	0	1
		1	0	0
		3.07904	-0.107142	-0.141661
	}
}
{Volume "engine3_2"
	{Cylinder 10.5255 4.90829}
	{Bone "engine3_2"}
	{Matrix34
		0	1	0
		0	0	1
		1	0	0
		0.106078	-0.225585	-0.141661
	}
}
{Volume "propeller1"
	{Box 50.9306 3.90863 2.16041}
	{Bone "propeller1"}
	{Matrix34
		0	0.260206	0.965553
		0	-0.965553	0.260206
		1	0	0
		0.197482	0.0133057	0
	}
}
{Volume "propeller2"
	{Box 50.9306 3.90863 2.16041}
	{Bone "propeller2"}
	{Matrix34
		0	0.992734	-0.120329
		0	0.12033	0.992734
		1	0	0
		0.197482	0	0
	}
}
{Volume "propeller3"
	{Box 50.9306 3.90863 2.16041}
	{Bone "propeller3"}
	{Matrix34
		0	-0.3682	0.929747
		0	-0.929747	-0.3682
		1	0	0
		-0.192746	-0.167614	-0.0573965
	}
}
{Volume "retract_wheell"
	{Box 9.04929 34.5135 4.20897}
	{Bone "retract_wheell"}
	{Matrix34
		-1	0	0
		0	-0.889922	0.456112
		0	0.456112	0.889922
		-0.0417937	-15.0058	8.42391
	}
}
{Volume "retract_wheelr"
	{Box 9.04929 34.5135 4.20897}
	{Bone "retract_wheelr"}
	{Matrix34
		-1	0	0
		0	0.855651	0.517553
		0	0.517553	-0.855651
		-0.0455778	15.8259	9.96643
	}
}
{Volume "rudder"
	{Box 16.0714 43.4524 3.01339}
	{Bone "rudder"}
	{Matrix34
		-1	0	0
		0	0	1
		0	1	0
		-0.32473	0.0304701	-1.19196
	}
}
{Volume "wheel_back"
	{Cylinder 4.44751 1.81548}
	{Bone "wheel_back"}
	{Matrix34
		-1	0	0
		0	-1	0
		0	0	1
		-0.0568693	0.0582791	0.00640094
	}
}
{Volume "wheell"
	{Cylinder 11.048 5.26121}
	{Bone "wheell"}
	{Matrix34
		-1	0	0
		0	-0.999972	-0.00745097
		0	-0.00745109	0.999972
		0	-0.0195984	2.63053
	}
}
{Volume "wheelr"
	{Cylinder 11.048 5.26121}
	{Bone "wheelr"}
	{Matrix34
		-1	0	0
		0	-0.999928	-0.011971
		0	0.0119709	-0.999928
		-2.25285e-005	-0.0277167	2.65511
	}
}
{Volume "wingl1"
	{Box 51.736 126.971 6.63283}
	{Bone "wingl1"}
	{Matrix34
		1	0	0
		0	0.998388	0.0567478
		0	-0.0567478	0.998388
		6.05894	36.659	3.25243
	}
}
{Volume "wingl2"
	{Box 37.9281 71.8807 2.36887}
	{Bone "wingl2"}
	{Matrix34
		1	0	0
		0	0.873461	0.486893
		0	-0.486893	0.873461
		0.125134	-0.143431	-0.338822
	}
}
{Volume "wingl3"
	{Box 53.5364 46.9035 7.1066}
	{Bone "wingl3"}
	{Matrix34
		1	0	0
		0	0.996807	0.0798532
		0	-0.0798532	0.996807
		-1.44119	-3.22011	0.71976
	}
}
{Volume "wingr1"
	{Box 51.736 126.971 6.63283}
	{Bone "wingr1"}
	{Matrix34
		1	0	0
		0	-0.998388	0.0567477
		0	0.0567477	0.998389
		6.05895	-29.6035	3.25244
	}
}
{Volume "wingr2"
	{Box 37.9281 71.8807 2.36887}
	{Bone "wingr2"}
	{Matrix34
		-1	0	0
		0	0.873461	-0.486894
		0	-0.486894	-0.873461
		-0.125145	-0.0161154	0.338826
	}
}
{Volume "wingr3"
	{Box 53.5364 46.9035 7.1066}
	{Bone "wingr3"}
	{Matrix34
		1	0	0
		0	-0.996807	0.0798528
		0	0.0798528	0.996807
		-1.44115	3.12366	0.719772
	}
}
