;Exported by: garry
;Date:        Tue Jul 08 10:27:00 2008
;File:        D:\-Projects-\-3DWork-\Model\Танки\archer\archer.max
{Skeleton
	{animation
		{sequence "start" {speed 0.8}}
		{sequence "stop"  {speed 0.8}}
		{sequence "fire"}
		{sequence "fire2" {file "stop.anm"}}
		{sequence "hit"}
	}
	{bone revolute "basis"
		{parameters "WheelRadius=0.4;"}
		{limits -0 0}
		{Orientation
			1	0	0
			0	-1	0
			0	0	1
		}
		{bone "emit1"
			{Matrix34
				0.0348996	0.999391	0
				-0.999391	0.0348996	0
				0	0	1
				-16.3947	-42.806	0.347137
			}
			{visibility 0}
		}
		{bone "emit2"
			{Matrix34
				0	-1	0
				1	0	0
				0	0	1
				-16.5797	43.876	0.347138
			}
			{visibility 0}
		}
		{bone "chassisL"
			{parameters "ID=trackleft;"}
			{Matrix34
				1	0	0
				0	0	1
				0	-1	0
				-5.00641	14.7594	8.85351
			}
			{VolumeView "wheelsl.ply"}
		}
		{bone "chassisR"
			{parameters "ID=trackright;"}
			{Matrix34
				1	0	0
				0	0	1
				0	-1	0
				-5.00641	-14.779	8.85351
			}
			{VolumeView "wheelsr.ply"}
		}
		{bone "body_virt"
			{matrix34
				1 	 0 	 0
				0 	 0 	 1
				0 	 -1 	 0
				0.4979 	 -0.8302 	 10.2204
			}
			{bone "wheelsl"
				{parameters "id=trackleft;"}
				{matrix34
					1 	 0 	 0
					0 	 0 	 -1
					0 	 1 	 0
					-0.9927 	 -1.4574 	 -16.7869
				}
				{bone prizmatic "suspension_l2"
					{limits -0.07 0.07}
					{speed 0.18}
					{Position 30.3221 	 5.4112 	 -1.8633}
					{bone revolute "wheell2"
						{parameters "id=trackleft;"}
						{matrix34
							1 	 0 	 0
							0 	 0 	 -1
							0 	 1 	 0
							0 	 0 	 0
						}
						{VolumeView "wheell2.ply"}
					}
				}
				{bone prizmatic "suspension_l3"
					{limits -0.09 0.09}
					{speed 0.18}
					{Position 18.4981 	 5.4049 	 -2.9558}
					{bone revolute "wheell3"
						{parameters "id=trackleft;radius=0.25;"}
						{matrix34
							1 	 0 	 0
							0 	 0 	 -1
							0 	 1 	 0
							0 	 0 	 0
						}
						{VolumeView "wheell3.ply"}
					}
				}
				{bone prizmatic "suspension_l4"
					{limits -0.12 0.12}
					{speed 0.18}
					{Position 8.2954 	 5.4049 	 -2.9558}
					{bone revolute "wheell4"
						{parameters "id=trackleft;radius=0.25;"}
						{matrix34
							1 	 0 	 0
							0 	 0 	 -1
							0 	 1 	 0
							0 	 0 	 0
						}
						{VolumeView "wheell4.ply"}
					}
				}
				{bone prizmatic "suspension_l5"
					{limits -0.12 0.12}
					{speed 0.18}
					{Position -8.2976 	 5.4048 	 -2.9558}
					{bone revolute "wheell5"
						{parameters "id=trackleft;radius=0.25;"}
						{matrix34
							1 	 0 	 0
							0 	 0 	 -1
							0 	 1 	 0
							0 	 0 	 0
						}
						{VolumeView "wheell5.ply"}
					}
				}
				{bone prizmatic "suspension_l6"
					{limits -0.09 0.09}
					{speed 0.18}
					{Position -18.5002 	 5.4048 	 -2.9558}
					{bone revolute "wheell6"
						{parameters "id=trackleft;radius=0.25;"}
						{matrix34
							1 	 0 	 0
							0 	 0 	 -1
							0 	 1 	 0
							0 	 0 	 0
						}
						{VolumeView "wheell6.ply"}
					}
				}
				{bone prizmatic "suspension_l7"
					{limits -0.07 0.07}
					{speed 0.18}
					{Position -30.3275 	 5.4111 	 -1.8633}
					{bone revolute "wheell7"
						{parameters "id=trackleft;"}
						{matrix34
							1 	 0 	 0
							0 	 0 	 -1
							0 	 1 	 0
							0 	 0 	 0
						}
						{VolumeView "wheell2.ply"}
					}
				}
				{bone "fxtracel1"
					{matrix34
						-0.9707 	 0.1685 	 0.171
						-0.1761 	 -0.9839 	 -0.0302
						0.1632 	 -0.0594 	 0.9848
						0.4363 	 4.9725 	 -8.5136
					}
				}
				{bone "fxtracel2"
					{matrix34
						-0.9511 	 0 	 0.309
						0 	 -1 	 0
						0.309 	 0 	 0.9511
						-41.4002 	 4.9725 	 -5.165
					}
				}
				{bone "trackl"
					{parameters "id=trackleft;"}
					{Position 0.7265 	 4.895 	 2.0419}
					{VolumeView "trackl.ply"}
				}
			}
			{bone "wheelsr"
				{parameters "id=trackright;"}
				{matrix34
					1 	 0 	 0
					0 	 0 	 -1
					0 	 1 	 0
					-0.9927 	 -1.4574 	 16.7931
				}
				{bone prizmatic "suspension_r2"
					{limits -0.07 0.07}
					{speed 0.18}
					{Position 30.3221 	 -4.4167 	 -1.8633}
					{bone revolute "wheelr2"
						{parameters "id=trackright;"}
						{orientation
							1 	 0 	 0
							0 	 0 	 -1
							0 	 1 	 0
						}
						{VolumeView "wheelr2.ply"}
					}
				}
				{bone prizmatic "suspension_r3"
					{limits -0.09 0.09}
					{speed 0.18}
					{Position 18.4981 	 -5.4104 	 -2.9558}
					{bone revolute "wheelr3"
						{parameters "id=trackright;radius=0.25;"}
						{orientation
							1 	 0 	 0
							0 	 0 	 -1
							0 	 1 	 0
						}
						{VolumeView "wheelr3.ply"}
					}
				}
				{bone prizmatic "suspension_r4"
					{limits -0.12 0.12}
					{speed 0.18}
					{Position 8.2954 	 -5.4104 	 -2.9558}
					{bone revolute "wheelr4"
						{parameters "id=trackright;radius=0.25;"}
						{orientation
							1 	 0 	 0
							0 	 0 	 -1
							0 	 1 	 0
						}
						{VolumeView "wheelr4.ply"}
					}
				}
				{bone prizmatic "suspension_r5"
					{limits -0.12 0.12}
					{speed 0.18}
					{Position -8.2976 	 -5.4104 	 -2.9558}
					{bone revolute "wheelr5"
						{parameters "id=trackright;radius=0.25;"}
						{orientation
							1 	 0 	 0
							0 	 0 	 -1
							0 	 1 	 0
						}
						{VolumeView "wheelr5.ply"}
					}
				}
				{bone prizmatic "suspension_r6"
					{limits -0.09 0.09}
					{speed 0.18}
					{Position -18.5002 	 -5.4104 	 -2.9558}
					{bone revolute "wheelr6"
						{parameters "id=trackright;radius=0.25;"}
						{orientation
							1 	 0 	 0
							0 	 0 	 -1
							0 	 1 	 0
						}
						{VolumeView "wheelr6.ply"}
					}
				}
				{bone prizmatic "suspension_r7"
					{limits -0.07 0.07}
					{speed 0.18}
					{Position -30.3275 	 -4.4167 	 -1.8633}
					{bone revolute "wheelr7"
						{parameters "id=trackright;"}
						{orientation
							1 	 0 	 0
							0 	 0 	 -1
							0 	 1 	 0
						}
						{VolumeView "wheelr7.ply"}
					}
				}
				{bone "fxtracer1"
					{matrix34
						-0.9698 	 -0.1736 	 0.171
						0.171 	 -0.9848 	 -0.0302
						0.1736 	 0 	 0.9848
						0.4363 	 -4.7724 	 -8.5136
					}
				}
				{bone "fxtracer2"
					{matrix34
						-0.9511 	 0 	 0.309
						0 	 -1 	 0
						0.309 	 0 	 0.9511
						-41.4002 	 -4.7724 	 -5.165
					}
				}
				{bone "trackr"
					{parameters "id=trackright;"}
					{Position 0.7265 	 -4.9041 	 2.0419}
					{VolumeView "trackr.ply"}
				}
			}
		}
		{bone "body"
			{Position 0.2581 	 -0.8705 	 13.7695}
			{bone "hull"
				{parameters "ID=body;"}
				{animation
					{sequence "repair" {file "body_r.anm"}}
				}
				{Position -1.0	-0.0290061	0.9}
				{bone revolute "wheell1"
					{parameters "ID=trackleft;"}
					{Matrix34
						1	0	0
						0	0	-1
						0	1	0
						46.716	21.6019	-1.62117
					}
					{VolumeView "wheell1.ply"}
				}
				{bone revolute "wheell8"
					{parameters "ID=trackleft;"}
					{Matrix34
						1	0	0
						0	0	-1
						0	1	0
						-45.0204	23.0896	-0.951614
					}
					{VolumeView "wheell8.ply"}
				}
				{bone revolute "wheelr1"
					{parameters "ID=trackright;"}
					{Matrix34
						-1	0	0
						0	0	1
						0	1	0
						46.716	-21.5844	-1.62118
					}
					{VolumeView "wheelr1.ply"}
				}
				{bone revolute "wheelr8"
					{parameters "ID=trackright;"}
					{Matrix34
						-1	0	0
						0	0	1
						0	1	0
						-45.0204	-23.0567	-0.951614
					}
					{VolumeView "wheelr8.ply"}
				}
				{bone "hull_top"
					{parameters "ID=body;"}
					{Matrix34
						1	0	0
						0	0	1
						0	-1	0
						2.5	1.2	4.35
					}
					{VolumeView "body.ply"}
					{bone "enumerator2"
						{Matrix34
							0.98798	-0.0453981	-0.147763
							-0.00182004	0.952419	-0.304786
							0.154569	0.301392	0.940889
							21.5039	15.8961	21.8637
						}
						{VolumeView "enumerator2.ply"}
					}
					{bone "enumerator1"
						{Matrix34
							-0.98798	-0.0453988	0.147763
							0.00181955	0.952419	0.304787
							-0.154569	0.301392	-0.940888
							21.5039	15.8961	-19.2226
						}
						{VolumeView "enumerator1.ply"}
					}
					{bone revolute "mantlet"
						{parameters "ID=mantlet;"}
						{limits -20 20}
						{speed 0.01}
						{Matrix34
							-1	0	0
							0	0	1
							0	1	0
							20.374	0.690876	-0.707509
						}
						{VolumeView "mantlet.ply"}
						{bone revolute "gun_rot"
							{parameters "ID=gun;"}
							{limits -5 20}
							{speed 0.02}
							{Matrix34
								1	0	0
								0	0	1
								0	-1	0
								22.9407	2.04888	15.7111
							}
							{VolumeView "gun_rot.ply"}
							{bone "gun"
								{parameters "ID=gun;"}
								{Position 30.0121	0.178429	0.0016287}
								{VolumeView "gun.ply"}
								{bone "foresight1"
									{Position 44.2841	-0.0996132	-0.00162816}
								}
								{bone "fx_invers"
									{Matrix34
										-1	0	0
										0	-1	0
										0	0	1
										-45	-0.001	-0.001
									}
								}
							}
						}
						{bone "visor1"
							{Position 27.01	10.2451	18.6875}
						}
						{bone "charger"
							{Matrix34
								0.999992	0	0.00392898
								0	1	0
								-0.00392898	0	0.999992
								7.69807	11.8668	-4.73902
							}
						}
					}
					{bone "engine"
						{parameters "ID=engine;"}
						{Matrix34
							-1	0	0
							0	1	0
							0	0	-1
							-19.8622	0.695601	1.33974
						}
						{VolumeView "engine.ply"}
					}
					{bone "fxsmoke1"
						{Matrix34
							0.586147	-0.0474834	-0.808812
							0.166208	0.984097	0.0626769
							0.792973	-0.171168	0.584718
							34.7925	5.72239	-27.5212
						}
					}
					{bone "seat01"
						{Matrix34
							-0.20901	0	0.977913
							0.977914	0	0.20901
							0	1	0
							-28.7478	-0.191875	28.7672
						}
					}
					{bone "seat02"
						{Matrix34
							-0.293446	0	0.955976
							0.955976	0	0.293445
							0	1	0
							-13.464	-0.191874	28.7672
						}
					}
					{bone "seat03"
						{Matrix34
							-0.73033	0.155205	-0.665229
							-0.668439	0.038264	0.742782
							0.140738	0.987141	0.0757997
							-14.1492	-0.612665	-26.2217
						}
					}
					{bone "seat04"
						{Matrix34
							-0.783059	0.159493	-0.60115
							-0.613218	-0.0366118	0.789065
							0.103841	0.98652	0.126473
							-29.7905	-1.5352	-27.3553
						}
					}
					{bone "visor2"
						{Matrix34
							-1	0	0
							0	0	1
							0	1	0
							-8.8129	19.6573	0.465129
						}
					}
					{bone "fxfire2"
						{Matrix34
							0	1	0
							0	0	-1
							-1	0	0
							-35.2707	6.37518	-2.06113
						}
					}
					{bone "commander"
						{Matrix34
							-0.705933	0.0008367	-0.708278
							-0.708278	-0.00257766	0.705929
							-0.00123501	0.999996	0.0024122
							29.9212	-6.63572	14.7803
						}
					}
					{bone "gunner"
						{Matrix34
							-0.866526	0	0.499132
							0.499132	0	0.866526
							0	1	0
							28.9127	-6.40501	-12.6348
						}
					}
					{bone "driver"
						{Matrix34
							0.966935	0.255022	0
							0	0	-1
							-0.255022	0.966935	0
							37.891	-7.64619	1.44754
						}
					}
					{bone "highlight"
						{Matrix34
							1	0	0
							0	0	-1
							0	1	0
							25.8367	20.7004	1.00304
						}
						{VolumeView "highlight.ply"}
					}
					{bone "fxsmoke2"
						{Matrix34
							0.513424	-0.0474833	-0.85682
							0.171038	0.984097	0.0479525
							0.840917	-0.171168	0.513381
							34.7925	5.72239	-27.5212
						}
					}
				}
			}
		}
		{bone "fxfire1"
			{Matrix34
				0	0	1
				0	-1	0
				1	0	0
				17.3084	6.37004	23.7048
			}
		}
		{bone "fxshot"
			{Matrix34
				0	0	1
				0	-1	0
				1	0	0
				1.17235	-1.62852	11.9468
			}
		}
	}
}
{Volume "ammo1"
	{Box 25.6574 8.97005 13.518}
	{Bone "hull_top"}
	{Matrix34
		-1	0	0
		0	0	1
		0	1	0
		19.8693	0.174077	-10.762
	}
}
{Volume "body1"
	{Polyhedron "body1.vol"}
	{Bone "hull_top"}
	{Matrix34
		1	0	0
		0	0	-1
		0	1	0
		-8.81135	-10.073	0.285449
	}
}
{Volume "body2"
	{Polyhedron "body2.vol"}
	{Bone "hull_top"}
	{Matrix34
		-1	0	0
		0	0	1
		0	1	0
		-0.443175	10.6848	1.34137
	}
}
{Volume "body3"
	{Polyhedron "body3.vol"}
	{Bone "hull_top"}
	{Matrix34
		-1	0	0
		0	0	1
		0	1	0
		42.9393	2.54428	1.34138
	}
}
{Volume "body4"
	{Polyhedron "body4.vol"}
	{Bone "hull_top"}
	{Matrix34
		-1	0	0
		0	1	0
		0	0	-1
		25.0232	13.791	21.2541
	}
}
{Volume "body5"
	{Polyhedron "body5.vol"}
	{Bone "hull_top"}
	{Matrix34
		-1	0	0
		0	1	0
		0	0	-1
		4.75762	13.6352	18.7248
	}
}
{Volume "body6"
	{Polyhedron "body6.vol"}
	{Bone "hull_top"}
	{Matrix34
		-1	0	0
		0	0	1
		0	1	0
		25.0232	13.791	-18.5713
	}
}
{Volume "body7"
	{Polyhedron "body7.vol"}
	{Bone "hull_top"}
	{Matrix34
		-0.866026	0	0.5
		0.5	0	0.866026
		0	1	0
		4.75763	13.6353	-16.0421
	}
}
{Volume "engine"
	{Polyhedron "engine.vol"}
	{Bone "engine"}
	{Matrix34
		-1	0	0
		0	0	1
		0	1	0
		4.2944	-1.31847	0.880789
	}
}
{Volume "gun"
	{Cylinder 2.37221 89.8547}
	{Bone "gun"}
	{Matrix34
		0	0	-1
		0	1	0
		1	0	0
		-1.42004	-0.185814	-0.00772929
	}
}
{Volume "mantlet"
	{Polyhedron "mantlet.vol"}
	{Bone "mantlet"}
	{Position 20.8172	2.04888	9.99397}
}
{Volume "ram"
	{Polyhedron "ram.vol"}
	{Bone "hull_top"}
	{Matrix34
		0.92957	0.368645	0
		0	0	-1
		-0.368645	0.92957	0
		-4.46	-19.231	1.34136
	}
}
{Volume "sticky"
	{Box 27.3583 37.9828 24.3622}
	{Bone "highlight"}
	{Position -5.119	-0.194021	-8.34569}
}
{volume "trackleft"
	{polyhedron "trackleft.vol"}
	{bone "wheelsl"}
	{Position 0.6692 	 4.8909 	 1.27}
}
{volume "trackright"
	{polyhedron "trackright.vol"}
	{bone "wheelsr"}
	{Position 0.6692 	 -4.9733 	 1.27}
}

