;Exported by: dpostnikov
;Date:        Sat Jul 06 17:45:12 2019
;File:        C:\Users\dpostnikov\Documents\3dsmax\scenes\mk2daimler_xx.max
{Skeleton
	{bone "basis"
		{parameters "SteerMax=30;WheelRadius=0.3;"}
		{Orientation
			1	0	0
			0	-1	0
			0	0	1
		}
		{bone "body"
			{parameters "ID=body;"}
			{Position -1.08964	0.837593	14.4729}
			{VolumeView "body.ply"}
			{bone revolute "turret"
				{parameters "ID=turret;"}
				{Matrix34
					0.999131	0.000885351	-0.0416761
					0	0.999775	0.0212388
					0.0416855	-0.0212204	0.998905
					0.0775173	-1.13903	12.4343
				}
				{VolumeView "turret.ply"}
				{bone "cover"
					{parameters "ID=turret;"}
					{Position -4.1258	0.00419328	11.1624}
					{VolumeView "cover.ply"}
				}
				{bone revolute "gun_rot"
					{parameters "ID=gun;"}
					{limits -5 20}
					{Matrix34
						0.949358	-0.192379	-0.248414
						0.253142	0	0.967429
						-0.186113	-0.981321	0.0486991
						9.52497	-0.0114015	5.40733
					}
					{VolumeView "gun_rot.ply"}
					{bone "gun"
						{parameters "ID=gun;"}
						{Matrix34
							1	0	0
							0	0	-1
							0	1	0
							6.37018	-0.881306	-0.044136
						}
						{VolumeView "gun.ply"}
					}
				}
				{bone "antenna"
					{parameters "ID=turret;"}
					{Position -13.4171	-8.96235	10.0123}
					{VolumeView "antenna.ply"}
				}
			}
			{bone "door"
				{parameters "ID=body;"}
				{Matrix34
					-0.0630654	-0.968995	-0.238896
					0.987257	-0.0956151	0.127205
					-0.146103	-0.22783	0.962677
					-4.31097	-18.3306	0.115292
				}
				{VolumeView "door.ply"}
			}
			{bone "engine_cover"
				{parameters "ID=body;"}
				{Matrix34
					1	0	0
					0	-0.580061	-0.814573
					0	0.814573	-0.580061
					-22.7267	-2.31105	7.53128
				}
				{VolumeView "engine_cover.ply"}
			}
			{bone "engine"
				{parameters "ID=engine;"}
				{Matrix34
					-1	0	0
					0	1	0
					0	0	1
					-23.1115	-0.75224	-1.37813
				}
				{VolumeView "engine.ply"}
			}
		}
		{bone "pivot_back"
			{parameters "ID=body;"}
			{Position -24.8575	0.00826192	7.91084}
			{VolumeView "pivot_back.ply"}
			{bone revolute "wheell2"
				{Matrix34
					-1	0	0
					0	0	1
					0	1	0
					-0.0344582	19.5381	-0.00562382
				}
				{VolumeView "wheell2.ply"}
			}
			{bone revolute "wheelr2"
				{Matrix34
					-1	0	0
					0	0	1
					0	1	0
					-0.0344601	-20.092	-0.00562382
				}
				{VolumeView "wheelr2.ply"}
			}
		}
		{bone "pivot_front"
			{parameters "ID=body;"}
			{Position 24.5932	0.00826287	7.91084}
			{VolumeView "pivot_front.ply"}
			{bone revolute "steerr"
				{parameters "ID=body;"}
				{Matrix34
					-1	0	0
					0	1	0
					0	0	1
					-0.00589371	-15.2713	-0.00562286
				}
				{VolumeView "steerr.ply"}
				{bone revolute "wheelr1"
					{Matrix34
						1	0	0
						0	0	1
						0	1	0
						-0.428152	-4.82077	0
					}
					{VolumeView "wheelr1.ply"}
				}
			}
			{bone revolute "steerl"
				{parameters "ID=body;"}
				{Matrix34
					-1	0	0
					0	1	0
					0	0	1
					-0.00589371	15.2713	-0.00562286
				}
				{VolumeView "steerl.ply"}
				{bone revolute "wheell1"
					{Matrix34
						1	0	0
						0	0	1
						0	1	0
						-0.428152	4.26685	0
					}
					{VolumeView "wheell1.ply"}
				}
			}
		}
	}
}
{Volume "body2"
	{Polyhedron "body2.vol"}
	{Bone "body"}
	{Position 2.03675	-0.780623	5.19281}
}
{Volume "body3"
	{Polyhedron "body3.vol"}
	{Bone "body"}
	{Position 18.6124	-0.977727	5.24559}
}
{Volume "body"
	{Polyhedron "body.vol"}
	{Bone "body"}
	{Position -25.2684	-0.796428	-8.28059}
}
{Volume "engine"
	{Box 15.0906 10.1487 9.79567}
	{Bone "engine"}
	{Matrix34
		-1	0	0
		0	1	0
		0	0	1
		-0.121498	0.0642754	-0.822188
	}
}
{Volume "gun"
	{Cylinder 0.945823 25}
	{Bone "gun"}
	{Matrix34
		0	-1	0
		0	0	1
		-1	0	0
		12.1848	-0.0210537	-0.00797217
	}
}
{Volume "turret"
	{Polyhedron "turret.vol"}
	{Bone "turret"}
	{Position -2.25543	0.395206	1.19874}
}
{Volume "wheelleft1"
	{Cylinder 8 6.2}
	{Bone "wheell1"}
	{Matrix34
		-1	0	0
		0	1	0
		0	0	-1
		-0.0385151	-0.0984789	-0.782129
	}
}
{Volume "wheelleft2"
	{Cylinder 8 6.2}
	{Bone "wheell2"}
	{Matrix34
		-1	0	0
		0	1	0
		0	0	-1
		-0.0378789	-0.0984831	-0.782131
	}
}
{Volume "wheelright1"
	{Cylinder 8 6.2}
	{Bone "wheelr1"}
	{Matrix34
		-1	0	0
		0	1	0
		0	0	-1
		-0.0385189	-0.0984793	0.772593
	}
}
{Volume "wheelright2"
	{Cylinder 8 6.2}
	{Bone "wheelr2"}
	{Matrix34
		-1	0	0
		0	1	0
		0	0	-1
		-0.037877	-0.0984846	0.772597
	}
}
