;Exported by: Normand
;Date:        Sat Feb 04 20:49:10 2017
;File:        C:\Users\Normand\fiat626.max
{Skeleton
	{bone "basis"
		{parameters "SteerMax=30;WheelRadius=0.5;"}
		{Orientation
			1	0	0
			0	-1	0
			0	0	1
		}
		{bone "pivot_back"
			{Position -27.8399	0.508995	9.41855}
			{VolumeView "pivot_back.ply"}
			{bone revolute "wheelr2"
				{parameters "ID=wheelright2;"}
				{Matrix34
					-1	0	0
					0	0	1
					0	1	0
					-0.393932	-16.7152	-0.249964
				}
				{VolumeView "wheelr2.ply"}
			}
			{bone revolute "wheell2"
				{parameters "ID=wheelleft2;"}
				{Matrix34
					-1	0	0
					0	0	1
					0	1	0
					-0.408363	16.1121	-0.247961
				}
				{VolumeView "wheell2.ply"}
			}
		}
		{bone "pivot_front"
			{Position 32.0698	0.245534	11.2799}
			{VolumeView "pivot_front.ply"}
			{bone revolute "steerl"
				{Matrix34
					1	0	0
					0	-1	0
					0	0	1
					0.0990372	12.8181	-1.72313
				}
				{VolumeView "steerl.ply"}
				{bone revolute "wheell1"
					{parameters "ID=wheelleft1;"}
					{Matrix34
						-1	0	0
						0	0	1
						0	-1	0
						-0.0483017	-3.07576	-0.282239
					}
					{VolumeView "wheell1.ply"}
				}
			}
			{bone revolute "steerr"
				{Matrix34
					1	0	0
					0	-1	0
					0	0	1
					0.194695	-13.0216	-1.72313
				}
				{VolumeView "steerr.ply"}
				{bone revolute "wheelr1"
					{parameters "ID=wheelright1;"}
					{Matrix34
						-1	0	0
						0	0	1
						0	-1	0
						-0.126869	3.08656	-0.336864
					}
					{VolumeView "wheelr1.ply"}
				}
			}
		}
		{bone "body"
			{parameters "ID=body;"}
			{animation
				{sequence "break" {file "body_b.anm"} {speed 0.4}}
			}
			{Position -0.283527	-0.00167657	13.6421}
			{VolumeView "body.ply"}
			{bone "fxfire1"
				{Position 44.7099	-0.0201161	12.7374}
			}
			{bone "fxfire2"
				{Position 17.9435	0.547505	0.100025}
			}
			{bone "body_back"
				{Position -1.6703	-0.0409861	13.254}
				{VolumeView "body_back.ply"}
				{bone "seats"
					{parameters "ID=bodyback;"}
					{Position -19.8496	0.0426626	-7.88359}
					{VolumeView "seats.ply"}
				}
				{bone "shield"
					{parameters "CommonMesh;ID=shield;"}
					{animation
						{sequence "break" {file "shield_b.anm"} {speed 0.4}}
					}
					{Position -20.076	0.0299518	16.5237}
					{VolumeView "shield.ply"}
				}
			}
			{bone "fuel"
				{Position -7.19944	-10.1248	-4.57231}
			}
			{bone "cabin"
				{parameters "ID=cabin;"}
				{animation
					{sequence "break" {file "cabin_b.anm"} {speed 0.4}}
				}
				{Position 35.2349	-0.0316706	14.8708}
				{VolumeView "cabin.ply"}
				{bone "doorr"
					{Matrix34
						0.999995	0.0011061	-0.00307283
						-0.00110796	0.999999	-0.000601135
						0.00307217	0.000604536	0.999995
						-10.8916	-20.0024	1.10428
					}
					{VolumeView "doorr.ply"}
				}
				{bone "doorl"
					{Matrix34
						0.999995	0.00110624	-0.00307281
						-0.00110801	0.999999	-0.000601053
						0.00307223	0.000604421	0.999995
						-10.9355	19.8701	1.08108
					}
					{VolumeView "doorl.ply"}
				}
				{bone "glass_1"
					{parameters "ID=glass;"}
					{Position 13.9509	0.0365955	8.15478}
					{VolumeView "glass_1.ply"}
				}
				{bone "glass_2"
					{parameters "ID=glass;"}
					{Position 13.9509	0.0365955	8.15478}
					{VolumeView "glass_2.ply"}
				}
				{bone "headlightl"
					{Matrix34
						0.999896	0.000327517	0.0144186
						-0.00112284	0.998476	0.0551859
						-0.0143785	-0.0551964	0.998372
						16.3644	13.5118	-7.78199
					}
				}
				{bone "headlightr"
					{Matrix34
						0.999896	0.000327517	0.0144186
						-0.00112284	0.998476	0.0551859
						-0.0143785	-0.0551964	0.998372
						16.3819	-14.4501	-9.32209
					}
				}
				{bone "fxlight"
					{Matrix34
						0.999896	0.000327517	0.0144186
						-0.00112284	0.998476	0.0551859
						-0.0143785	-0.0551964	0.998372
						62.5879	-0.113175	-13.2299
					}
				}
				{bone "commander"
					{Matrix34
						0.982834	-0.00907945	0.18427
						-0.00112281	0.998475	0.055186
						-0.18449	-0.0544455	0.981325
						-1.23861	7.32576	-12.7709
					}
				}
				{bone "driver"
					{Matrix34
						0.982834	-0.00907945	0.18427
						-0.00112281	0.998475	0.055186
						-0.18449	-0.0544455	0.981325
						-1.22047	-8.81207	-13.6628
					}
				}
				{bone revolute "steer_wheel"
					{parameters "ID=cabin;"}
					{Matrix34
						0.950387	0	0.31107
						0	1	0
						-0.31107	0	0.950387
						5.87615	-10.0842	3.0316
					}
					{VolumeView "steer_wheel.ply"}
				}
			}
			{bone "engine"
				{Position 35.0055	0.0429074	2.98614}
			}
			{bone "wh_sp"
				{Position -47.7921	12.4299	4.57886}
				{VolumeView "wh_sp.ply"}
			}
		}
	}
}
