;Exported by: dp
;Date:        Sat Sep 28 15:48:27 2013
;File:        C:\Users\dp\Desktop\3\type94_3_xx.max
{Skeleton
	{bone "basis"
		{Orientation
			1	0	0
			0	-1	0
			0	0	1
		}
		{bone "body"
			{parameters "ID=body;"}
			{Matrix34
				0.998609	-0.00103758	-0.0527194
				-0.00523609	0.992914	-0.118723
				0.052469	0.118834	0.991527
				-0.154412	0.223261	11.5432
			}
			{VolumeView "body.ply"}
			{bone "cabin"
				{parameters "ID=cabin;"}
				{Matrix34
					1	0	0
					0	0.999811	-0.0194543
					0	0.0194542	0.999811
					12.4561	-0.0339053	14.8404
				}
				{VolumeView "cabin_2.ply"}
				{bone "door_right"
					{parameters "ID=cabin;"}
					{Matrix34
						-0.228602	0.97352	0
						-0.97352	-0.228602	0
						0	0	1
						6.98066	-15.9951	0
					}
					{VolumeView "door_right_2.ply"}
				}
				{bone "door_left"
					{parameters "ID=cabin;"}
					{Matrix34
						0.357157	-0.934044	0
						0.934044	0.357157	0
						0	0	1
						7.18259	14.411	0
					}
					{VolumeView "door_left_2.ply"}
				}
				{bone "cabin_top"
					{parameters "ID=cabin;"}
					{Matrix34
						0	1	0
						-1	0	0
						0	0	1
						-17.2164	-0.678169	-4.31674
					}
					{VolumeView "cabin_top.ply"}
					{bone "shield"
						{parameters "ID=shield;"}
						{Position 0.0408707	-14.9212	19.6211}
					}
				}
			}
			{bone "engine"
				{parameters "ID=engine;"}
				{Position 50.3517	-0.548225	12.7084}
				{VolumeView "engine.ply"}
				{bone "engine_coverr1"
					{parameters "ID=engine;"}
					{Position -13.3932	-0.126382	5.54916}
					{VolumeView "engine_coverr1.ply"}
					{bone "engine_coverr2"
						{parameters "ID=engine;"}
						{Position 1.11269	-10.1582	-4.1771}
						{VolumeView "engine_coverr2.ply"}
					}
				}
				{bone "engine_coverl1"
					{parameters "ID=engine;"}
					{Position -13.3932	-0.126382	5.54916}
					{VolumeView "engine_coverl1.ply"}
					{bone "engine_coverl2"
						{parameters "ID=engine;"}
						{Matrix34
							0.963614	-0.2673	0
							0.2673	0.963613	0
							0	0	1
							1.06162	10.2006	-4.17716
						}
						{VolumeView "engine_coverl2.ply"}
					}
				}
			}
			{bone "fenderr"
				{parameters "ID=body;"}
				{Position 29.1012	-0.797407	-4.11949}
				{VolumeView "fenderr.ply"}
				{bone "front_light2"
					{parameters "ID=body;"}
					{Position 23.8628	2.01941	14.8085}
					{VolumeView "front_light2.ply"}
				}
			}
			{bone "fenderl"
				{parameters "ID=body;"}
				{Position 29.1012	-0.797407	-4.11949}
				{VolumeView "fenderl.ply"}
			}
			{bone "stand"
				{parameters "ID=body;"}
				{Position -31.0973	-0.291162	12.2689}
				{VolumeView "stand.ply"}
			}
			{bone "side_right"
				{Matrix34
					1	0	0
					0	0	1
					0	-1	0
					-32.3342	-20.8766	7.99874
				}
				{VolumeView "side_right.ply"}
			}
			{bone "side_back"
				{Matrix34
					0	0	1
					0	1	0
					-1	0	0
					-63.4787	-0.677978	8.03835
				}
				{VolumeView "side_back.ply"}
			}
			{bone "side_left"
				{Matrix34
					1	0	0
					0	0	-1
					0	1	0
					-32.506	19.4977	8.02679
				}
				{VolumeView "side_left.ply"}
			}
			{bone "chain_left"
				{Matrix34
					0	1	0
					-0.999816	0	-0.0191972
					-0.0191972	0	0.999816
					-32.7591	22.9715	13.4723
				}
				{VolumeView "chain_left.ply"}
			}
			{bone "chain_right"
				{Matrix34
					0	1	0
					-0.999816	0	-0.0191972
					-0.0191972	0	0.999816
					-32.7622	-24.3144	13.5458
				}
				{VolumeView "chain_right.ply"}
			}
			{bone "chain_back"
				{Matrix34
					0	1	0
					-0.999816	0	-0.0191972
					-0.0191972	0	0.999816
					-63.9248	-0.600804	13.7473
				}
				{VolumeView "chain_back.ply"}
			}
			{bone "backsup"
				{Matrix34
					0	1	0
					-0.999816	0	-0.0191972
					-0.0191972	0	0.999816
					-31.0847	-0.540584	12.2721
				}
				{VolumeView "backsup.ply"}
			}
			{bone "body_gun"
				{parameters "ID=body;"}
				{Matrix34
					-1	0	0
					0	-1	0
					0	0	1
					-37.5303	-0.0186356	4.53005
				}
				{VolumeView "body_gun.ply"}

				{bone "rearleftlever2"
					{Matrix34
						0.897558	-0.440897	0
						0.440897	0.897558	0
						0	0	1
						-4.24508	2.08168	8.3385
					}
					{VolumeView "rearleftlever2.ply"}
				}
				{bone "rearrightlever2"
					{Matrix34
						0.876771	0.480907	0
						-0.480908	0.876771	0
						0	0	1
						-4.1255	-2.30868	8.33652
					}
					{VolumeView "rearrightlever2.ply"}
				}
				{bone revolute "turret"
					{parameters "ID=turret;"}
					{Matrix34
						0.999241	0	-0.0389468
						0.00309433	0.996839	0.0793899
						0.0388237	-0.0794501	0.996083
						-0.0318976	0	11.7051
					}
					{VolumeView "turret.ply"}
					{bone revolute "gun_rot"
						{Matrix34
							0.992422	-0.0836691	-0.089989
							0.0985992	0.105218	0.989549
							-0.0733261	-0.990923	0.11267
							-4.80396	0	6.98169
						}
						{VolumeView "gun_rot.ply"}
						{bone "gun"
							{parameters "ID=gun;"}
							{Matrix34
								1	0	0
								0	0	-1
								0	1	0
								9.69141	-0.0238657	-0.000194073
							}
							{VolumeView "gun.ply"}
						}
						{bone "magazine"
							{VolumeView "magazine.ply"}
						}
					}
					{bone "turret_top"
						{Position 0	0	0}
						{VolumeView "turret_top.ply"}
					}
					{bone "vertical__ever"
						{Position -9.31003	3.75722	5.89652}
						{VolumeView "vertical__ever.ply"}
					}
					{bone "object_2"
						{Position -2.98677	2.97813	9.03664}
						{VolumeView "object_2.ply"}
					}
					{bone "object_3"
						{Position -8.73999	2.63083	10.686}
						{VolumeView "object_3.ply"}
					}
					{bone "object_1"
						{Position -0.0249939	2.97789	6.95213}
						{VolumeView "object_1.ply"}
					}
				}
				{bone "rearleftleg"
					{Matrix34
						0.886075	-0.429788	-0.173648
						0.436418	0.899744	0
						0.156239	-0.0757832	0.984808
						-2.38403	1.15869	5.88838
					}
					{VolumeView "rearleftleg.ply"}
					{bone "rearleftlever1"
						{Matrix34
							0.99994	0.0109838	0
							-0.0109838	0.99994	0
							0	0	1
							-4.82213	-0.00439023	0.272842
						}
						{VolumeView "rearleftlever1.ply"}
					}
				}
				{bone "rearrightleg"
					{Matrix34
						0.858891	0.468058	-0.207912
						-0.478515	0.878079	0
						0.182563	0.0994889	0.978148
						-2.31795	-1.28684	6.64996
					}
					{VolumeView "rearrightleg.ply"}
					{bone "rearrightlever1"
						{Matrix34
							0.99995	-0.00997971	0
							0.00997967	0.99995	0
							0	0	1
							-4.738	-0.0217762	-0.529126
						}
						{VolumeView "rearrightlever1.ply"}
					}
				}
				{bone "rear_left_leg_3"
					{Position 0.0326049	0	9.5561}
					{VolumeView "rear_left_leg_3.ply"}
				}
				{bone "rear_right_leg_3"
					{Position 0.0299234	0	9.07644}
					{VolumeView "rear_right_leg_3.ply"}
				}
			}
		}
		{bone "pivot_front"
			{Matrix34
				0.998356	0.000910691	0.0573059
				-0.000912181	1	0
				-0.0573058	-5.22845e-005	0.998357
				42.2626	0.0529479	8.8386
			}
			{VolumeView "pivot_front.ply"}
			{bone revolute "steerr"
				{parameters "ID=body;"}
				{Matrix34
					0.998353	-0.00287596	-0.0573053
					-0.00287124	-0.999996	0.000165016
					0.0573057	0	0.998357
					-0.420948	-17.8546	-1.96813
				}
				{VolumeView "steerr.ply"}
				{bone revolute "wheelr1"
					{parameters "ID=wheelright1;Support=1;Radius=0.4;"}
					{Matrix34
						-0.999998	0.00196313	0
						0	0	1
						-0.00196314	-0.999998	0
						0.0511742	2.39482	-0.00175762
					}
					{VolumeView "wheelr1.ply"}
				}
			}
			{bone revolute "steerl"
				{parameters "ID=body;"}
				{Matrix34
					0.99835	0.00374773	-0.057305
					0.00374156	-0.999993	-0.000214685
					0.0573055	0	0.998357
					-0.391056	14.9801	-1.96985
				}
				{VolumeView "steerl.ply"}
				{bone revolute "wheell1"
					{parameters "ID=wheelright1;Support=1;Radius=0.4;"}
					{Matrix34
						-0.999989	-0.00465931	0
						0	0	1
						-0.00465931	0.999989	0
						0.066124	-4.21304	-0.00175476
					}
					{VolumeView "wheelr1.ply"}
				}
			}
		}
		{bone "pivot_back"
			{parameters "ID=body;"}
			{Matrix34
				0.999986	0.00523596	0
				-0.00523596	0.999986	0
				0	0	1
				-30.5124	0.223261	6.74165
			}
			{VolumeView "pivot_back.ply"}
			{bone revolute "wheelr2"
				{parameters "ID=wheelright1;Support=1;Radius=0.4;"}
				{Matrix34
					-0.999986	0.00523675	0
					0	0	1
					0.00523676	0.999986	0
					12.1376	-20.4839	0.106165
				}
				{VolumeView "wheelr1.ply"}
			}
			{bone revolute "wheelr3"
				{parameters "ID=wheelright1;Support=1;Radius=0.4;"}
				{Matrix34
					-0.999986	0.00523675	0
					0	0	1
					0.00523676	0.999986	0
					-12.4838	-20.355	0.106161
				}
				{VolumeView "wheelr1.ply"}
			}
			{bone revolute "wheell2"
				{parameters "ID=wheelright1;Support=1;Radius=0.4;"}
				{Matrix34
					-0.999986	0.00523675	0
					0	0	1
					-0.00523675	-0.999986	0
					-12.2773	19.0873	0.106161
				}
				{VolumeView "wheelr1.ply"}
			}
			{bone revolute "wheell3"
				{parameters "ID=wheelright1;Support=1;Radius=0.4;"}
				{Matrix34
					-0.999986	0.00523675	0
					0	0	1
					-0.00523675	-0.999986	0
					12.3441	18.9584	0.106165
				}
				{VolumeView "wheelr1.ply"}
			}
		}
	}
}
{Volume "body2_vol"
	{Box 5 5 5.5}
	{Bone "body_gun"}
	{Position 0.00713348	0.277139	10.9881}
}
{Volume "body3_vol"
	{Cylinder 1.05421 16}
	{Bone "body_gun"}
	{Matrix34
		1	0	0
		0	0	1
		0	-1	0
		1.94913	-0.00463438	9.66206
	}
}
{Volume "body"
	{Box 111.176 20.9157 4.07083}
	{Bone "body"}
	{Matrix34
		0.999986	-0.00523612	0
		0.00523613	0.999986	0
		0	0	1
		-0.268536	-0.775551	-0.697483
	}
}
{Volume "cabin"
	{Polyhedron "cabin.vol"}
	{Bone "cabin"}
	{Matrix34
		0.999986	-0.00523612	0
		0.00523613	0.999986	0
		0	0	1
		-2.83453	-0.709159	-13.8897
	}
}
{Volume "engine"
	{Polyhedron "engine.vol"}
	{Bone "engine"}
	{Matrix34
		0.999986	-0.00523612	0
		0.00523613	0.999986	0
		0	0	1
		-14.2045	-0.080828	-11.4124
	
	}
}
{Volume "gun2"
	{Box 19 4.47837 3}
	{Bone "gun_rot"}
	{Matrix34
		1	0	0
		0	0	-1
		0	1	0
		4.07669	-0.62365	0.0660493
	}
}
{Volume "gun"
	{Cylinder 0.7 23.5}
	{Bone "gun"}
	{Matrix34
		0	-1	0
		0	0	1
		-1	0	0
		11.6319	0.000927157	-0.0012937
	}
}
{Volume "magazine"
	{Polyhedron "magazine.vol"}
	{Bone "magazine"}
	{Matrix34
		0.980286	-0.197583	0
		0	0	-1
		0.197583	0.980286	0
		2.03243	2.85359	-0.0245647
	}
}
{Volume "stand"
	{Polyhedron "stand.vol"}
	{Bone "stand"}
	{Position -8.64703	0.276713	-3.7775}
}
{Volume "turret"
	{Polyhedron "turret.vol"}
	{Bone "turret"}
	{Position -2.60176	-0.0359843	1.71539}
}
{Volume "wheelleft1"
	{Cylinder 7.25 5}
	{Bone "wheell1"}
	{Matrix34
		-1	0	0
		0	1	0
		0	0	1
		-0.0126015	0.0506912	1.99686
	}
}
{Volume "wheelleft2"
	{Cylinder 7.25 5}
	{Bone "wheell2"}
	{Matrix34
		-1	0	0
		0	1	0
		0	0	1
		-24.7085	0.0507107	1.99679
	}
}
{Volume "wheelleft3"
	{Cylinder 7.25 5}
	{Bone "wheell3"}
	{Matrix34
		-1	0	0
		0	1	0
		0	0	1
		24.6273	0.0507145	1.99684
	}
}
{Volume "wheelright1"
	{Cylinder 7.25 5}
	{Bone "wheelr1"}
	{Matrix34
		-1	0	0
		0	1	0
		0	0	-1
		0.0231578	0.0481379	2.12828
	}
}
{Volume "wheelright2"
	{Cylinder 7.25 5}
	{Bone "wheelr2"}
	{Matrix34
		-1	0	0
		0	1	0
		0	0	-1
		-0.0509617	0.0481529	2.12824
	}
}
{Volume "wheelright3"
	{Cylinder 7.25 5}
	{Bone "wheelr3"}
	{Matrix34
		-1	0	0
		0	1	0
		0	0	-1
		0.0412738	0.0481553	2.12823
	}
}
