;Exported by: Normand
;Date:        Wed Aug 15 12:45:30 2018
;File:        C:\Users\Normand\mle37.max
{Skeleton
	{animation
		{sequence "recoil" {speed 0.5}}
		{sequence "close" {speed 0.3}}
	}
	{bone revolute "basis"
		{speed 0.01}
		{Orientation
			1	0	0
			0	-1	0
			0	0	1
		}
		{bone "pivot_front"
			{Position -0.104846	-0.66946	9.36983}
			{VolumeView "pivot_front.ply"}
			{bone revolute "wheelr"
				{parameters "ID=wheelright;Radius=0.475;support=1;"}
				{Matrix34
					-1	0	0
					0	0	1
					0	1	0
					0.00748931	-13.8757	0.0526733
				}
				{VolumeView "wheelr.ply"}
			}
			{bone revolute "wheell"
				{parameters "ID=wheelleft;Radius=0.475;support=1;"}
				{Matrix34
					-1	0	0
					0	0	1
					0	1	0
					-0.00245906	13.8808	-0.0526886
				}
				{VolumeView "wheell.ply"}
			}
			{bone "fxtracel1"
				{Position 0.157439	13.3882	-9.1967}
			}
			{bone "fxtracer1"
				{Position 0.0864882	-13.2923	-9.19671}
			}
		}
		{bone "body"
			{parameters "ID=body;"}
			{animation
				{sequence "repair" {file "body_r.anm"} {speed 0.3}}
			}
			{Position -1.41804	-0.69567	9.36992}
			{VolumeView "body.ply"}
			{bone "shield2"
				{parameters "ID=body;"}
				{Position 4.44942	0.348315	-3.89796}
				{VolumeView "shield2.ply"}
			}
			{bone "standr"
				{parameters "ID=body;"}
				{Position -6.86288	-10.1745	-4.05372}
				{VolumeView "standr.ply"}
				{bone "standr1"
					{parameters "ID=body;"}
					{Matrix34
						0.957529	0.288335	0
						0.288335	-0.957529	0
						0	0	1
						-40.2132	-11.6279	-2.16228
					}
					{VolumeView "standr1.ply"}
				}
			}
			{bone "standl"
				{parameters "ID=body;"}
				{Position -5.39942	9.23138	-4.08263}
				{VolumeView "standl.ply"}
				{bone "standl1"
					{Matrix34
						0.957529	-0.288335	0
						0.288335	0.957529	0
						0	0	1
						-41.6337	12.7574	-2.13338
					}
					{VolumeView "standl1.ply"}
				}
			}
			{bone revolute "turret"
				{parameters "ID=turret;"}
				{animation
					{sequence "repair" {file "turret_r.anm"} {speed 0.3}}
				}
				{limits -34 34}
				{speed 0.004}
				{Position 1.36751	0.521605	-0.517326}
				{VolumeView "turret.ply"}
				{bone revolute "gun_rot"
					{parameters "ID=gun;"}
					{limits -13 16}
					{speed 0.003}
					{Matrix34
						1	0	0
						0	0	1
						0	-1	0
						-1.03791	1.50177	5.77647
					}
					{VolumeView "gun_rot.ply"}
					{bone "gun"
						{parameters "ID=gun;"}
						{animation
							{sequence "repair" {file "gun_r.anm"} {speed 0.3}}
						}
						{Matrix34
							1	0	0
							0	0	-1
							0	1	0
							10.3194	-0.831683	1.04168
						}
						{VolumeView "gun.ply"}
						{bone "fx_invers"
							{Matrix34
								-1	0	0
								0	-1	0
								0	0	1
								-21.5719	-0.318559	-0.183147
							}
						}
						{bone "visor"
							{Matrix34
								1	0	0
								0	1	0
								0	0	1
								-2.56903	-0.3747	3.97927
							}
						}
						{bone "foresight1"
							{Matrix34
								1	0	0
								0	1	0
								0	0	1
								24.8712	-0.321182	-0.118796
							}
						}
					}
				}
				{bone "shield"
					{Position -0.54194	-0.401183	8.04581}
					{VolumeView "shield.ply"}
				}
			}
			{bone "link1"
				{Matrix34
					-0.987663	0	-0.156597
					0	-1	0
					-0.156597	0	0.987663
					-54.6294	-0.0216456	-4.73826
				}
			}
			{bone "visor2"
				{Matrix34
					1	0	0
					0	1	0
					0	0	1
					1.43453	-13.6925	13.3233
				}
			}
		}
		{bone "emit2"
			{Position -25.7903	-30.2903	-0.044499}
			{visibility 0}
		}
		{bone "emit1"
			{Position -26.785	26.7821	-0.0445017}
			{visibility 0}
		}
		{bone "commander"
			{Position -25.6539	-10.215	-0.0445002}
		}
		{bone "gunner"
			{Position -20.2235	9.9115	-0.0444995}
		}
		{bone "driver2"
			{Position -43.197	11.5889	-0.0445009}
		}
		{bone "driver1"
			{Position -43.7432	-11.6558	-0.0445014}
		}
		{bone "seat1"
			{Matrix34
				0.600489	0.79943	-0.0180303
				-0.799621	0.600449	-0.00814117
				0.00431803	0.0193062	0.999804
				-28.6644	6.36601	0.580511
			}
		}
		{bone "seat2"
			{Matrix34
				0.204541	-0.975	-0.0868241
				0.978531	0.205958	-0.00759608
				0.0252883	-0.0834064	0.996195
				-17.8418	-7.61427	0.790223
			}
		}
	}
}
{Volume "body"
	{Box 4 4.5 20}
	{Bone "body"}
	{Matrix34
		1	0	0
		0	0	1
		0	-1	0
		-1.43518	0.173101	-1.73589
	}
}
{Volume "gun_rot"
	{Box 25 4 5.5}
	{Bone "gun_rot"}
	{Matrix34
		1	0	0
		0	0	-1
		0	1	0
		-0.421253	-0.0862942	1.37037
	}
}
{Volume "gun"
	{Cylinder 1.2 45}
	{Bone "gun"}
	{Matrix34
		0	-1	0
		0	0	1
		-1	0	0
		2.16128	-0.0154748	-0.246096
	}
}
{Volume "shield1"
	{Polyhedron "shield1.vol"}
	{Bone "shield"}
	{Matrix34
		0	-1	0
		0.00112398	0	0.999999
		-0.999999	0	0.00112398
		1.08563	-0.0533729	-1.80021
	}
}
{Volume "shield2"
	{Box 19.5 4.5 0.5}
	{Bone "shield2"}
	{Matrix34
		0	-1	0
		0	0	1
		-1	0	0
		-0.0115993	-0.0601871	-0.187619
	}
}
{Volume "shield"
	{Box 24.5 6.5 0.5}
	{Bone "shield"}
	{Matrix34
		0	-1	0
		-0.445161	0	0.895451
		-0.895451	0	-0.445161
		-0.445575	-0.0533731	4.31258
	}
}
{Volume "standl"
	{Box 45 2.5 2.5}
	{Bone "standl"}
	{Matrix34
		0.941473	-0.29613	0.161045
		0.301317	0.953489	-0.00823047
		-0.151117	0.0562741	0.986913
		-22.2337	6.09711	-0.815996
	}
}
{Volume "standr"
	{Box 45 2.5 2.5}
	{Bone "standr"}
	{Matrix34
		0.942813	0.291776	0.161151
		-0.296854	0.954891	0.00783808
		-0.151595	-0.0552282	0.986899
		-20.7036	-5.74691	-0.775648
	}
}
{Volume "turret"
	{Box 8.5 8.5 2.5}
	{Bone "turret"}
	{Position -0.0841606	-0.00288609	-0.28103}
}
{Volume "wheelleft"
	{Cylinder 10.1 2}
	{Bone "wheell"}
	{Matrix34
		-1	0	0
		0	1	0
		0	0	-1
		-0.0217275	-0.0401017	-0.698227
	}
}
{Volume "wheelright"
	{Cylinder 10.1 2}
	{Bone "wheelr"}
	{Matrix34
		-1	0	0
		0	1	0
		0	0	-1
		-0.0596039	-0.0324396	0.64393
	}
}
