;Exported by: Normand
;Date:        Sun Jul 05 19:08:46 2020
;File:        C:\Users\Normand\french_scout_xx.max
{Skeleton
	{bone "basis"
		{parameters "SteerMax=30;WheelRadius=0.18;"}
		{Orientation
			1	0	0
			0	-1	0
			0	0	1
		}
		{bone "body"
			{parameters "ID=body;"}
			{Matrix34
				0.999156	-0.0117607	0.0393647
				0.0108399	0.999665	0.0235223
				-0.0396282	-0.0230757	0.998948
				1.16298	0.0538424	8.5481
			}
			{VolumeView "body.ply"}
			{bone "motor"
				{parameters "ID=body;"}
				{Position 14.1704	-1.0801	-1.201}
				{VolumeView "motor.ply"}
			}
			{bone revolute "steerrudder"
				{parameters "ID=body;"}
				{Matrix34
					0.449859	0	0.8931
					0	1	0
					-0.8931	0	0.449859
					8.88856	-8.01877	11.0915
				}
				{VolumeView "steerrudder.ply"}
			}
			{bone "wh_sp"
				{parameters "ID=body;"}
				{Position -5.2291	0.253182	7.54205}
				{VolumeView "wh_sp.ply"}
			}
			{bone "wh_sp2"
				{parameters "ID=body;"}
				{Position 1.10854	0.0112816	-1.5795}
				{VolumeView "wh_sp2.ply"}
			}
			{bone "engine"
				{parameters "ID=engine;"}
				{VolumeView "engine.ply"}
				{bone "engine_cover2"
					{parameters "ID=engine;"}
					{Matrix34
						0.99294	0	-0.118615
						0.046717	0.919173	0.391074
						0.109028	-0.393854	0.912684
						27.9141	0.708138	9.01356
					}
					{VolumeView "engine_cover2.ply"}
				}
				{bone "engine_cover1"
					{parameters "ID=engine;"}
					{Matrix34
						0.99294	0	-0.118615
						-0.0358313	0.953282	-0.299948
						0.113074	0.302081	0.946552
						27.9141	-0.492028	9.01374
					}
					{VolumeView "engine_cover1.ply"}
				}
			}
		}
		{bone "pivot_front"
			{parameters "ID=body;"}
			{Position 23.1392	-1.76023	5.51054}
			{VolumeView "pivot_front.ply"}
			{bone revolute "steerl"
				{Matrix34
					-1	0	0
					0	1	0
					0	0	1
					-0.00600815	15.6681	-0.0613241
				}
				{bone revolute "wheell1"
					{parameters "ID=wheelleft1;"}
					{Matrix34
						1	0	0
						0	0	1
						0	1	0
						-0.0975533	0.811659	0.0455198
					}
					{VolumeView "wheell1.ply"}
				}
			}
			{bone revolute "steerr"
				{Matrix34
					-1	0	0
					0	1	0
					0	0	1
					-0.00600052	-12.0131	-0.0613241
				}
				{bone revolute "wheelr1"
					{parameters "ID=wheelright1;"}
					{Matrix34
						1	0	0
						0	0	1
						0	1	0
						-0.0975456	-0.946516	0.0455236
					}
					{VolumeView "wheelr1.ply"}
				}
			}
			{bone "sping"
				{parameters "ID=body;"}
				{Position 0.347626	1.75197	1.2425}
				{VolumeView "sping.ply"}
			}
		}
		{bone "pivot_back"
			{Position -11.7376	2.16046	5.41437}
			{VolumeView "pivot_back.ply"}
			{bone revolute "wheell2"
				{parameters "ID=wheelleft2;"}
				{Matrix34
					-1	0	0
					0	0	1
					0	1	0
					-9.86225	12.5732	0.0803747
				}
				{VolumeView "wheell2.ply"}
			}
			{bone revolute "wheelr2"
				{parameters "ID=wheelright2;"}
				{Matrix34
					-1	0	0
					0	0	1
					0	1	0
					-9.86225	-16.9118	0.0803719
				}
				{VolumeView "wheelr2.ply"}
			}
		}
	}
}
{Volume "body2"
	{Polyhedron "body2.vol"}
	{Bone "body"}
	{Position -0.211327	0.0222552	-0.291893}
}
{Volume "body"
	{Box 66 12.4567 2.59515}
	{Bone "body"}
	{Position -1.30396	0.169335	-0.25723}
}
{Volume "bodyback"
	{Box 33 33.25 13}
	{Bone "body"}
	{Position -22.6006	-0.0284821	6.11607}
}
{Volume "engine"
	{Polyhedron "engine.vol"}
	{Bone "body"}
	{Position 25.8335	-0.00320148	-0.320313}
}
{Volume "wheelleft1"
	{Cylinder 8.76118 4}
	{Bone "wheell1"}
	{Matrix34
		-1	0	0
		0	1	0
		0	0	-1
		0.0417366	0.00555355	-0.485338
	}
}
{Volume "wheelleft2"
	{Cylinder 8.76118 4}
	{Bone "wheell2"}
	{Matrix34
		-1	0	0
		0	1	0
		0	0	-1
		0.00690846	0.00555212	-0.499419
	}
}
{Volume "wheelright1"
	{Cylinder 8.76118 4}
	{Bone "wheelr1"}
	{Matrix34
		-1	0	0
		0	1	0
		0	0	-1
		0.0417366	0.00554973	0.511345
	}
}
{Volume "wheelright2"
	{Cylinder 8.76118 4}
	{Bone "wheelr2"}
	{Matrix34
		-1	0	0
		0	1	0
		0	0	-1
		0.00690846	0.00554926	0.54281
	}
}
