;Exported by: Normand
;Date:        Sat Sep 14 20:59:19 2013
;File:        C:\Users\Normand\type94_1.max
{Skeleton
	{bone "basis"
		{Orientation
			1	0	0
			0	-1	0
			0	0	1
		}
		{bone "body"
			{parameters "ID=body;"}
			{animation
				{sequence "break" {file "body_b.anm"} {speed 1}}
			}
			{Matrix34
				0.999986	0.00523596	0
				-0.00523596	0.999986	0
				0	0	1
				-0.154412	0.223261	17.7029
			}
			{VolumeView "body.ply"}
			{bone "barrel"
				{parameters "ID=fuel;"}
				{Matrix34
					0.999986	-0.00523613	0
					0	0	-1
					0.00523613	0.999986	0
					58.6618	-8.8982	4.5
				}
				{VolumeView "barrel.ply"}
			}
			{bone "barrel1"
				{parameters "ID=body;"}
				{Matrix34
					0.936264	-0.351297	0
					0.351297	0.936264	0
					0	0	1
					-13.0186	-0.271042	8.20211
				}
				{VolumeView "barrel.ply"}	
			}
			{bone "barrel2"
				{parameters "ID=body;"}
				{Matrix34
					0.999986	-0.00523613	0
					0.00523613	0.999986	0
					0	0	1
					-13.62	-11.8276	8.20211
				}
				{VolumeView "barrel.ply"}
			}
			{bone "barrel3"
				{parameters "ID=body;"}
				{Matrix34
					0.935953	0.352125	0
					-0.352125	0.935953	0
					0	0	1
					-25.2381	-0.0066424	8.20211
				}
				{VolumeView "barrel.ply"}
			}
			{bone "barrel4"
				{parameters "ID=body;"}
				{Matrix34
					0.999986	-0.00523613	0
					0.00523613	0.999986	0
					0	0	1
					-24.5713	11.7203	8.20211
				}
				{VolumeView "barrel.ply"}
			}
			{bone "barrel5"
				{parameters "ID=body;"}
				{Matrix34
					0.989873	-0.141959	0
					0.141959	0.989873	0
					0	0	1
					-28.593	-13.362	8.20211
				}
				{VolumeView "barrel.ply"}
			}
			{bone "barrel6"
				{parameters "ID=body;"}
				{Matrix34
					0.966687	0.255962	0
					-0.255962	0.966687	0
					0	0	1
					-13.0266	11.4184	8.20211
				}
				{VolumeView "barrel.ply"}
			}
			{bone "barrel7"
				{parameters "ID=body;"}
				{Matrix34
					0.992031	0.125992	0
					-0.125992	0.992031	0
					0	0	1
					-35.962	7.29453	8.20211
				}
				{VolumeView "barrel.ply"}
			}
			{bone "cabin"
				{parameters "ID=cabin;"}
				{animation
					{sequence "break" {file "cabin_b.anm"} {speed 0.5}}
				}
				{Position 12.4561	-0.0339048	14.8404}
				{VolumeView "cabin.ply"}
				{bone "door_right"
					{parameters "ID=cabin;"}
					{Position 6.98067	-15.9951	0}
					{VolumeView "door_right.ply"}
					{bone "glass_doorr"
						{parameters "ID=body;"}
						{Matrix34
							0.999286	0.0377785	0
							-0.0377785	0.999286	0
							0	0	1
							-6.82105	-0.627355	7.49747
						}
						{VolumeView "glass_doorr.ply"}
					}
					{bone "enumerator1"
						{parameters "ID=enumerator;"}
						{Matrix34
							0.98724	0.159223	0.00211331
							-0.159223	0.987243	-7.67881e-005
							-0.00209864	-0.000260723	0.999998
							-8.67426	-1.25917	-3.42075
						}
						{VolumeView "enumerator1.ply"}
					}
				}
				{bone "door_left"
					{parameters "ID=cabin;"}
					{Position 7.18259	14.411	0}
					{VolumeView "door_left.ply"}
					{bone "glass_doorl"
						{parameters "ID=body;"}
						{Matrix34
							0.999448	-0.0332348	0
							0.0332348	0.999448	0
							0	0	1
							-7.21139	0.729701	7.18883
						}
						{VolumeView "glass_doorl.ply"}
					}
					{bone "enumerator2"
						{parameters "ID=enumerator;"}
						{Matrix34
							0.987472	-0.157779	0.00211138
							0.157779	0.987474	2.21808e-005
							-0.00208848	0.000311565	0.999998
							-8.60667	1.37803	-3.85149
						}
						{VolumeView "enumerator2.ply"}
					}
				}
				{bone "glass_front"
					{parameters "ID=body;"}
					{Position 8.1902	-0.0428846	8.49241}
					{VolumeView "glass_front.ply"}
				}
				{bone "glass_right"
					{parameters "ID=body;"}
					{Position -9.57456	-17.6243	7.78518}
					{VolumeView "glass_right.ply"}
				}
				{bone "glass_left"
					{parameters "ID=body;"}
					{Position -9.41504	16.001	7.78518}
					{VolumeView "glass_left.ply"}
				}
				{bone "driver"
					{Matrix34
						0.988463	-0.00383979	0.151416
						0.00413546	0.99999	-0.0016379
						-0.151408	0.00224518	0.988469
						-0.200638	-7.59501	-14.4209
					}
				}
				{bone "commander"
					{Matrix34
						0.988463	-0.00383979	0.151416
						0.00413546	0.99999	-0.0016379
						-0.151408	0.00224518	0.988469
						-0.138157	4.33831	-14.4209
					}
				}
			}
			{bone "engine"
				{parameters "ID=engine;"}
				{animation
					{sequence "break" {file "engine_b.anm"} {speed 0.5}}
				}
				{Position 50.3392	-0.939271	12.7347}
				{VolumeView "engine.ply"}
				{bone "engine_coverr1"
					{parameters "ID=engine;"}
					{Matrix34
						0.0218487	0	0.999761
						0	1	0
						-0.999761	0	0.0218487
						-13.3967	-0.0223576	5.54214
					}
					{VolumeView "engine_coverr1.ply"}
					{bone "engine_coverr2"
						{parameters "ID=engine;"}
						{Matrix34
							0.999614	0	0.0277927
							-0.0083053	0.954306	0.298715
							-0.0265227	-0.29883	0.953938
							-4.15293	-10.1666	-1.12696
						}
						{VolumeView "engine_coverr2.ply"}
					}
				}
				{bone "engine_coverl1"
					{parameters "ID=engine;"}
					{Matrix34
						0.0218487	0	0.999761
						0	1	0
						-0.999761	0	0.0218487
						-13.3967	-0.0223576	5.54214
					}
					{VolumeView "engine_coverl1.ply"}
					{bone "engine_coverl2"
						{parameters "ID=engine;"}
						{Matrix34
							0.999614	0	0.0277927
							0.00755931	0.9623	-0.271884
							-0.0267449	0.271989	0.961929
							-4.1506	10.1738	-1.23343
						}
						{VolumeView "engine_coverl2.ply"}
					}
				}
			}
			{bone "fenderr"
				{parameters "ID=body;"}
				{Position 29.1012	-0.797407	-4.11949}
				{VolumeView "fenderr.ply"}
				{bone "front_light2"
					{parameters "ID=body;"}
					{Position 23.8628	2.01941	14.8085}
					{VolumeView "front_light2.ply"}
					{bone "headlightl"
						{Matrix34
							0.999986	-0.00523613	0
							0.00523613	0.999986	0
							0	0	1
							1.77924	8.18595	0.125822
						}
					}
				}
				{bone "front_light1"
					{parameters "ID=body;"}
					{Matrix34
						0.999945	-0.0104718	0
						-0.0104718	-0.999945	0
						0	0	1
						23.8398	-2.36247	14.8085
					}
					{VolumeView "front_light1.ply"}
					{bone "headlightr"
						{Matrix34
							0.999986	-0.00523604	0
							-0.00523604	-0.999986	0
							0	0	1
							1.76007	8.20823	0.125822
						}
					}
				}
			}
			{bone "fenderl"
				{parameters "ID=body;"}
				{Position 29.1012	-0.797407	-4.11949}
				{VolumeView "fenderl.ply"}
			}
			{bone "fxstop1"
				{Matrix34
					-1	-0.00043091	0
					0.00043091	-1	0
					0	0	1
					-57.5042	15.8851	2.96763
				}
			}
			{bone "fxstop2"
				{Matrix34
					-1	-0.00043091	0
					0.00043091	-1	0
					0	0	1
					-57.6723	-16.4749	2.96763
				}
			}
			{bone "fxfire1"
				{Matrix34
					0.999986	-0.00523613	0
					0.00523613	0.999986	0
					0	0	1
					34.5341	0.57783	7.99845
				}
			}
			{bone "fxsmoke1"
				{Matrix34
					0.999986	-0.00523613	0
					0.00523613	0.999986	0
					0	0	1
					-8.27569	10.4023	-4.62236
				}
			}
			{bone "visor"
				{Matrix34
					0.999986	-0.00523613	0
					0.00523613	0.999986	0
					0	0	1
					27.3756	-7.74413	25.2159
				}
			}
			{bone "seat01"
				{Matrix34
					-0.00781592	-0.999969	0
					0.999969	-0.00781592	0
					0	0	1
					-8.99299	7.17525	8.20568
				}
			}
			{bone "seat02"
				{Matrix34
					0.012679	0.99992	0
					-0.99992	0.012679	0
					0	0	1
					-9.07604	-8.6865	8.20568
				}
			}
			{bone "seat03"
				{Matrix34
					-0.00781592	-0.999969	0
					0.999969	-0.00781592	0
					0	0	1
					-19.7786	7.23172	8.20568
				}
			}
			{bone "seat04"
				{Matrix34
					0.012679	0.99992	0
					-0.99992	0.012679	0
					0	0	1
					-19.8617	-8.63003	8.20568
				}
			}
			{bone "seat05"
				{Matrix34
					-0.00781592	-0.999969	0
					0.999969	-0.00781592	0
					0	0	1
					-31.2746	7.29192	8.20568
				}
			}
			{bone "seat06"
				{Matrix34
					0.012679	0.99992	0
					-0.99992	0.012679	0
					0	0	1
					-31.3577	-8.56984	8.20568
				}
			}
			{bone "seat07"
				{Matrix34
					-0.00781592	-0.999969	0
					0.999969	-0.00781592	0
					0	0	1
					-42.8741	7.35265	8.20568
				}
			}
			{bone "seat08"
				{Matrix34
					0.012679	0.99992	0
					-0.99992	0.012679	0
					0	0	1
					-42.9571	-8.5091	8.20568
				}
			}
			{bone "seat09"
				{Matrix34
					-0.00781592	-0.999969	0
					0.999969	-0.00781592	0
					0	0	1
					-52.7595	7.40441	8.20568
				}
			}
			{bone "seat10"
				{Matrix34
					0.012679	0.99992	0
					-0.99992	0.012679	0
					0	0	1
					-52.8426	-8.45734	8.20568
				}
			}
		}
		{bone "pivot_front"
			{Matrix34
				0.998356	0.000910691	0.0573059
				-0.000912181	1	0
				-0.0573058	-5.22845e-005	0.998357
				42.2626	0.0529478	12.3959
			}
			{VolumeView "pivot_front.ply"}
			{bone revolute "steerr"
				{parameters "ID=body;"}
				{Matrix34
					0.998353	-0.00287596	-0.0573053
					-0.00287124	-0.999996	0.000165016
					0.0573057	0	0.998357
					-0.420948	-17.8546	-1.96813
				}
				{VolumeView "steerr.ply"}
				{bone revolute "wheelr1"
					{parameters "ID=wheelright1;Support=1;Radius=0.45;"}
					{Matrix34
						-0.999998	0.00196313	0
						0	0	1
						-0.00196314	-0.999998	0
						0.0511742	2.39482	-0.00175667
					}
					{VolumeView "wheelr1.ply"}
				}
				{bone "fxtracer1"
					{Matrix34
						0.999998	-0.00196377	0
						-0.00196376	-0.999998	0
						0	0	1
						0.14526	0.135511	-10.4069
					}
				}
			}
			{bone revolute "steerl"
				{parameters "ID=body;"}
				{Matrix34
					0.99835	0.00374773	-0.057305
					0.00374156	-0.999993	-0.000214685
					0.0573055	0	0.998357
					-0.391056	14.9801	-1.96984
				}
				{VolumeView "steerr.ply"}
				{bone revolute "wheell1"
					{parameters "ID=wheelleft1;Support=1;Radius=0.45;"}
					{Matrix34
						-0.999989	-0.00465955	0
						0	0	1
						-0.00465955	0.999989	0
						0.0661201	-4.21287	-0.00175762
					}
					{VolumeView "wheell1.ply"}
				}
				{bone "fxtracel1"
					{Matrix34
						0.999989	0.00466002	0
						0.00466003	-0.999989	0
						0	0	1
						0.055542	-2.16167	-10.4069
					}
				}
			}
		}
		{bone "pivot_back"
			{parameters "ID=body;"}
			{Matrix34
				0.999986	0.00523596	0
				-0.00523596	0.999986	0
				0	0	1
				-30.5124	0.223261	10.2989
			}
			{VolumeView "pivot_back.ply"}
			{bone revolute "wheelr2"
				{parameters "ID=wheelright2;Support=1;Radius=0.45;"}
				{Matrix34
					-0.999986	0.00523645	0
					0	0	1
					0.00523645	0.999986	0
					12.1418	-20.484	0.106176
				}
				{VolumeView "wheelr2.ply"}
			}
			{bone revolute "wheelr3"
				{parameters "ID=wheelright3;Support=1;Radius=0.45;"}
				{Matrix34
					-0.999986	0.00523645	0
					0	0	1
					0.00523645	0.999986	0
					-12.475	-20.3551	0.106176
				}
				{VolumeView "wheelr3.ply"}
			}
			{bone revolute "wheell2"
				{parameters "ID=wheelleft2;Support=1;Radius=0.45;"}
				{Matrix34
					-0.999986	0.00523582	0
					0	0	1
					-0.00523582	-0.999986	0
					12.3483	18.9582	0.106176
				}
				{VolumeView "wheell2.ply"}
			}
			{bone revolute "wheell3"
				{parameters "ID=wheelleft3;Support=1;Radius=0.45;"}
				{Matrix34
					-0.999986	0.00523582	0
					0	0	1
					-0.00523582	-0.999986	0
					-12.2684	19.0871	0.106176
				}
				{VolumeView "wheell3.ply"}
			}
			{bone "fxtracel2"
				{Matrix34
					0.999986	-0.00523613	0
					0.00523613	0.999986	0
					0	0	1
					-12.4111	17.1033	-10.2989
				}
			}
			{bone "fxtracer2"
				{Matrix34
					0.999986	-0.00523613	0
					0.00523613	0.999986	0
					0	0	1
					-12.5954	-18.0837	-10.2989
				}
			}
		}
		{bone "link2"
			{Matrix34
				-1	0	0
				0	-1	0
				0	0	1
				-58.7409	-0.297892	17.402
			}
		}
		{bone "emit2"
			{Matrix34
				-0.00124852	-0.999999	0
				0.999999	-0.00124852	0
				0	0	1
				0.257843	39.4611	0
			}
		}
		{bone "emit1"
			{Matrix34
				0.00200172	0.999998	0
				-0.999998	0.00200172	0
				0	0	1
				0.318418	-40.7997	0
			}
		}
	}
}
