;Exported by: andre
;Date:        Thu Sep 28 02:02:28 2023
;File:        C:\Users\andre\Desktop\280 Rkh44_xx.max
{Skeleton
	{bone revolute "basis"
		{Orientation
			1	0	0
			0	-1	0
			0	0	1
		}
		{bone "body_xx"
			{parameters "ID=body;"}
			{Matrix34
				0.982473	0	0.186407
				0	1	0
				-0.186407	0	0.982473
				1.43527	0	8.10933
			}
			{VolumeView "body_xx.ply"}
			{bone "tug_xx"
				{parameters "ID=body;"}
				{Matrix34
					0.995891	0.0820792	-0.0382637
					-0.0779469	0.992008	0.0992207
					0.0461018	-0.0958305	0.994329
					-10.2245	0	2.0679
				}
				{VolumeView "tug_xx.ply"}
			}
			{bone revolute "wheell1"
				{parameters "ID=wheelleft1;Radius=0.60;"}
				{Matrix34
					-1	0	0
					0	0	1
					0	1	0
					0.0922599	13.1225	-0.0937567
				}
				{VolumeView "wheell1.ply"}
			}
			{bone revolute "wheelr1"
				{parameters "ID=wheelright1;Radius=0.60;"}
				{Matrix34
					-1	0	0
					0	0	1
					0	1	0
					0.0922585	-13.1224	-0.0937586
				}
				{VolumeView "wheelr1.ply"}
			}
			{bone "turret_lever_holder"
				{Matrix34
					-0.800299	0.573541	-0.17485
					-0.561272	-0.819169	-0.118054
					-0.210941	0.0036598	0.977492
					-6.20896	-0.0101954	5.80435
				}
				{VolumeView "turret_lever_holder.ply"}
				{bone "turret_lever"
					{Matrix34
						0.998111	-0.0599832	0.0132499
						0.0573687	0.987314	0.148056
						-0.0219626	-0.147016	0.98889
						9.78005	-0.134708	0.052928
					}
					{VolumeView "turret_lever.ply"}
				}
			}
			{bone revolute "turret_xx"
				{parameters "ID=turret;"}
				{limits -5 5}
				{Matrix34
					0.958729	0.249431	-0.136463
					-0.249399	0.968241	0.0176128
					0.136522	0.0171478	0.990489
					-0.308252	0	6.075
				}
				{VolumeView "turret_xx.ply"}
				{bone revolute "gun_xx"
					{parameters "ID=gun;"}
					{limits -5 20}
					{Matrix34
						0.962174	0.0836196	-0.259286
						0.263416	-0.0426794	0.963738
						0.0695212	-0.995583	-0.0630917
						-1.38994	-0.923667	19.4992
					}
					{VolumeView "gun_xx.ply"}
				}
				{bone "axis_handle_x_rotation_xx"
					{Matrix34
						0.346213	0.913798	-0.212389
						-0.937134	0.326294	-0.123742
						-0.0437736	0.241878	0.969319
						-2.66478	12.2338	8.86994
					}
					{VolumeView "axis_handle_x_rotation_xx.ply"}
				}
				{bone "small_gear_axis_xx"
					{Matrix34
						0.316507	0.876376	0.363027
						-0.894453	0.148287	0.421859
						0.315875	-0.458232	0.830811
						2.96657	5.3129	9.3232
					}
					{VolumeView "small_gear_axis_xx.ply"}
				}
			}
		}
	}
}
{Volume "barrel1"
	{Cylinder 5.28574 30.1761}
	{Bone "gun_xx"}
	{Matrix34
		0	0.00848932	-0.654489
		-0.0114246	0.654389	0.00848816
		1.01665	0.0177458	0.000229992
		2.98625	-3.4469	2.48379
	}
}
{Volume "barrel2"
	{Cylinder 5.28574 30.1761}
	{Bone "gun_xx"}
	{Matrix34
		0	0.00848932	-0.654489
		-0.0114246	0.654389	0.00848816
		1.01665	0.0177458	0.000229992
		2.86862	3.28976	2.57114
	}
}
{Volume "barrel3"
	{Cylinder 5.28574 30.1761}
	{Bone "gun_xx"}
	{Matrix34
		0	0.00848932	-0.654489
		-0.0114246	0.654389	0.00848816
		1.01665	0.0177458	0.000229992
		2.9862	-3.35793	-4.36331
	}
}
{Volume "barrel4"
	{Cylinder 5.28574 30.1761}
	{Bone "gun_xx"}
	{Matrix34
		0	0.00848932	-0.654489
		-0.0114246	0.654389	0.00848816
		1.01665	0.0177458	0.000229992
		2.8686	3.37854	-4.27605
	}
}
{Volume "barrel5"
	{Cylinder 1.61915 24.0657}
	{Bone "gun_xx"}
	{Matrix34
		0.133583	0.757525	0.00982581
		-0.757588	0.133572	0.00173263
		0	-0.00997724	0.769211
		0.0758675	-0.18624	-0.99316
	}
}
{Volume "body1"
	{Box 15.59 18.4551 2.0312}
	{Bone "turret_xx"}
	{Matrix34
		0	1.21563	0
		-0.932159	0	-0.0041787
		-0.00381188	0	0.850347
		0.0995509	-0.20411	-1.45682
	}
}
{Volume "body10"
	{Cylinder 1.61915 24.0657}
	{Bone "turret_xx"}
	{Matrix34
		0.0918542	0	0.484125
		-0.484125	0	0.0918542
		0	-0.690253	0
		3.5708	0.0636511	9.04407
	}
}
{Volume "body2"
	{Box 15.59 18.4551 2.0312}
	{Bone "body_xx"}
	{Matrix34
		0	1.43947	0
		-0.932159	0	-0.00417872
		-0.00381193	0	0.850347
		-4.55115	-0.040853	1.90374
	}
}
{Volume "body3"
	{Cylinder 7.82414 1.71217}
	{Bone "body_xx"}
	{Matrix34
		0	0.811556	0
		-0.811548	0	-0.003638
		-0.003638	0	0.811548
		-0.78501	-0.0273474	3.19004
	}
}
{Volume "body4"
	{Cylinder 1.74856 29.7604}
	{Bone "turret_xx"}
	{Matrix34
		0	0.448837	0
		-0.435612	0	0.108152
		0.16198	0	0.652425
		-4.87663	8.34925	8.91686
	}
}
{Volume "body5"
	{Cylinder 1.74856 29.7604}
	{Bone "turret_xx"}
	{Matrix34
		0	0.448837	0
		-0.435612	0	0.108152
		0.16198	0	0.652425
		-4.87672	-8.30655	8.91682
	}
}
{Volume "body6"
	{Cylinder 1.74856 29.7604}
	{Bone "turret_xx"}
	{Matrix34
		0	0.448837	0
		-0.415987	0	-0.168551
		-0.282917	0	0.698248
		3.50397	-8.37405	9.35015
	}
}
{Volume "body7"
	{Cylinder 1.74856 29.7604}
	{Bone "turret_xx"}
	{Matrix34
		0	0.448837	0
		-0.415987	0	-0.168551
		-0.282917	0	0.698248
		3.50406	8.36206	9.35015
	}
}
{Volume "body8"
	{Cylinder 1.74856 29.7604}
	{Bone "turret_xx"}
	{Matrix34
		-0.00499361	0.306196	-0.0263191
		-0.307301	-0.00465177	0.0041861
		0.00779933	0.0545511	0.633166
		-1.35625	7.79973	8.75188
	}
}
{Volume "body9"
	{Cylinder 1.74856 29.7604}
	{Bone "turret_xx"}
	{Matrix34
		0.00499352	0.306196	0.026319
		-0.307301	0.00465176	0.0041861
		0.00779934	-0.054551	0.633166
		-1.35632	-7.82983	8.75183
	}
}
{Volume "hole1"
	{Cylinder 5.28574 30.1761}
	{Bone "gun_xx"}
	{Matrix34
		0	0.00662081	-0.510434
		-0.00890992	0.510356	0.00661998
		1.1367	0.0198411	0.00025713
		2.83039	3.43598	-4.35192
	}
}
{Volume "hole2"
	{Cylinder 5.28574 30.1761}
	{Bone "gun_xx"}
	{Matrix34
		0	0.00662081	-0.510434
		-0.00890992	0.510356	0.00661998
		1.1367	0.0198411	0.00025713
		2.94862	-3.42562	2.39228
	}
}
{Volume "hole3"
	{Cylinder 5.28574 30.1761}
	{Bone "gun_xx"}
	{Matrix34
		0	0.00662081	-0.510434
		-0.00890992	0.510356	0.00661998
		1.1367	0.0198411	0.00025713
		2.83038	3.34737	2.48014
	}
}
{Volume "hole4"
	{Cylinder 5.28574 30.1761}
	{Bone "gun_xx"}
	{Matrix34
		0	0.00662081	-0.510434
		-0.00890992	0.510356	0.00661998
		1.1367	0.0198411	0.00025713
		2.94861	-3.337	-4.43977
	}
}
{Volume "tow1"
	{Cylinder 1.08254 41.677}
	{Bone "tug_xx"}
	{Matrix34
		0.157066	0.729438	-0.0362196
		-0.0110513	-0.0346696	-0.746148
		-0.884478	0.190661	0.00424115
		-20.9732	-4.25084	0.100537
	}
}
{Volume "tow2"
	{Cylinder 1.08254 41.677}
	{Bone "tug_xx"}
	{Matrix34
		0.159286	-0.729749	-0.01251
		-0.0111195	0.0103766	-0.74688
		-0.883894	-0.193112	0.0104763
		-20.9859	4.11788	-0.0354629
	}
}
{Volume "wheelleft"
	{Cylinder 6.74461 1.58161}
	{Bone "wheell1"}
	{Matrix34
		0.213459	-1.12505	0
		1.12505	0.213459	0
		0	0	1.3619
		0.0306608	0.0180001	-0.383843
	}
}
{Volume "wheelright"
	{Cylinder 6.74461 1.58161}
	{Bone "wheelr1"}
	{Matrix34
		0.213459	-1.12505	0
		1.12505	0.213459	0
		0	0	1.3619
		0.0306129	0.0180125	0.495063
	}
}
