;Exported by: vlss
;Date:        Fri Nov 30 10:17:23 2018
;File:        pz6p_Panzerbefehiswagen.obj
{Skeleton
	{bone "basis"
		{Orientation
			1	0	0
			0	-1	0
			0	0	1
		}
		{bone "wheelsr"
			{parameters "ID=trackright;"}
			{animation
				{sequence "break" {file "trackR_r.anm"} {speed 0.8}}
			}
			{Position 3.39596	-22.0074	9.19794}
			{VolumeView "wheelsr.ply"}
			{bone "trackr"
				{parameters "ID=trackright;"}
				{Matrix34
					1	0	0
					0	1	0
					0	0	1
					-1.22293	-4.34226	3.40603
				}
				{VolumeView "trackr.ply"}
			}
		}
		{bone "wheelsl"
			{parameters "ID=trackleft;"}
			{animation
				{sequence "break" {file "trackL_r.anm"} {speed 0.8}}
			}
			{Position 1.40825	21.9381	9.09601}
			{VolumeView "wheelsl.ply"}
			{bone "trackl"
				{parameters "ID=trackleft;"}
				{Position 0.790199	4.33634	3.38318}
				{VolumeView "trackl.ply"}
			}
		}
		{bone "body"
			{parameters "ID=body;"}
			{animation
				{sequence "break" {file "body_r.anm"}}
			}
			{Matrix34
				0.999118	-0.00368796	-0.0418208
				0.00331724	0.999955	-0.00893037
				0.0418519	0.00878377	0.999085
				1.18288	-0.130568	9.50619
			}
			{VolumeView "body.ply"}
			{bone revolute "turret"
				{parameters "ID=turret;"}
				{animation
					{sequence "break" {file "turret_r.anm"}}
				}
				{speed 0.01}
				{Matrix34
					0.992413	-0.103871	-0.0657884
					0.098901	0.992285	-0.074762
					0.0730464	0.0676882	0.995029
					7.09057	-1.29058	25.3947
				}
				{VolumeView "turret.ply"}
				{bone revolute "gun_rot"
					{parameters "ID=mantlet;"}
					{animation
						{sequence "break" {file "Gun_rot_r.anm"}}
					}
					{limits -15 15}
					{speed 0.01}
					{Matrix34
						0.98698	0.0246915	-0.158935
						-0.160101	0.0560826	-0.985506
						-0.0154201	0.998121	0.0593056
						23.1482	-0.653207	8.52502
					}
					{VolumeView "gun_rot.ply"}
					{bone "gun"
						{parameters "ID=gun;"}
						{animation
							{sequence "repair" {file "gun_r.anm"} {speed 0.9}}
						}
						{Matrix34
							1	0	0
							0	0	1
							0	-1	0
							23.246	0.0441513	-0.216388
						}
						{VolumeView "gun.ply"}
					}
				}
			}
		}
	}
}
{Volume "body1"
	{Polyhedron "body1.vol"}
	{Bone "body"}
	{Matrix34
		0.999986	0.00523565	0.00104904
		-0.00523565	0.999986	0
		-0.00104904	0	0.999999
		-4.7031	-0.102572	18.3718
	}
}
{Volume "body"
	{Polyhedron "body.vol"}
	{Bone "body"}
	{Matrix34
		0.999986	0.00523565	0.00104904
		-0.00523565	0.999986	0
		-0.00104904	0	0.999999
		3.32012	0.624951	8.77318
	}
}
{Volume "crew"
	{Polyhedron "crew.vol"}
	{Bone "body"}
	{Matrix34
		0.999984	0.00523596	0.0021739
		-0.00523596	0.999986	0
		-0.0021739	0	0.999998
		-2.60751	-0.25071	1.0278
	}
}
{Volume "gun"
	{Polyhedron "gun.vol"}
	{Bone "gun"}
	{Matrix34
		1	0	-0.00112516
		0	1	0
		0.00112519	0	0.999999
		16.8862	-0.0416093	-0.0166016
	}
}
{Volume "inventory"
	{Polyhedron "inventory.vol"}
	{Bone "body"}
	{Matrix34
		0.999984	0.00523596	0.0021739
		-0.00523596	0.999986	0
		-0.0021739	0	0.999998
		-16.2149	-0.321962	0.99822
	}
}
{Volume "trackleft"
	{Polyhedron "trackleft.vol"}
	{Bone "wheelsl"}
	{Position 0.790559	4.36173	3.38308}
}
{Volume "trackright"
	{Polyhedron "trackright.vol"}
	{Bone "wheelsr"}
	{Position -1.22266	-4.15866	3.40591}
}
{Volume "turret02"
	{Polyhedron "turret02.vol"}
	{Bone "turret"}
	{Matrix34
		0.999999	0	-0.00112487
		0	1	0
		0.00112487	0	0.999999
		-8.33579	10.8865	19.4177
	}
}
{Volume "turret"
	{Polyhedron "turret.vol"}
	{Bone "turret"}
	{Matrix34
		0.999999	0	-0.00112487
		0	1	0
		0.00112487	0	0.999999
		1.64148	0.158698	8.72862
	}
}
