;Exported by: Normand
;Date:        Tue Jun 18 15:36:07 2024
;File:        C:\Users\Normand\Documents\qf17.max
{Skeleton
	{animation
		{sequence "close" {speed 0.2}}
		{sequence "recoil" {speed 0.4}}
	}
	{bone revolute "basis"
		{speed 0.002}
		{Orientation
			1	0	0
			0	-1	0
			0	0	1
		}
		{bone "emit3"
			{Matrix34
				0	-1	0
				1	0	0
				0	0	1
				-31.4062	14.3477	0
			}
		}
		{bone "emit4"
			{Matrix34
				0	1	0
				-1	0	0
				0	0	1
				-31.4062	-14.8575	0
			}
		}
		{bone "driver3"
			{Position -40.1675	-10.72528	0}
		}
		{bone "driver4"
			{Position -39.5319	10.62002	0}
		}
		{bone "body"
			{parameters "ID=body;"}
			{animation
				{sequence "repair" {file "body_r.anm"} {speed 0.4}}
			}
			{Position 0.471904	-0.0536346	9.52537}
			{VolumeView "body.ply"}
			{bone "standl"
				{parameters "ID=body;"}
				{Position -2.53216	9.13201	-0.796877}
				{VolumeView "standl.ply"}
			}
			{bone "standr"
				{parameters "ID=body;"}
				{Position -2.53216	-9.13201	-0.796877}
				{VolumeView "standr.ply"}
			}
			{bone revolute "turret"
				{parameters "ID=body;"}
				{Position -1.78591	0	2.80441}
				{VolumeView "turret.ply"}
				{bone "shield"
					{parameters "ID=shield;"}
					{VolumeView "shield.ply"}
				}
				{bone "shield2"
					{parameters "ID=shield;"}
					{Position 21.8309	0	-4.84853}
					{VolumeView "shield2.ply"}
				}
				{bone revolute "gun_rot"
					{parameters "ID=gun;"}
					{Matrix34
						1	0	0
						0	0	1
						0	-1	0
						6.96533	0	10.0679
					}
					{VolumeView "gun_rot.ply"}
					{bone "gun"
						{parameters "ID=gun;"}
						{animation
							{sequence "repair" {file "gun_r.anm"} {speed 0.4}}
						}
						{Matrix34
							1	0	0
							0	0	-1
							0	1	0
							27.7	-0.293335	0
						}
						{VolumeView "gun.ply"}
						{bone "foresight1"
							{Position 36.2073	-0.0302183	0.103117}
						}
						{bone "visor"
							{Position 4.84008	-0.00489051	2.89695}
						}
						{bone "fx_invers"
							{Matrix34
								-1	0	0
								0	-1	0
								0	0	1
								-49.266	0.0105774	-0.00367737
							}
						}
						{bone "breech-block"
							{parameters "ID=gun;"}
							{Position -48.6559	-0.036757	-3.81912}
							{VolumeView "breech-block.ply"}
						}
					}
				}
				{bone "valve-2"
					{parameters "ID=body;"}
					{Position 0.875789	6.30947	7.34218}
					{VolumeView "valve-2.ply"}
				}
				{bone "valve-1"
					{parameters "ID=body;"}
					{Position 4.68241	8.36421	12.5302}
					{VolumeView "valve-1.ply"}
				}
				{bone "hatch"
					{parameters "ID=shield;"}
					{Position 11.1955	9.25283	14.8551}
					{VolumeView "hatch.ply"}
				}
				{bone "gunner"
					{Matrix34
						0.866025	0	-0.5
						0	1	0
						0.5	0	0.866025
						-9.45429	6.93061	-13.3186
					}
				}
				{bone "seat1"
					{Matrix34
						0.866025	0	-0.5
						0	1	0
						0.5	0	0.866025
						-9.45429	6.93061	-13.3186
					}
				}
			}
			{bone "visor2"
				{Matrix34
					1	0	0
					0	0	1
					0	-1	0
					15.318	18.9503	16.2828
				}
			}
		}
		{bone "emit2"
			{Position -18.5046	-33.5961	0}
			{visibility 0}
		}
		{bone "emit1"
			{Position -17.0012	32.9603	0}
			{visibility 0}
		}
		{bone "driver1"
			{Position -17.6418	19.2547	0}
		}
		{bone "driver2"
			{Position -16.2039	-19.4723	0}
		}
		{bone "link1"
			{Matrix34
				-1	0	0
				0	0	1
				0	1	0
				-70.2855	-0.0362155	12.9585
			}
		}
		{bone "seat3"
			{Matrix34
				0.600489	0.79943	-0.0180304
				-0.799621	0.60045	-0.00814121
				0.004318	0.0193062	0.999804
				-24.7061	7.63986	1.95366
			}
		}
		{bone "seat2"
			{Matrix34
				0.204541	-0.975	-0.0868241
				0.978531	0.205958	-0.00759608
				0.0252883	-0.0834064	0.996195
				-35.9945	-8.59372	2.03755
			}
		}
		{bone "charger"
			{Position -27.9149	-8.80897	0.0112276}
		}
		{bone "gunner"
			{Position -6.89379	8.87698	2.0112276}
		}
		{bone "commander"
			{Position -0.325477	-42.5	0.0112276}
		}
		{bone "charger2"
			{Position -50.4988	10.0548	0.0112276}
		}
		{bone "seat4"
			{Matrix34
				0	-0.91687	0.399187
				1	-1.76749e-005	-4.02222e-005
				4.39341e-005	0.399187	0.91687
				-48.9172	3.53942	2.45624
			}
		}
		{bone "pivot_front"
			{parameters "ID=body;"}
			{Position 0.471165	-0.0536344	9.52619}
			{VolumeView "pivot_front.ply"}
			{bone revolute "wheell"
				{parameters "ID=wheelleft;Support;Radius=0.5;"}
				{Matrix34
					-1	0	0
					0	0	1
					0	1	0
					0.000629872	19.4141	0.000932693
				}
				{VolumeView "wheell.ply"}
			}
			{bone revolute "wheelr"
				{parameters "ID=wheelright;Support;Radius=0.5;"}
				{Matrix34
					-1	0	0
					0	0	1
					0	1	0
					0.000631064	-19.4141	0.000930786
				}
				{VolumeView "wheelr.ply"}
			}
			{bone "fxtracel1"
				{Position -0.705688	19.4426	-9.46441}
			}
			{bone "fxtracer1"
				{Position -0.768818	-19.4646	-9.46442}
			}
		}
	}
}
{Obstacle "close"
	{Obb2
		{Center -34.2423 0.0194912}
		{Extent 29.7315 9.7303}
		{Axis 1 0}
	}
	{Tags  "close"}
	{Rotate}
}
{Obstacle "obstacle"
	{Obb2
		{Center 0.275108 -0.274981}
		{Extent 5 15}
		{Axis 1 0}
	}
	{Rotate}
}
{Obstacle "openl"
	{Obb2
		{Center -32.864 -20.4007}
		{Extent 30.8375 2.26404}
		{Axis 0.939753 0.341854}
	}
	{Tags  "open"}
	{Rotate}
}
{Obstacle "openr"
	{Obb2
		{Center -33.0107 20.1209}
		{Extent 2.34214 30.8387}
		{Axis 0.342602 0.939481}
	}
	{Tags  "open"}
	{Rotate}
}
{Volume "barrel1"
	{Box 24.5 5.57023 3.7}
	{Bone "gun_rot"}
	{Matrix34
		1	0	0
		0	0	-1
		0	1	0
		10.038	-4.69747	0.051007
	}
}
{Volume "barrel2"
	{Box 14.5 7.4755 9}
	{Bone "gun_rot"}
	{Matrix34
		1	0	0
		0	0	-1
		0	1	0
		-9.47709	-2.90759	0.0519373
	}
}
{Volume "barrel3"
	{Cylinder 1.48105 65}
	{Bone "gun"}
	{Matrix34
		0	-1	0
		0	0	1
		-1	0	0
		2.09807	0.000333999	-0.121356
	}
}
{Volume "barrel4"
	{Box 5.7 7.4 8.6}
	{Bone "gun"}
	{Position -47.2425	0.01107	-2.76233}
}
{Volume "body"
	{Box 8.63484 26.744 4.8}
	{Bone "body"}
	{Position -0.767888	0.0199887	-0.40693}
}
{Volume "body2"
	{Polyhedron "turrret.vol"}
	{Bone "turret"}
	{Position 7.81983	-5.29196	0.249489}
}
{Volume "sheild2"
	{Box 31.9517 6.4805 0.3}
	{Bone "shield2"}
	{Matrix34
		0	-1	0
		0	0	1
		-1	0	0
		0.0324074	-0.0132788	-3.0119
	}
}
{Volume "shield"
	{Polyhedron "shield.vol"}
	{Bone "shield"}
	{Matrix34
		0	-1	0
		-0.470639	0	0.882326
		-0.882326	0	-0.470639
		16.0336	-0.00293364	7.10509
	}
}
{Volume "standl"
	{Polyhedron "standl.vol"}
	{Bone "standl"}
	{Matrix34
		0.937545	-0.339498	0.0758306
		0.340544	0.940228	-0.000926681
		-0.0709834	0.0266924	0.99712
		-29.2604	10.8114	-2.29354
	}
}
{Volume "standr"
	{Polyhedron "standr.vol"}
	{Bone "standr"}
	{Matrix34
		0.937545	0.339497	0.0758305
		-0.340544	0.940228	0.000926491
		-0.0709835	-0.0266923	0.99712
		-29.425	-10.3736	-2.29354
	}
}
{Volume "wheelleft"
	{Cylinder 9.9 5.3}
	{Bone "wheell"}
	{Matrix34
		-1	0	0
		0	1	0
		0	0	-1
		-9.07846e-005	0.000107855	0.0726924
	}
}
{Volume "wheelright"
	{Cylinder 9.9 5.3}
	{Bone "wheelr"}
	{Matrix34
		-1	0	0
		0	1	0
		0	0	-1
		-8.78938e-005	0.000109763	-0.0666223
	}
}
