;Exported by: Normand
;Date:        Sun Aug 07 20:40:05 2022
;File:        C:\Users\Normand\type92_xx.max
{Skeleton
	{bone revolute "basis"
		{speed 0.002}
		{Orientation
			1	0	0
			0	-1	0
			0	0	1
		}
		{bone "body"
			{parameters "ID=body;"}
			{Matrix34
				0.994217	0.0205266	-0.105411
				-0.0111289	0.995971	0.0889789
				0.106813	-0.0872912	0.99044
				0.0192861	-0.0565452	4.26726
			}
			{VolumeView "body.ply"}
			{bone "standl"
				{Position -0.471416	3.37484	2.93804}
				{VolumeView "standl.ply"}
			}
			{bone "standr"
				{Position -0.471416	-3.37484	2.93804}
				{VolumeView "standr.ply"}
			}
			{bone "gear"
				{Position -1.31699	-0.0986963	11.8748}
				{VolumeView "gear.ply"}
				{bone "main_shield"
					{Position -8.54482	0.0986967	-17.5977}
					{VolumeView "main_shield.ply"}
				}
				{bone "secondary_shield"
					{Position -0.269328	0.256118	0.446602}
					{VolumeView "secondary_shield.ply"}
				}
				{bone revolute "gun_rot"
					{Matrix34
						0.990085	0	-0.14047
						0.14047	0	0.990085
						0	-1	0
						-0.958218	0.0986964	-7.01767
					}
					{VolumeView "gun_rot.ply"}
					{bone "gun"
						{parameters "ID=gun;"}
						{Matrix34
							1	0	0
							0	0	-1
							0	1	0
							-2.4687	2.31757	0.198593
						}
						{VolumeView "gun.ply"}
						{bone "gun_cover"
							{Matrix34
								0.173323	0	0.984865
								0	1	0
								-0.984865	0	0.173323
								-2.99946	0	-2.14158
							}
							{VolumeView "gun_cover.ply"}
						}
					}
					{bone "device_top"
						{Matrix34
							0.996446	-0.0842335	0
							0	0	-1
							0.0842335	0.996446	0
							-1.33166	5.66147	1.62391
						}
						{VolumeView "device_top.ply"}
					}
				}
			}
			{bone "device_left"
				{Position -2.35287	3.83033	7.42371}
				{VolumeView "device_left.ply"}
			}
		}
		{bone "pivot_front"
			{Position 0.035898	-0.0544357	6.78961}
			{bone revolute "wheelleft"
				{Matrix34
					-1	0	0
					0	0	1
					0	1	0
					-0.0175245	7.30052	0.0229406
				}
				{VolumeView "wheelleft.ply"}
			}
			{bone revolute "wheelright"
				{Matrix34
					-1	0	0
					0	0	1
					0	1	0
					-0.0175245	-7.30474	0.0229406
				}
				{VolumeView "wheelright.ply"}
			}
		}
	}
}
{Volume "body"
	{Box 3 11.1082 3.5}
	{Bone "body"}
	{Position -0.152924	-0.0215866	3.06456}
}
{Volume "gun2"
	{Cylinder 0.937653 14}
	{Bone "gun_rot"}
	{Matrix34
		0	0	1
		0	1	0
		-1	0	0
		2.52472	0.250608	0.0174711
	}
}
{Volume "gun"
	{Cylinder 1 15}
	{Bone "gun"}
	{Matrix34
		0	-1	0
		0	0	1
		-1	0	0
		4.19933	0.159298	0.0837332
	}
}
{Volume "sheild_1"
	{Box 11.5995 7.19021 0.5}
	{Bone "main_shield"}
	{Matrix34
		0	-1	0
		-0.332765	0	0.94301
		-0.94301	0	-0.332764
		8.44915	-0.00741928	16.9973
	}
}
{Volume "shield_2"
	{Box 9.06406 2.2869 0.5}
	{Bone "main_shield"}
	{Matrix34
		0	-1	0
		-0.30622	0	0.951961
		-0.951961	0	-0.306219
		9.96213	0.231597	12.5074
	}
}
{Volume "standl"
	{Box 28.4719 0.99845 1.67482}
	{Bone "standl"}
	{Matrix34
		0.961226	-0.140264	0.237423
		0.136172	0.990114	0.0336344
		-0.239794	0	0.970824
		-15.0327	1.92175	-3.14499
	}
}
{Volume "standr"
	{Box 28.4719 0.99845 1.67482}
	{Bone "standr"}
	{Matrix34
		0.961598	0.137539	0.237515
		-0.133526	0.990496	-0.0329809
		-0.239794	0	0.970824
		-15.0301	-1.93625	-3.14435
	}
}
{Volume "wheelleft"
	{Cylinder 7.05033 1.5}
	{Bone "wheelleft"}
	{Matrix34
		-1	0	0
		0	1	0
		0	0	-1
		-0.00433399	-0.0049212	1.32229
	}
}
{Volume "wheelright"
	{Cylinder 7.05033 1.5}
	{Bone "wheelright"}
	{Matrix34
		-1	0	0
		0	1	0
		0	0	-1
		-0.00433187	-0.00492263	-1.32097
	}
}
