;Exported by: Norman
;Date:        Wed Jun 19 15:47:37 2024
;File:        C:\Users\Norman\Documents\3dsmax\scenes\qf17_xx.max
{Skeleton
	{bone revolute "basis"
		{Orientation
			1	0	0
			0	-1	0
			0	0	1
		}
		{bone "body"
			{parameters "ID=body;"}
			{Matrix34
				1	0	0
				0	0.997608	0.0691314
				0	-0.0691314	0.997608
				0.471904	-0.0536346	8.75778
			}
			{VolumeView "body.ply"}
			{bone "standl"
				{Matrix34
					0.999848	-0.0173383	0.00199461
					0.0174109	0.998821	-0.0453121
					-0.00120662	0.0453399	0.998971
					-2.53216	9.13201	-0.796877
				}
				{VolumeView "standl.ply"}
			}
			{bone "standr"
				{Matrix34
					1	0	0
					0	0.987089	-0.160171
					0	0.160171	0.987089
					-2.53216	-9.13201	-0.796877
				}
				{VolumeView "standr.ply"}
			}
			{bone revolute "turret"
				{Position -1.78591	0	2.80441}
				{VolumeView "turret.ply"}
				{bone "shield"
					{VolumeView "shield.ply"}
				}
				{bone "shield2"
					{Position 21.8309	0	-4.84853}
					{VolumeView "shield2.ply"}
				}
				{bone revolute "gun_rot"
					{Matrix34
						0.997383	-0.0563221	-0.0453294
						0.0452573	-0.00255572	0.998972
						-0.05638	-0.998409	0
						6.96533	0	10.0679
					}
					{VolumeView "gun_rot.ply"}
					{bone "gun"
						{parameters "ID=gun;"}
						{Matrix34
							1	0	0
							0	0	-1
							0	1	0
							24.539	-0.293337	0
						}
						{VolumeView "gun.ply"}
						{bone "breech-block"
							{Position -48.6559	-0.0367566	-3.81912}
							{VolumeView "breech-block.ply"}
						}
					}
				}
				{bone "valve-2"
					{Position 0.875789	6.30947	7.34218}
					{VolumeView "valve-2.ply"}
				}
				{bone "valve-1"
					{Position 4.68241	8.36421	12.5302}
					{VolumeView "valve-1.ply"}
				}
				{bone "hatch"
					{Position 11.1955	9.25283	14.8551}
					{VolumeView "hatch.ply"}
				}
			}
		}
		{bone "pivot_front"
			{Position 0.471165	-0.0536344	9.52619}
			{VolumeView "pivot_front.ply"}
			{bone revolute "wheell"
				{Matrix34
					-1	0	0
					0	0	1
					0	1	0
					0.000629872	19.4141	0.000932693
				}
				{VolumeView "wheell.ply"}
			}
			{bone revolute "wheelr"
				{Matrix34
					-1	0	0
					0	0	1
					0	1	0
					0.000631064	-19.4141	0.000930786
				}
				{VolumeView "wheelr.ply"}
			}
		}
	}
}
{Area "area1"
	{Obb2
		{Center 0.275108 -0.274981}
		{Extent 5 15}
		{Axis 1 0}
	}
	{Rotate}
}
{Area "area2"
	{Obb2
		{Center -33.0107 20.1209}
		{Extent 2.34214 30.8387}
		{Axis 0.342602 0.939481}
	}
	{Rotate}
}
{Area "area3"
	{Obb2
		{Center -32.864 -20.4007}
		{Extent 30.8375 2.26404}
		{Axis 0.939753 0.341854}
	}
	{Rotate}
}
{Area "area4"
	{Obb2
		{Center -34.2423 0.0194912}
		{Extent 29.7315 9.7303}
		{Axis 1 0}
	}
	{Rotate}
}
{Volume "beach"
	{Box 5.7 7.4 8.6}
	{Bone "gun"}
	{Position -47.2425	0.0110703	-2.76233}
}
{Volume "body"
	{Box 8.63484 26.744 4.8}
	{Bone "body"}
	{Position -0.767888	0.0199887	-0.40693}
}
{Volume "gun2"
	{Box 24.5 5.57023 3.7}
	{Bone "gun_rot"}
	{Matrix34
		1	0	0
		0	0	-1
		0	1	0
		10.038	-4.69747	0.0510071
	}
}
{Volume "gun3"
	{Box 14.5 7.4755 9}
	{Bone "gun_rot"}
	{Matrix34
		1	0	0
		0	0	-1
		0	1	0
		-9.47709	-2.90759	0.0519375
	}
}
{Volume "gun"
	{Cylinder 1.48105 65}
	{Bone "gun"}
	{Matrix34
		0	-1	0
		0	0	1
		-1	0	0
		2.09807	0.000333419	-0.121356
	}
}
{Volume "sheild2"
	{Box 31.9517 6.4805 0.3}
	{Bone "shield2"}
	{Matrix34
		0	-1	0
		0	0	1
		-1	0	0
		0.0324074	-0.0132788	-3.0119
	}
}
{Volume "shield"
	{Polyhedron "shield.vol"}
	{Bone "shield"}
	{Matrix34
		0	-1	0
		-0.470639	0	0.882326
		-0.882326	0	-0.470639
		16.0336	-0.00293362	7.10509
	}
}
{Volume "standl"
	{Polyhedron "standl.vol"}
	{Bone "standl"}
	{Matrix34
		0.937545	-0.339497	0.0758305
		0.340544	0.940228	-0.000926681
		-0.0709834	0.0266924	0.99712
		-29.2604	10.8114	-2.29354
	}
}
{Volume "standr"
	{Polyhedron "standr.vol"}
	{Bone "standr"}
	{Matrix34
		0.937545	0.339497	0.0758305
		-0.340544	0.940228	0.000926487
		-0.0709835	-0.0266923	0.99712
		-29.425	-10.3736	-2.29354
	}
}
{Volume "turrret"
	{Polyhedron "turrret.vol"}
	{Bone "turret"}
	{Position 7.81983	-5.29196	0.249489}
}
{Volume "wheelleft"
	{Cylinder 9.9 5.3}
	{Bone "wheell"}
	{Matrix34
		-1	0	0
		0	1	0
		0	0	-1
		-9.07846e-005	0.000107855	0.0726924
	}
}
{Volume "wheelright"
	{Cylinder 9.9 5.3}
	{Bone "wheelr"}
	{Matrix34
		-1	0	0
		0	1	0
		0	0	-1
		-8.78938e-005	0.000109763	-0.0666223
	}
}
