;Exported by: Shinelon
;Date:        Fri Feb 28 23:24:25 2020
;File:        E:\SteamLibrary\steamapps\common\Men of War Assault Squad 2\mods\max\d2_xx.max
{Skeleton
	{bone "basis"
		{Orientation
			1	0	0
			0	-1	0
			0	0	1
		}
		;{Extension "/properties/damage_components.ext"}
		{bone "emit2"
			{Matrix34
				0.25882	0.965926	0
				-0.965926	0.25882	0
				0	0	1
				-5.16932	-27.5723	0
			}
		}
		{bone "emit1"
			{Matrix34
				-1	0	0
				0	-1	0
				0	0	1
				54.8808	-3.31429	-1.75424e-005
			}
		}
		{bone "wheelsl"
			{parameters "ID=trackright;"}
			{Matrix34
				-1	0	0
				0	0	1
				0	1	0
				0.3937	17.8052	6.29919
			}
			{VolumeView "wheelsl.ply"}
			{bone revolute "wheell2"
				{parameters "ID=trackleft;"}
				{Position -32.2441	-2.89368	0.0392551}
				{VolumeView "wheell2.ply"}
			}
			{bone revolute "wheell3"
				{parameters "ID=trackleft;"}
				{Position -26.0236	-2.89368	0.0392628}
				{VolumeView "wheell3.ply"}
			}
			{bone revolute "wheell4"
				{parameters "ID=trackleft;"}
				{Position -20.3543	-2.89367	0.0392609}
				{VolumeView "wheell4.ply"}
			}
			{bone revolute "wheell5"
				{parameters "ID=trackleft;"}
				{Position -14.1142	-2.89367	0.0392666}
				{VolumeView "wheell5.ply"}
			}
			{bone revolute "wheell6"
				{parameters "ID=trackleft;"}
				{Position -8.18898	-2.89367	0.0392628}
				{VolumeView "wheell6.ply"}
			}
			{bone revolute "wheell7"
				{parameters "ID=trackleft;"}
				{Position -1.94882	-2.89367	0.0392704}
				{VolumeView "wheell7.ply"}
			}
			{bone revolute "wheell8"
				{parameters "ID=trackleft;"}
				{Position 3.72047	-2.89367	0.0392704}
				{VolumeView "wheell8.ply"}
			}
			{bone revolute "wheell9"
				{parameters "ID=trackleft;"}
				{Position 9.94094	-2.89367	0.0392742}
				{VolumeView "wheell9.ply"}
			}
			{bone revolute "wheell10"
				{parameters "ID=trackleft;"}
				{Position 15.689	-2.89367	0.0392742}
				{VolumeView "wheell10.ply"}
			}
			{bone revolute "wheell11"
				{parameters "ID=trackleft;"}
				{Position 21.9095	-2.89367	0.039278}
				{VolumeView "wheell11.ply"}
			}
			{bone revolute "wheell12"
				{parameters "ID=trackleft;"}
				{Position 27.5886	-2.89367	0.039278}
				{VolumeView "wheell12.ply"}
			}
			{bone revolute "wheell13"
				{parameters "ID=trackleft;"}
				{Position 33.8189	-2.89367	0.0392818}
				{VolumeView "wheell13.ply"}
			}
			{bone revolute "wheell14"
				{parameters "ID=trackleft;"}
				{Position 39.626	-0.314924	0.0392742}
				{VolumeView "wheell14.ply"}
			}
			{bone revolute "wheell1"
				{parameters "ID=trackleft;"}
				{Position -39.9213	-1.35825	0.0392647}
				{VolumeView "wheell1.ply"}
			}
			{bone "trackl"
				{parameters "ID=body;"}
				{Matrix34
					-1	0	0
					0	0	1
					0	1	0
					-2.0373	5.44282	-0.12822
				}
				{VolumeView "trackl.ply"}
				{bone "fxtracel1"
					{Matrix34
						-1	0	0
						0	-1	0
						0	0	1
						22.7595	0.000329971	-11.742
					}
				}
				{bone "fxtracel2"
					{Matrix34
						-0.985528	0	0.169514
						0	-1	0
						0.169514	0	0.985528
						-26.7177	0.000165939	-11.742
					}
				}
			}
		}
		{bone "wheelsr"
			{parameters "ID=trackright;"}
			{Matrix34
				-1	0	0
				0	0	1
				0	1	0
				0.393704	-17.7855	6.29912
			}
			{VolumeView "wheelsr.ply"}
			{bone revolute "wheelr2"
				{parameters "ID=trackright;"}
				{Position -32.2441	-2.89362	-0.0392799}
				{VolumeView "wheelr2.ply"}
			}
			{bone revolute "wheelr3"
				{parameters "ID=trackright;"}
				{Position -26.0236	-2.89362	-0.0392742}
				{VolumeView "wheelr3.ply"}
			}
			{bone revolute "wheelr4"
				{parameters "ID=trackright;"}
				{Position -20.3543	-2.89362	-0.0392761}
				{VolumeView "wheelr4.ply"}
			}
			{bone revolute "wheelr5"
				{parameters "ID=trackright;"}
				{Position -14.1142	-2.89362	-0.0392704}
				{VolumeView "wheelr5.ply"}
			}
			{bone revolute "wheelr6"
				{parameters "ID=trackright;"}
				{Position -8.18898	-2.89362	-0.0392723}
				{VolumeView "wheelr6.ply"}
			}
			{bone revolute "wheelr7"
				{parameters "ID=trackright;"}
				{Position -1.94882	-2.89362	-0.0392666}
				{VolumeView "wheelr7.ply"}
			}
			{bone revolute "wheelr8"
				{parameters "ID=trackright;"}
				{Position 3.72047	-2.89362	-0.0392666}
				{VolumeView "wheelr8.ply"}
			}
			{bone revolute "wheelr9"
				{parameters "ID=trackright;"}
				{Position 9.94095	-2.89361	-0.0392628}
				{VolumeView "wheelr9.ply"}
			}
			{bone revolute "wheelr10"
				{parameters "ID=trackright;"}
				{Position 15.689	-2.89361	-0.0392647}
				{VolumeView "wheelr10.ply"}
			}
			{bone revolute "wheelr11"
				{parameters "ID=trackright;"}
				{Position 21.9095	-2.89361	-0.039259}
				{VolumeView "wheelr11.ply"}
			}
			{bone revolute "wheelr12"
				{parameters "ID=trackright;"}
				{Position 27.5886	-2.89361	-0.0392609}
				{VolumeView "wheelr12.ply"}
			}
			{bone revolute "wheelr13"
				{parameters "ID=trackright;"}
				{Position 33.8189	-2.89361	-0.0392551}
				{VolumeView "wheelr13.ply"}
			}
			{bone revolute "wheelr1"
				{parameters "ID=trackright;"}
				{Position -39.9213	-1.35819	-0.0392723}
				{VolumeView "wheelr1.ply"}
			}
			{bone revolute "wheelr14"
				{parameters "ID=trackright;"}
				{Position 39.626	-0.31487	-0.0392628}
				{VolumeView "wheelr14.ply"}
			}
			{bone "trackr"
				{parameters "ID=body;"}
				{Matrix34
					-1	0	0
					0	0	1
					0	1	0
					-2.0373	5.44287	0.128035
				}
				{VolumeView "trackr.ply"}
				{bone "fxtracer1"
					{Matrix34
						-1	0	0
						0	-1	0
						0	0	1
						22.7595	2.47955e-005	-11.742
					}
				}
				{bone "fxtracer2"
					{Matrix34
						-0.985528	0	0.169514
						0	-1	0
						0.169514	0	0.985528
						-26.7177	1.90735e-005	-11.742
					}
				}
			}
		}
		{bone "body"
			{parameters "ID=body;"}
			{Position -0.620077	-1.27714e-005	22.49}
			{VolumeView "body.ply"}
			{bone "engine"
				{parameters "ID=body;"}
				{Matrix34
					0.946862	0.0187569	0.321092
					0	0.998298	-0.0583159
					-0.321639	0.0552171	0.945251
					-21.4019	0.696178	9.62636
				}
				{VolumeView "engine.ply"}
			}
			{bone "fxfire1"
				{Matrix34
					-0.999781	0.00122106	0.0209068
					0	-0.998298	0.0583162
					0.0209425	0.0583034	0.998079
					-16.4034	0.718581	10.1786
				}
			}
			{bone "fxsmoke2"
				{Matrix34
					-0.866473	0.0291127	0.498375
					0	-0.998298	0.0583162
					0.499224	0.0505295	0.864998
					-40.7628	18.3239	6.40929
				}
			}
			{bone "fxsmoke1"
				{Matrix34
					-0.866473	0.0291127	0.498375
					0	-0.998298	0.0583162
					0.499224	0.0505295	0.864998
					-40.7629	18.324	6.40931
				}
			}
			{bone "headlightl"
				{Matrix34
					0.999781	-0.00122091	-0.0209068
					0	0.998298	-0.0583161
					0.0209424	0.0583034	0.998079
					29.6233	17.7265	2.23539
				}
			}
			{bone "visor2"
				{Matrix34
					0.999781	-0.00122091	-0.0209068
					0	0.998298	-0.0583161
					0.0209424	0.0583034	0.998079
					38.029	5.97988	5.64672
				}
			}
			{bone "headlightr"
				{Matrix34
					0.999781	-0.00122091	-0.0209068
					0	0.998298	-0.0583161
					0.0209425	0.0583034	0.998079
					33.5273	-18.2534	4.29397
				}
			}
			{bone revolute "turret"
				{parameters "ID=turret;"}
				{Matrix34
					0.987879	0.114554	-0.10475
					-0.119369	0.992007	-0.040897
					0.0992282	0.0529053	0.993657
					17.1176	1.73685	12.453
				}
				{VolumeView "turret.ply"}
				{bone revolute "gun_rot"
					{parameters "ID=gun;"}
					{limits -10 20}
					{speed 0.01}
					{Matrix34
						1	0	0
						0	0	1
						0	-1	0
						10.7551	-0.58071	5.55118
					}
					{VolumeView "gun_rot.ply"}
					{bone "gun"
						{parameters "ID=gun;"}
						{Matrix34
							1	0	0
							0	0	-1
							0	1	0
							14.3433	0	2.83465
						}
						{VolumeView "gun.ply"}
						{bone "foresight1"
							{Matrix34
								1	0	0
								0	1	0
								0	0	1
								7.85431	0	0
							}
						}
					}
					{bone "mgun"
						{parameters "ID=gun;"}
						{Matrix34
							1	0	0
							0	0	-1
							0	1	0
							6.56774	-1.10236	-2.95276
						}
						{VolumeView "mgun.ply"}
						{bone "foresight3"
							{Matrix34
								1	0	0
								0	1	0
								0	0	1
								0.570827	0	0
							}
						}
					}
				}
				{bone "visor1"
					{Matrix34
						1	0	0
						0	1	0
						0	0	1
						16.2315	2.2091	6.1832
					}
				}
				{bone "fxfire2"
					{Matrix34
						-1	0	0
						0	-1	0
						0	0	1
						-4.97624	2.60193	16.1462
					}
				}
			}
			{bone "shieldr2"
				{parameters "ID=shieldR2;"}
				{Matrix34
					0.999781	-0.00122091	-0.0209068
					0	0.998298	-0.0583157
					0.0209424	0.0583029	0.998079
					40.3251	-3.54231	2.38576
				}
				{VolumeView "shieldr2.ply"}
			}
		}
		{bone revolute "wheell0"
			{parameters "ID=body;"}
			{Matrix34
				-0.999781	0.00122299	0.0209051
				0.0209408	0.0583022	0.998079
				0	0.998298	-0.058315
				48.607	16.7531	11.6227
			}
			{VolumeView "wheell0.ply"}
		}
	}
}
{Volume "body1"
	{Polyhedron "body1.vol"}
	{Bone "body"}
	{Matrix34
		0.999781	-0.00122091	-0.0209068
		0	0.998298	-0.0583157
		0.0209424	0.0583029	0.998079
		7.43866e-005	-1.26419e-005	-2.12294
	}
}
{Volume "engine"
	{Polyhedron "engine.vol"}
	{Bone "body"}
	{Matrix34
		0.999781	-0.00122091	-0.0209068
		0	0.998298	-0.0583157
		0.0209425	0.0583029	0.998079
		-18.4028	0.783873	5.40313
	}
}
{Volume "gun"
	{Polyhedron "gun.vol"}
	{Bone "gun"}
	{Matrix34
		0	0	-1
		0	1	0
		1	0	0
		-0.821072	0	0
	}
}
{Volume "mantlet"
	{Polyhedron "mantlet.vol"}
	{Bone "gun_rot"}
	{Matrix34
		1	0	0
		0	0	-1
		0	1	0
		3.31971	0.0984573	-0.2661
	}
}
{Volume "shieldl1"
	{Polyhedron "shieldl1.vol"}
	{Bone "body"}
	{Matrix34
		0.999781	-0.00122091	-0.0209068
		0	0.998298	-0.0583157
		0.0209424	0.0583029	0.998079
		5.93815	19.6737	-14.2851
	}
}
{Volume "shieldr1"
	{Polyhedron "shieldr1.vol"}
	{Bone "body"}
	{Matrix34
		0.999781	-0.00122091	-0.0209068
		0	0.998298	-0.0583157
		0.0209425	0.0583029	0.998079
		5.93819	-20.956	-11.9117
	}
}
{Volume "shieldr2"
	{Polyhedron "shieldr2.vol"}
	{Bone "shieldr2"}
	{Matrix34
		1	0	0
		0	1	0
		0	0	1
		-6.86646e-005	-0.000195503	0.000228882
	}
}
{Volume "trackleft"
	{Polyhedron "trackleft.vol"}
	{Bone "trackl"}
	{Position 0	0	0}
}
{Volume "trackright"
	{Polyhedron "trackright.vol"}
	{Bone "trackr"}
	{Position 0	0	0}
}
{Volume "turret2"
	{Polyhedron "turret2.vol"}
	{Bone "turret"}
	{Position -4.00168	2.68164	13.8316}
}
{Volume "turret"
	{Polyhedron "turret.vol"}
	{Bone "turret"}
	{Position -2.09808e-005	-0.000207663	7.24792e-005}
}
