;Exported by: Sergey
;Date:        Sat Aug 09 15:28:40 2014
;File:        C:\Users\Sergey\Documents\3dsmax\scenes\2cm Flak 30\2 cm Flak30.max
{Skeleton
	{animation
		{sequence "close" {speed 0.3}}
		{sequence "recoil" {speed 0.5}}
	}
	{bone revolute "basis"
		{Orientation
			1	0	0
			0	-1	0
			0	0	1
		}
		{bone "body"
			{parameters "ID=body;"}
			{Position -11.0552	0.030805	1.39128}
			{bone "gunback"
				{parameters "ID=body;"}
				{Matrix34
					0	1	0
					-1	0	0
					0	0	1
					8.0	-0.2	1.0
				}
				{bone "gun_stand"
					{Matrix34
						0.87	0	0
						0	0.87	0
						0	0	0.87
						0	0	-1
					}
					{VolumeView "gunback.ply"}
				}
				{bone revolute "turret"
					{parameters "ID=turret;"}
					{speed 0.01}
					{Position 0.0188704	0.458736	3.79609}
					{VolumeView "turret.ply"}
					{bone revolute "gun_rot1"
						{parameters "ID=gun;"}
						{limits -70 0}
						{speed 0.02}
						{Matrix34
							0	1	0
							0	0	1
							1	0	0
							0.355537	-4.66438	13.1905
						}
						{VolumeView "gun_rot.ply"}
						{bone "gun"
							{parameters "ID=gun;"}
							{Matrix34
								0	0	1
								1	0	0
								0	1	0
								-21.59	1.76725	-0.615914
							}
							{VolumeView "gun.ply"}
							{bone "visor1"
								{Matrix34
									0	-1	0
									1	0	0
									0	0	1
									-0.157001	-0.871319	1.32239
								}
							}
							{bone "shooter00"
								{Matrix34
									0	-1	0
									1	0	0
									0	0	1
									-0.156293	-19.3246	-0.761803
								}
							}
							{bone "foresight1"
								{Matrix34
									0	-1	0
									1	0	0
									0	0	1
									-0.156293	-18.922	-0.76194
								}
							}
						}
					}
					{bone "gunner"
						{Matrix34
							0	-0.984808	0.173648
							1	0	0
							0	0.173648	0.984808
							-0.33246	15.9542	-6.44921
						}
					}
					{bone "commander"
						{Matrix34
							0	-1	0
							1	0	0
							0	0	1
							-25.3082	10.4761	-6.8944
						}
					}
					{bone "seat1"
						{Matrix34
							0	-0.984808	0.173648
							1	0	0
							0	0.173648	0.984808
							-0.33246	15.9542	-6.44921
						}
					}
					{bone "visor2"
						{Matrix34
							1	0	0
							0	0	1
							0	-1	0
							6.55143	-0.0843394	14.78
						}
					}
				}
			}
		}
		{bone "driver1"
			{Matrix34
				1	-1.57356e-005	0
				1.57356e-005	1	1.55031e-005
				0	-1.55031e-005	1
				-98.1305	10.17996	-0.0432108
			}
		}
		{bone "seat2"
			{Matrix34
				0.999984	-0.00571164	0
				0.00571164	0.999984	1.55031e-005
				0	-1.55028e-005	1
				-88.1771	-0.0630577	0.0204792
			}
		}
		{bone "driver2"
			{Matrix34
				1	-1.57356e-005	0
				1.57356e-005	1	1.55031e-005
				0	-1.55031e-005	1
				-98.3202	-10.12	-0.0433659
			}
		}
		{bone "emit2"
			{parameters "Group=crew;"}
			{Matrix34
				1	-1.57356e-005	0
				1.57356e-005	1	1.55031e-005
				0	-1.55031e-005	1
				-34.7396	-9.78096	0.0554751
			}
		}
		{bone "emit4"
			{parameters "Group=crew;"}
			{Matrix34
				1	-1.57356e-005	0
				1.57356e-005	1	1.55031e-005
				0	-1.55031e-005	1
				-44.8692	-9.78081	-0.0132763
			}
		}
		{bone "emit3"
			{parameters "Group=crew;"}
			{Matrix34
				1	-1.57356e-005	0
				1.57356e-005	1	1.55031e-005
				0	-1.55031e-005	1
				-44.8689	9.84738	-0.012972
			}
		}
		{bone "emit1"
			{parameters "Group=crew;"}
			{Matrix34
				1	-1.57356e-005	0
				1.57356e-005	1	1.55031e-005
				0	-1.55031e-005	1
				-34.7393	9.84722	0.0557794
			}
		}
		{bone "lafet"
			{Matrix34
				1	0	0.000952007
				0	1	0
				-0.000952007	0	1
				-53.3803	-0.952232	8.27141
			}
			{VolumeView "lafet.ply"}
			{bone revolute "wheelright"
				{parameters "ID=wheelright;Radius=0.4;support=1;"}
				{Matrix34
					-0.923235	0	0.384237
					0.384237	0	0.923235
					0	1	0
					0	-16.2407	0
				}
				{bone "wheelr"
					{Matrix34
						1.25	0	0
						0	1.25	0
						0	0	1.25
						0	0	0
					}
					{VolumeView "wheelr.ply"}
				}
			}
			{bone revolute "wheelleft"
				{parameters "ID=wheelleft;Radius=0.4;support=1;"}
				{Matrix34
					-0.923234	0	0.384237
					0.384237	0	0.923234
					0	1	0
					-1.14441e-005	17.9979	0
				}
				{bone "wheell"
					{Matrix34
						1.25	0	0
						0	1.25	0
						0	0	-1.25
						0	0	0
					}
					{VolumeView "wheell.ply"}
				}
			}
			{bone "fxtracer1"
				{Matrix34
					0.923234	0	-0.384237
					0	1	0
					0.384237	0	0.923234
					-3.32569	-15.7798	-7.57506
				}
			}
			{bone "fxtracel1"
				{Matrix34
					0.923234	0	-0.384237
					0	1	0
					0.384237	0	0.923234
					-3.4132	17.5376	-7.53864
				}
			}
			{bone "link1"
				{Matrix34
					0.999771	-1.71622e-005	-0.0213775
					1.73575e-005	1	0
					0.0213775	0	0.999771
					-44.65	0.97036	8.74243
				}
			}
			{bone revolute "stoika"
				{Matrix34
					-0.386273	0	0.922384
					0	1	0
					-0.922384	0	-0.386273
					-26.1211	0.878467	2.4615
				}
				{VolumeView "stoika.ply"}
			}
		}
	}
}
{Volume "body"
	{Box 38.2749 2.69542 26.7775}
	{Bone "body"}
	{Matrix34
		1	-3.14713e-005	0
		0	0	1
		-3.14713e-005	-1	0
		-0.21272	0.0561876	1.02738
	}
}
{Volume "gun"
	{Polyhedron "gun.vol"}
	{Bone "gun"}
	{Position -0.157052	9.41161	-2.09164}
}
{Volume "lafet1"
	{Box 21.4679 11.9528 4.24622}
	{Bone "lafet"}
	{Matrix34
		0.938131	0	-0.34628
		0	1	0
		0.34628	0	0.938131
		-35.1543	0.547044	6.79831
	}
}
{Volume "lafet2"
	{Box 12.347 8.51028 3.35121}
	{Bone "lafet"}
	{Position -18.7818	10.7159	3.10856}
}
{Volume "lafet3"
	{Box 12.347 8.51028 3.35121}
	{Bone "lafet"}
	{Position -18.7818	-9.67475	3.10856}
}
{Volume "lafet4"
	{Box 26.5416 11.5282 11.3738}
	{Bone "lafet"}
	{Position 0.655174	15.4494	7.14704}
}
{Volume "lafet5"
	{Box 26.5416 11.5282 11.3738}
	{Bone "lafet"}
	{Position 0.655174	-13.3766	7.14704}
}
{Volume "turret"
	{Polyhedron "turret.vol"}
	{Bone "turret"}
	{Matrix34
		0	0.984808	0.173648
		-1	0	0
		0	-0.173648	0.984808
		-0.33251	-0.74837	5.40209
	}
}
{Volume "wheelleft"
	{Cylinder 8.9602 4.18928}
	{Bone "wheelleft"}
	{Matrix34
		-1	0	0
		0	1	0
		0	0	-0.999999
		-0.00787342	-0.0234612	-0.181562
	}
}
{Volume "wheelright"
	{Cylinder 8.9602 4.18928}
	{Bone "wheelright"}
	{Matrix34
		-1	0	0
		0	1	0
		0	0	-1
		-0.00786167	-0.0234606	0.163414
	}
}
