;Exported by: dpostnikov
;Date:        Thu Nov 16 23:48:28 2017
;File:        C:\Users\dpostnikov\Documents\3dsmax\scenes\75aa_xx.max
{Skeleton
	{bone "basis"
		{Orientation
			1	0	0
			0	-1	0
			0	0	1
		}
		{bone "body"
			{parameters "ID=body;"}
			{Matrix34
				1	0	0
				0	0.998972	0.0453294
				0	-0.0453294	0.998972
				0.51967	-0.364212	11.5072
			}
			{VolumeView "body.ply"}
			{bone "standr"
				{Matrix34
					1	0	0
					0	0.996236	-0.0866795
					0	0.0866795	0.996236
					-0.394086	-15.9948	-3.40229
				}
				{VolumeView "standr.ply"}
				{bone "standr2"
					{Position 0.033537	-33.0992	-2.72895}
					{VolumeView "standr2.ply"}
				}
				{bone "standr3"
					{Position 2.74594	-23.8677	-4.87676}
					{VolumeView "standr3.ply"}
				}
			}
			{bone revolute "turret"
				{parameters "ID=turret;"}
				{Matrix34
					0.994265	0	-0.106948
					0	1	0
					0.106948	0	0.994265
					0.315944	0.374881	13.0482
				}
				{VolumeView "turret.ply"}
				{bone revolute "gun_rot"
					{parameters "ID=gun;"}
					{Matrix34
						0.99822	0.059649	0
						0.00588275	-0.0984472	0.995125
						0.0593582	-0.993353	-0.0986228
						-11.3907	-0.0130931	7.45567
					}
					{VolumeView "gun_rot.ply"}
					{bone "gun"
						{Matrix34
							1	0	0
							0	0	-1
							0	1	0
							47.0218	5.6543	-0.0275078
						}
						{VolumeView "gun.ply"}
						{bone "gun2"
							{Position -48.8785	-2.96668	-1.6099}
							{VolumeView "gun2.ply"}
						}
					}
				}
			}
			{bone "stand_back"
				{Position -51.8856	0.0568543	-4.25266}
				{VolumeView "stand_back.ply"}
			}
			{bone "stand_front"
				{Position 51.8855	0.0561829	-4.43452}
				{VolumeView "stand_front.ply"}
			}
			{bone "beam"
				{Position -46.1407	-0.244858	-6.8828}
				{VolumeView "beam.ply"}
			}
			{bone "standl"
				{Matrix34
					1	0	0
					0	0.9913	-0.131624
					0	0.131624	0.9913
					-0.400167	15.9593	-3.12486
				}
				{VolumeView "standl.ply"}
				{bone "standl3"
					{Position 2.75203	24.7356	-4.8461}
					{VolumeView "standl3.ply"}
				}
				{bone "standl2"
					{Position 0.0396158	32.5808	-2.61003}
					{VolumeView "standl2.ply"}
				}
			}
			{bone "gun_support"
				{Position 39.8452	0.18551	-4.98078}
				{VolumeView "gun_support.ply"}
				{bone "gun_support2"
					{Matrix34
						0.999611	-0.0268672	0.00744336
						0.0268978	0.99963	-0.00403773
						-0.00733212	0.00423638	0.999964
						-29.7332	2.77482	1.41002
					}
					{VolumeView "gun_support2.ply"}
				}
			}
		}
		{bone "pivot_front"
			{Position 44.2494	0.00785801	12.4654}
			{VolumeView "pivot_front.ply"}
			{bone revolute "wheelr1"
				{Matrix34
					-1	0	0
					0	0	1
					0	1	0
					0.0396233	-19.9082	-2.19012
				}
			}
			{bone revolute "wheell1"
				{Matrix34
					-1	0	0
					0	0	1
					0	1	0
					0.0416145	20.0897	-2.04264
				}
			}
			{bone "suppr1"
				{parameters "CommonMesh;ID=body;"}
				{Position 0.0141754	-11.7257	-0.720848}
				{VolumeView "suppr1.ply"}
			}
			{bone "suppl1"
				{parameters "CommonMesh;ID=body;"}
				{Position 0.0141449	11.3455	-0.811714}
				{VolumeView "suppl1.ply"}
			}
		}
		{bone "pivot_back"
			{Position -44.596	0.00788852	12.4547}
			{VolumeView "pivot_back.ply"}
			{bone revolute "wheell2"
				{Matrix34
					-1	0	0
					0	0	1
					0	1	0
					0.032074	20.0897	-2.03202
				}
			}
			{bone revolute "wheelr2"
				{Matrix34
					-1	0	0
					0	0	1
					0	1	0
					0.0191345	-19.9082	-2.1795
				}
			}
			{bone "suppr2"
				{parameters "CommonMesh;ID=body;"}
				{Position 0.014183	-11.7218	-0.708744}
				{VolumeView "suppr2.ply"}
			}
			{bone "suppl2"
				{parameters "CommonMesh;ID=body;"}
				{Position 0.0141602	11.3565	-0.793278}
				{VolumeView "suppl2.ply"}
			}
		}
	}
}
{Volume "body2"
	{Polyhedron "body2.vol"}
	{Bone "body"}
	{Position -0.513526	0.37404	-4.4088}
}
{Volume "body"
	{Polyhedron "body.vol"}
	{Bone "body"}
	{Position 0.147715	-0.0772713	-9.69824}
}
{Volume "gun"
	{Cylinder 2.5 100}
	{Bone "gun"}
	{Matrix34
		0	-1	0
		0	0	1
		-1	0	0
		2.17858	0.200948	-1.66194
	}
}
{Volume "gunrot"
	{Polyhedron "gunrot.vol"}
	{Bone "gun_rot"}
	{Matrix34
		1	0	0
		0	0	-1
		0	1	0
		15.7413	-1.89709	-0.0366468
	}
}
{Volume "standl"
	{Box 5 39.25 6.5}
	{Bone "standl"}
	{Position 0.304431	18.2491	-4.63233}
}
{Volume "standr"
	{Box 5 39.25 6.5}
	{Bone "standr"}
	{Position 0.29835	-18.7369	-4.35489}
}
{Volume "turret"
	{Box 15 15 8.24912}
	{Bone "turret"}
	{Position -1.19277	-0.0718376	0.359632}
}
