;Exported by: Normand
;Date:        Sat Feb 04 21:21:55 2017
;File:        C:\Users\Normand\fiat626_fuel_xx.max
{Skeleton
	{bone "basis"
		{parameters "SteerMax=30;WheelRadius=0.5;"}
		{Orientation
			1	0	0
			0	-1	0
			0	0	1
		}
		{bone "pivot_back"
			{Position -27.8399	0.508995	9.41855}
			{VolumeView "pivot_back.ply"}
			{bone revolute "wheelr2"
				{parameters "ID=wheelright2;"}
				{Matrix34
					-1	0	0
					0	0	1
					0	1	0
					-0.393932	-16.7152	-0.249964
				}
				{VolumeView "wheelr2.ply"}
			}
			{bone revolute "wheell2"
				{parameters "ID=wheelleft2;"}
				{Matrix34
					-1	0	0
					0	0	1
					0	1	0
					-0.408363	16.1121	-0.247961
				}
				{VolumeView "wheell2.ply"}
			}
		}
		{bone "pivot_front"
			{Position 32.0698	0.245534	9.94619}
			{VolumeView "pivot_front.ply"}
			{bone revolute "steerl"
				{Matrix34
					1	0	0
					0	-1	0
					0	0	1
					0.0990372	12.8181	-1.72313
				}
				{VolumeView "steerl.ply"}
				{bone revolute "wheell1"
					{parameters "ID=wheelleft1;"}
					{Matrix34
						-1	0	0
						0	0	1
						0	-1	0
						-0.0483017	-3.07576	-0.282239
					}
					{VolumeView "wheell1.ply"}
				}
			}
			{bone revolute "steerr"
				{Matrix34
					1	0	0
					0	-1	0
					0	0	1
					0.194695	-13.0216	-1.72313
				}
				{VolumeView "steerr.ply"}
				{bone revolute "wheelr1"
					{parameters "ID=wheelright1;"}
					{Matrix34
						-1	0	0
						0	0	1
						0	-1	0
						-0.126869	3.08656	-0.336863
					}
					{VolumeView "wheelr1.ply"}
				}
			}
		}
		{bone "body"
			{parameters "ID=body;"}
			{Matrix34
				0.999226	0.000857025	-0.0393376
				0	0.999763	0.0217813
				0.0393469	-0.0217645	0.998989
				-0.283527	-0.00167657	11.9762
			}
			{VolumeView "body.ply"}
			{bone "fxfire1"
				{Position 44.7099	-0.0201161	12.7374}
			}
			{bone "bodyback"
				{parameters "ID=bodyback;"}
				{Position 0.14501	0.387107	12.1271}
				{VolumeView "bodyback.ply"}
			}
			{bone "fuel"
				{Position -7.19944	-10.1248	-4.57231}
			}
			{bone "cabin"
				{parameters "ID=cabin;"}
				{Matrix34
					0.999896	-0.00112284	-0.0143785
					0.000327517	0.998475	-0.0551964
					0.0144185	0.0551859	0.998372
					35.2349	0.901999	14.3122
				}
				{VolumeView "cabin.ply"}
				{bone "doorr"
					{Matrix34
						0.343058	-0.939309	-0.00307283
						0.939313	0.343061	-0.000601135
						0.00161881	-0.00268013	0.999995
						-10.8916	-20.0024	1.10428
					}
					{VolumeView "doorr.ply"}
				}
				{bone "doorl"
					{Matrix34
						0.999995	0.00110624	-0.00307282
						-0.00110801	0.999999	-0.000601072
						0.00307223	0.00060435	0.999995
						-10.9355	19.8701	1.08108
					}
					{VolumeView "doorl.ply"}
				}
				{bone revolute "steer_wheel"
					{parameters "ID=cabin;"}
					{Matrix34
						0.950387	0	0.31107
						0	1	0
						-0.31107	0	0.950387
						5.87615	-10.0842	3.0316
					}
					{VolumeView "steer_wheel.ply"}
				}
			}
			{bone "engine"
				{Position 35.0055	0.0429074	2.98614}
			}
		}
	}
}
{Volume "body"
	{Box 108.278 23.9239 4.5}
	{Bone "body"}
	{Position -1.87555	-0.204146	0.828502}
}
{Volume "bodyback"
	{Box 75.119 39.5968 24}
	{Bone "bodyback"}
	{Position -23.7647	-0.228935	7.18544}
}
{Volume "cabin"
	{Polyhedron "cabin.vol"}
	{Bone "cabin"}
	{Position 0.444103	-0.123283	-16.0907}
}
{Volume "engine"
	{Box 30.3163 9.81587 8.59974}
	{Bone "engine"}
	{Position 1.62564	-0.0504798	4.21572}
}
{Volume "wheelleft1"
	{Cylinder 8 4.97924}
	{Bone "wheell1"}
	{Matrix34
		-1	0	0
		0	1	0
		0	0	-1
		-0.0172932	0.00455763	-0.00369143
	}
}
{Volume "wheelleft2"
	{Cylinder 9.42288 10}
	{Bone "wheell2"}
	{Matrix34
		-1	0	0
		0	1	0
		0	0	-1
		-0.0116215	-0.116018	-0.0811653
	}
}
{Volume "wheelright1"
	{Cylinder 8 4.97924}
	{Bone "wheelr1"}
	{Matrix34
		-1	0	0
		0	1	0
		0	0	-1
		-0.000208245	0.0591846	0.00889325
	}
}
{Volume "wheelright2"
	{Cylinder 9.42288 10}
	{Bone "wheelr2"}
	{Matrix34
		-1	0	0
		0	1	0
		0	0	-1
		-0.0117058	-0.116015	0.0228672
	}
}
