;Exported by: Normand
;Date:        Wed Nov 22 12:41:06 2017
;File:        C:\Users\Normand\krupp.max
{Skeleton
	{animation
		{sequence "start" {speed 0.5}}
		{sequence "stop" {speed 0.35}}
	}
	{bone "basis"
		{parameters "SteerMax=30;WheelRadius=0.38;"}
		{Orientation
			1	0	0
			0	-1	0
			0	0	1
		}
		{bone "link2"
			{Matrix34
				-1	0	0
				0	-0.99999	0.00447313
				0	0.00447313	0.99999
				-54.8381	-0.0824993	11.2707
			}
		}
		{bone "emit1"
			{Matrix34
				-0.105587	-0.99441	0
				0.9944	-0.105586	-0.00447319
				0.00444819	-0.00047231	0.99999
				26.62645	31.881	-0.0877589
			}
		}
		{bone "emit2"
			{Matrix34
				0.246412	0.969165	0
				-0.969156	0.246409	-0.00447319
				-0.00433527	0.00110225	0.99999
				0.23215	-30.6083	0.191067
			}
		}
		{bone "emit4"
			{Matrix34
				1	0	0
				0	0.99999	-0.00447319
				0	0.00447319	0.99999
				-81.8813	-12.5739	0.110746
			}
		}
		{bone "emit3"
			{Matrix34
				1	0	0
				0	0.99999	-0.00447319
				0	0.00447319	0.99999
				-81.4831	13.7007	-0.00678546
			}
		}
		{bone "pivot_back"
			{parameters "ID=body;"}
			{Matrix34
				1	0	0
				0	0.99999	-0.00447319
				0	0.00447319	0.99999
				-10.241	0.101264	8.9508
			}
			{VolumeView "pivot_back.ply"}
			{bone "fxtracel2"
				{Matrix34
					-1	0	0
					0	-1	0
					0	0	1
					-10.2448	15.3544	-8.96413
				}
			}
			{bone "fxtracer2"
				{Matrix34
					-1	0	0
					0	-1	0
					0	0	1
					-10.3446	-15.5369	-8.96968
				}
			}
			{bone "fxtracer3"
				{Matrix34
					-1	0	0
					0	-1	0
					0	0	1
					-27.3207	-15.4149	-8.96968
				}
			}
			{bone "fxtracel3"
				{Matrix34
					-1	0	0
					0	-1	0
					0	0	1
					-27.3595	15.2332	-8.96413
				}
			}
			{bone revolute "wheell2"
				{parameters "ID=wheelleft2;"}
				{Matrix34
					-1	0	0
					0	0	1
					0	1	0
					-10.2149	16.5	-1.50222
				}
				{VolumeView "wheell2.ply"}
			}
			{bone revolute "wheelr2"
				{parameters "ID=wheelright2;"}
				{Matrix34
					-1	0	0
					0	0	1
					0	1	0
					-10.2279	-16.5	-1.50588
				}
				{VolumeView "wheelr2.ply"}
			}
			{bone revolute "wheelr3"
				{parameters "ID=wheelright3;"}
				{Matrix34
					-1	0	0
					0	0	1
					0	1	0
					-27.1639	-16.5	-1.50588
				}
				{VolumeView "wheelr3.ply"}
			}
			{bone revolute "wheell3"
				{parameters "ID=wheelleft3;"}
				{Matrix34
					-1	0	0
					0	0	1
					0	1	0
					-27.1509	16.5	-1.50222
				}
				{VolumeView "wheell3.ply"}
			}
		}
		{bone "pivot_front"
			{parameters "ID=body;"}
			{Matrix34
				1	0	0
				0	0.99999	-0.00447319
				0	0.00447319	0.99999
				29.7636	0.166656	8.82582
			}
			{VolumeView "pivot_front.ply"}
			{bone revolute "steerr"
				{parameters "ID=body;"}
				{Matrix34
					-1	0	0
					0	1	0
					0	0	1
					-0.0434227	-14.8815	-1.32492
				}
				{VolumeView "steerr.ply"}
				{bone revolute "wheelr1"
					{parameters "ID=wheelright1;"}
					{Matrix34
						1	0	0
						0	0	1
						0	1	0
						-0.0888195	-0.9	-0.724646
					}
					{VolumeView "wheelr1.ply"}
				}
				{bone "fxtracer1"
					{Matrix34
						1	0	0
						0	-1	0
						0	0	1
						-0.0434856	14.4969	-7.44683
					}
				}
			}
			{bone revolute "steerl"
				{parameters "ID=body;"}
				{Matrix34
					-1	0	0
					0	1	0
					0	0	1
					-0.0434227	14.5423	-1.29032
				}
				{VolumeView "steerl.ply"}
				{bone "fxtracel1"
					{Matrix34
						1	0	0
						0	-1	0
						0	0	1
						-0.0434818	-14.1614	-7.48143
					}
				}
				{bone revolute "wheell1"
					{parameters "ID=wheelleft1;"}
					{Matrix34
						1	0	0
						0	0	1
						0	1	0
						-0.0850372	0.9	-0.752315
					}
					{VolumeView "wheell1.ply"}
				}
			}
		}
		{bone "body"
			{parameters "ID=body;"}
			{animation
				{sequence "repair" {file "body_r.anm"} {speed 0.4}}
			}
			{Matrix34
				1	0	0
				0	0.99999	-0.00447319
				0	0.00447319	0.99999
				-7.00014	1.42598	9.80111
			}
			{VolumeView "body.ply"}
			{bone "body_back"
				{parameters "ID=body;"}
				{Position -23.2701	-1.27255	9.97285}
				{VolumeView "body_back.ply"}
				{bone "detail1"
					{parameters "ID=body;"}
					{Position -18.1794	-19.0848	3.81333}
					{VolumeView "detail1.ply"}
				}
				{bone "detail2"
					{parameters "ID=body;"}
					{Position -24.5984	14.982	1.67608}
					{VolumeView "detail2.ply"}
				}
				{bone "seat01"
					{Matrix34
						-0.00946681	-0.999927	-0.00749486
						0.999946	-0.00949839	0.00417267
						-0.00424363	-0.00745494	0.999963
						13	8	-5.8
					}
				}
				{bone "seat02"
					{Matrix34
						-0.00478486	0.999959	0.00769321
						-0.99998	-0.00475196	-0.00428097
						-0.00424412	-0.00771353	0.999961
						14.5	-8	-5.8
					}
				}
				{bone "seat03"
					{Matrix34
						-0.00946681	-0.999927	-0.00749486
						0.999946	-0.00949839	0.00417267
						-0.00424363	-0.00745494	0.999963
						0.0	8	-5.8
					}
				}
				{bone "seat04"
					{Matrix34
						-0.00478486	0.999959	0.00769321
						-0.99998	-0.00475196	-0.00428097
						-0.00424412	-0.00771353	0.999961
						1.5	-8	-5.84
					}
				}
				{bone "seat05"
					{Matrix34
						-0.00512661	0.999957	0.00769797
						-0.999978	-0.0050937	-0.00428336
						-0.0042438	-0.00771978	0.999961
						-11.5	-8	-5.8
					}
				}
				{bone "seat06"
					{Matrix34
						-0.00766929	-0.999942	-0.00751999
						0.999962	-0.00770095	0.00418602
						-0.00424373	-0.0074876	0.999963
						-13.0	8	-5.8
					}
				}
			}
			{bone "cabin"
				{parameters "ID=cabin;"}
				{animation
					{sequence "repair" {file "cabin_r.anm"} {speed 0.4}}
				}
				{Position 24.5305	-1.52022	9.2903}
				{VolumeView "cabin.ply"}
				{bone revolute "steer_wheel"
					{parameters "ID=body;"}
					{Matrix34
						-0.632966	0.029903	-0.773602
						0.0435178	0.999048	0.00301091
						-0.772955	0.0317597	0.633665
						-5.83875	7.80343	6.83973
					}
					{VolumeView "steer_wheel.ply"}
				}
				{bone "window_frame"
					{parameters "ID=body;"}
					{Position -0.923563	-0.00161318	7.31889}
					{VolumeView "window_frame.ply"}
					{bone "glass_front"
						{parameters "ID=glass;"}
						{Matrix34
							0	-1	0
							-0.32052	0	0.947242
							-0.947242	0	-0.32052
							-1.40063	-0.0185343	4.25599
						}
						{VolumeView "glass_front.ply"}
					}
				}
				{bone "driver"
					{Matrix34
						0.992093	-0.0101699	0.125091
						0.0150883	0.999147	-0.0384348
						-0.124593	0.0400183	0.9914
						-12.5	7.0	-9
					}
				}
				{bone "commander"
					{Matrix34
						0.993079	-0.0116192	0.116872
						0.0126806	0.999885	-0.00834183
						-0.116762	0.0097661	0.993112
						-12.5	-7.5	-9
					}
				}
				{bone "whr"
					{Matrix34
						-1	0	0
						0	0	1
						0	1	0
						-15.9874	-16.4754	-5.4219
					}
					{VolumeView "wheelr1.ply"}
				}
				{bone "whl"
					{Matrix34
						-1	0	0
						0	0	1
						0	1	0
						-15.9748	16.5834	-5.41824
					}
					{VolumeView "wheell1.ply"}
				}
				{bone "engine"
					{parameters "ID=engine;"}
					{animation
						{sequence "repair" {file "engine_r.anm"} {speed 0.4}}
					}
					{Matrix34
						1	0	0
						0	1	0
						0	0	1
						6.4097	0.058851	2.93381
					}
					{bone "engine_cover"
						{parameters "ID=engine;"}
						{Matrix34
							1	0	0
							0	1	0
							0	0	1
							0	0	0
						}
						{VolumeView "engine_cover.ply"}
					}
				}
			}
			{bone "buffer"
				{parameters "ID=body;"}
				{Position 48.7424	5.68405	0.551376}
				{VolumeView "buffer.ply"}
			}
			{bone "suspension_back"
				{parameters "ID=body;"}
				{Position -21.9885	-1.3209	1.67558}
				{VolumeView "suspension_back.ply"}
			}
			{bone "fxfire1"
				{Position 36.0564	1.79552	4.03375}
			}
			{bone "motor"
				{parameters "ID=body;"}
				{Position 36.0564	1.79552	4.03375}
				{VolumeView "motor.ply"}
			}
			{bone "fxlight"
				{Position 69.0664	0.00463772	3.11146}
			}
			{bone "fxsmoke1"
				{Matrix34
					-0.406769	0.716767	-0.566378
					-0.818667	-0.561125	-0.122157
					-0.405367	0.413986	0.815042
					-42.1263	10.2341	0.902723
				}
			}
			{bone "visor1"
				{Position 26.6012	5.84527	21.9165}
			}
			{bone "visor2"
				{Position 26.6012	-5.84527	21.9165}
			}
			{bone "fxstop1"
				{Matrix34
					-1	0	0
					0	-1	0
					0	0	1
					-48.7893	-12.1776	7.82631
				}
			}
			{bone "headlightl"
				{Position 46.9284	8.17138	6.2393}
			}
			{bone "headlightr"
				{Position 46.9286	-10.4586	6.2393}
			}
		}
	}
}
{Volume "body"
	{Box 94 19 3}
	{Bone "body"}
	{Matrix34
		1	0	0
		0	1	0
		0	0	1
		0.99053	-1.62962	0.573739
	}
}
{Volume "bodyback"
	{Box 50.313 38.0332 19}
	{Bone "body_back"}
	{Matrix34
		1	0	0
		0	1	0
		0	0	1
		0.41757	-0.140538	2.60494
	}
}
{Volume "cabin"
	{Box 14.3554 28.2784 10}
	{Bone "cabin"}
	{Matrix34
		1	0	0
		0	1	0
		0	0	1
		-15.055	-0.0535689	-2.27509
	}
}
{Volume "engine"
	{Polyhedron "engine.vol"}
	{Bone "engine"}
	{Position 4.34184	0.186174	-10.153}
}
{Volume "glass_front"
	{Box 22.5 8 0.4}
	{Bone "glass_front"}
	{Matrix34
		1	0	0
		0	0.999998	0.00195849
		0	-0.00195837	0.999998
		0.0155077	0.207794	0.123179
	}
}
{Volume "wheelleft1"
	{Cylinder 8.26066 4.06539}
	{Bone "wheell1"}
	{Matrix34
		-1	0	0
		0	-1	0
		0	0	1
		0	0	-0.389408
	}
}
{Volume "wheelright1"
	{Cylinder 8.26066 4.06539}
	{Bone "wheelr1"}
	{Matrix34
		-1	0	0
		0	-1	0
		0	0	1
		0	0	0.355279
	}
}
{Volume "wheelleft2"
	{Cylinder 8.26066 4.06539}
	{Bone "wheell2"}
	{Matrix34
		-1	0	0
		0	-1	0
		0	0	1
		0	0	-0.389408
	}
}
{Volume "wheelright2"
	{Cylinder 8.26066 4.06539}
	{Bone "wheelr2"}
	{Matrix34
		-1	0	0
		0	-1	0
		0	0	1
		0	0	0.355279
	}
}
{Volume "wheelleft3"
	{Cylinder 8.26066 4.06539}
	{Bone "wheell3"}
	{Matrix34
		-1	0	0
		0	-1	0
		0	0	1
		0	0	-0.389408
	}
}
{Volume "wheelright3"
	{Cylinder 8.26066 4.06539}
	{Bone "wheelr3"}
	{Matrix34
		-1	0	0
		0	-1	0
		0	0	1
		0	0	0.355279
	}
}
