;Exported by: Normand
;Date:        Sun Feb 11 17:27:48 2024
;File:        C:\Users\Normand\Documents\3dsmax\scenes\75mm_m1_xx.max
{Skeleton
	{bone revolute "basis"
		{speed 0.002}
		{Orientation
			1	0	0
			0	-1	0
			0	0	1
		}
		{bone "body"
			{parameters "ID=body;"}
			{Matrix34
				0.99876	0	-0.0497766
				0.0042296	0.996383	0.0848663
				0.0495966	-0.0849716	0.995148
				-0.000763177	0.0205694	3.87008
			}
			{VolumeView "body.ply"}
			{bone revolute "gun_rot"
				{parameters "ID=gun;"}
				{Matrix34
					0.995409	-0.0819596	-0.0494383
					0.0385967	-0.128953	0.990899
					-0.087589	-0.988258	-0.125198
					-6.61371	0.606999	4.73953
				}
				{VolumeView "gun_rot.ply"}
				{bone "gun"
					{parameters "ID=gun;"}
					{Matrix34
						0.998768	-0.0484645	0.01068
						0.0104929	-0.00411271	-0.999937
						0.0485053	0.998816	-0.00359914
						-2.95855	2.73463	0.573167
					}
					{VolumeView "gun.ply"}
				}
				{bone "gun_sup"
					{parameters "ID=body;"}
					{Matrix34
						0.998768	-0.0484645	0.01068
						0.0104929	-0.00411271	-0.999937
						0.0485053	0.998816	-0.00359914
						-19.1514	-6.0603	0.593265
					}
					{VolumeView "gun_sup.ply"}
				}
			}
		}
		{bone "pivot_front"
			{Matrix34
				0.99876	0	-0.0497766
				0	1	0
				0.0497766	0	0.99876
				-0.0178413	-0.0484916	4.592
			}
			{bone revolute "wheell1"
				{parameters "ID=wheelleft;Radius=0.25;"}
				{Matrix34
					-0.99876	0	0.0497766
					0.0497766	0	0.99876
					0	1	0
					0.0182054	10.5126	-0.147807
				}
				{VolumeView "wheell1.ply"}
			}
			{bone revolute "wheelr1"
				{parameters "ID=wheelright;Radius=0.25;"}
				{Matrix34
					-0.99876	0	0.0497766
					0.0497766	0	0.99876
					0	1	0
					0.0182168	-10.4484	-0.156355
				}
				{VolumeView "wheelr1.ply"}
			}
		}
	}
}
{Volume "body2"
	{Polyhedron "body2.vol"}
	{Bone "body"}
	{Matrix34
		0.99876	-0.00422957	-0.0495966
		0.00422957	0.999991	-0.000104763
		0.0495966	-0.00010512	0.998769
		-5.81294	0.172737	1.02124
	}
}
{Volume "body"
	{Polyhedron "body.vol"}
	{Bone "body"}
	{Matrix34
		0.99876	-0.00422957	-0.0495966
		0.00422957	0.999991	-0.000104763
		0.0495966	-0.00010512	0.998769
		-23.1978	0.0280934	-2.42759
	}
}
{Volume "gun2"
	{Box 22 4.5 2.5}
	{Bone "gun_rot"}
	{Matrix34
		0.998768	-0.0484645	0.01068
		0.0104929	-0.00411271	-0.999937
		0.0485053	0.998816	-0.00359917
		10.9905	-0.316954	-0.0396495
	}
}
{Volume "gun3"
	{Box 6 6 5}
	{Bone "gun"}
	{Matrix34
		0.998768	-0.0106803	-0.0484643
		0.0104933	0.999937	-0.00411215
		0.0485051	0.00359857	0.998816
		-2.84002	0.223494	0.520827
	}
}
{Volume "gun4"
	{Polyhedron "gun4.vol"}
	{Bone "gun"}
	{Matrix34
		0.998768	-0.0106803	-0.0484643
		0.0104933	0.999937	-0.00411215
		0.0485051	0.00359856	0.998816
		10.615	-0.00383234	1.21046
	}
}
{Volume "gun"
	{Cylinder 1.25 24.5}
	{Bone "gun"}
	{Matrix34
		-0.0104936	-0.999937	0.00411224
		0.048505	0.00359863	0.998816
		-0.998768	0.0106807	0.0484641
		12.2607	-0.140778	-0.510987
	}
}
{Volume "wheelleft"
	{Cylinder 4.45 3.75}
	{Bone "wheell1"}
	{Matrix34
		-0.99876	-0.0497766	0
		-0.0497766	0.99876	0
		0	0	-1
		0.000711884	-0.00781462	0.316904
	}
}
{Volume "wheelright"
	{Cylinder 4.45 3.75}
	{Bone "wheelr1"}
	{Matrix34
		-0.99876	-0.0497766	0
		-0.0497766	0.99876	0
		0	0	-1
		0.000723447	0.00073269	-0.26908
	}
}
