;Exported by: Mauzer
;Date:        Thu Sep 16 10:23:52 2010
;File:        E:\Autodesk\Low poly\freelance\DMS\Churchill Mk VII + Crocodile variant + AVRE variant\Churchill Mk VII.max
{Skeleton
	{animation
		{sequence "start" {speed 0.7}}
		{sequence "stop" {speed 0.7}}
		{sequence "fire" {speed 0.6}}
		{sequence "hit" {speed 0.5}}
		{sequence "open" {resume}}
	}
	{bone "basis"
		{parameters "WheelRadius=0.45;"}
		{Orientation
			1	0	0
			0	-1	0
			0	0	1
		}
		{Extension "/properties/damage_components.ext"}
		{bone "body"
			{parameters "ID=body;"}
			{animation
				{sequence "repair" {file "body_r.anm"} {speed 0.9}}
			}
			{Matrix34
				1	0	0
				0	-1	0
				0	0	1
				-0.405998	-0.254998	17.5445
			}
			{bone "hull"
				{parameters "ID=body;"}
				{Matrix34
					1	0	0
					0	-1	0
					0	0	1
					-6.56623	-0.0	1.42146
				}
				{VolumeView "hull.ply"}
				{bone "front_plate"
					{parameters "ID=body;"}
					{Position 55.1968	0.0148537	7.74953}
					{VolumeView "front_plate.ply"}
				}
				{bone revolute "turret"
					{parameters "ID=turret;"}
					{animation
						{sequence "repair" {file "turret_r.anm"} {speed 0.9}}
					}
					{Position 7.02181	-0.626669	13.4512}
					{VolumeView "turret.ply"}
					{bone "commander_hatch_1"
						{parameters "ID=turret;"}
						{Position -1.70676	6.67795	15.9966}
						{VolumeView "commander_hatch_1.ply"}
					}
					{bone "commander_hatch_2"
						{parameters "ID=turret;"}
						{Position -11.3022	6.7157	16.1566}
						{VolumeView "commander_hatch_2.ply"}
					}
					{bone "gunner_hatch_2"
						{parameters "ID=turret;"}
						{Matrix34
							1	0	0
							0	0.993638	0.112618
							0	-0.112618	0.993638
							-0.579589	-7.61416	14.5919
						}
						{VolumeView "gunner_hatch_2.ply"}
					}
					{bone "gunner_hatch_1"
						{parameters "ID=turret;"}
						{Matrix34
							1	0	0
							0	0.993638	0.112618
							0	-0.112618	0.993638
							-11.9818	-7.61253	14.6387
						}
						{VolumeView "gunner_hatch_1.ply"}
					}
					{bone "mantlet"
						{parameters "ID=turret;"}
						{Matrix34
							0	-1	0
							0	0	1
							-1	0	0
							-7.94567	0.624834	-31.8804
						}
						{VolumeView "mantlet.ply"}
					}
					{bone revolute "gun_rot"
						{parameters "ID=gun;"}
						{limits -10 15}
						{speed 0.01}
						{Matrix34
							1	0	0
							0	0	1
							0	-1	0
							16.9729	0.242754	5.76155
						}
						{bone "gun"
							{parameters "ID=gun;"}
							{Matrix34
								1	0	0
								0	0	-1
								0	1	0
								2.47421	-0.707214	-0.00344467
							}
							{VolumeView "gun.ply"}
							{bone "foresight1"
								{Position 23.5519	-0.00114524	0.0557213}
							}
							{bone "visor1"
								{Position 11.3248	-0.00114106	1.06754}
							}
						}
						{bone "mgun2"
							{parameters "ID=turret;"}
							{Matrix34
								0	0	1
								0	1	0
								-1	0	0
								-24.9187	-37.642	-0.382085
							}
							{VolumeView "mgun1.ply"}
							{bone "foresight5"
								{Matrix34
									0	0	-1
									-1	0	0
									0	1	0
									5.49069	37.2089	-32.5497
								}
							}
						}
					}
				}
				{bone "fuel"
					{parameters "ID=body;"}
					{Position -69.3476	-0.0944313	9.01631}
					{VolumeView "detail2.ply"}
				}
				{bone revolute "mgun_rot1"
					{limits -10 10}
					{Position 46.9967	4.87969	7.50021}
					{bone revolute "mgun"
						{parameters "ID=body;"}
						{limits -10 10}
						{Matrix34
							1	0	0
							0	0	1
							0	-1	0
							-0.332645	1.18596	-0.00332069
						}
						{VolumeView "mgun.ply"}
						{bone "foresight4"
							{Matrix34
								1	0	0
								0	0	-1
								0	1	0
								7.67054	0.00322723	1.18597
							}
						}
					}
				}
				{bone "visor2"
					{Position 48.1329	-6.9813	7.5044}
				}
				{bone "cover1r"
					{parameters "ID=body;"}
					{Matrix34
						1	0	0
						0	0	1
						0	-1	0
						24.7617	-26.0107	1.90153
					}
					{VolumeView "cover1r.ply"}
				}
				{bone "cover1l"
					{parameters "ID=body;"}
					{Matrix34
						1	0	0
						0	0	1
						0	1	0
						24.7617	25.8716	1.90154
					}
					{VolumeView "cover1l.ply"}
				}
			}
			{bone "engine"
				{parameters "ID=engine;"}
				{Position -44.2582	0	13.1247}
				{VolumeView "engine.ply"}
			}
			{bone revolute "wheell1"
				{parameters "ID=trackleft;Radius=0.4;"}
				{Matrix34
					1	0	0
					0	0	-1
					0	-1	0
					59.0148	-21.0317	4.09098
				}
				{VolumeView "wheell1.ply"}
			}
			{bone revolute "wheell13"
				{parameters "ID=trackleft;Radius=0.42;"}
				{Matrix34
					1	0	0
					0	0	-1
					0	-1	0
					-59.4342	-21.0233	4.03081
				}
				{VolumeView "wheell13.ply"}
			}
			{bone revolute "wheelr1"
				{parameters "ID=trackRight;Radius=0.4;"}
				{Matrix34
					1	0	0
					0	0	-1
					0	1	0
					59.0148	21.0316	4.091
				}
				{VolumeView "wheelr1.ply"}
			}
			{bone revolute "wheelr13"
				{parameters "ID=trackRight;Radius=0.42;"}
				{Matrix34
					1	0	0
					0	0	-1
					0	1	0
					-59.4342	21.0233	4.03082
				}
				{VolumeView "wheelr13.ply"}
			}
			{bone "visor2"
				{Matrix34
					1	0	0
					0	-1	0
					0	0	1
					37.0097	-10.6071	15.5242
				}
			}
			{bone "fxsmoke1"
				{Matrix34
					-0.845434	-0.0665371	0.529919
					0.0784589	-0.996917	0
					-0.528285	-0.0415766	-0.848048
					-52.9563	-1.45945	14.4321
				}
			}
			{bone "fxsmoke2"
				{Matrix34
					-0.913034	0.0295967	0.406808
					-0.0345603	-0.999391	-0.00485743
					-0.406416	0.0184944	-0.913501
					-52.9563	1.44631	14.4321
				}
			}
			{bone "fxfire1"
				{Matrix34
					0	0	1
					0	-1	0
					-1	0	0
					-35.3332	-5.01892	11.6898
				}
			}
			{bone "fxshot"
				{Matrix34
					0	-1	0
					-1	0	0
					0	0	1
					-1.1999	-0.20763	-7.24353
				}
			}
			{bone "headlightl"
				{Matrix34
					1	0	0
					0	-1	0
					0	0	1
					48.1773	-11.8383	5.48378
				}
			}
			{bone revolute "wheell2"
				{parameters "ID=trackleft;Radius=0.16;"}
				{Matrix34
					0.798635	0	0.601815
					0.601815	0	-0.798635
					0	-1	0
					51.1844	-21.1901	-9.67168
				}
				{VolumeView "wheell2.ply"}
			}
			{bone revolute "wheell12"
				{parameters "ID=trackleft;Radius=0.16;"}
				{Matrix34
					0.95882	0	-0.284014
					-0.284014	0	-0.95882
					0	-1	0
					-51.2406	-21.19	-8.45592
				}
				{VolumeView "wheell2.ply"}
			}
			{bone revolute "wheelr2"
				{parameters "ID=trackRight;Radius=0.16;"}
				{Matrix34
					1	0	0
					0	0	-1
					0	1	0
					51.188	21.1901	-9.66615
				}
				{VolumeView "wheelr2.ply"}
			}
			{bone revolute "wheelr12"
				{parameters "ID=trackRight;Radius=0.16;"}
				{Matrix34
					1	0	0
					0	0	-1
					0	1	0
					-51.2321	21.1901	-8.43484
				}
				{VolumeView "wheelr2.ply"}
			}
			{bone "seat04"
				{Matrix34
					0.333807	-0.942642	0
					-0.942642	-0.333807	0
					0	0	1
					-44.7323	-26.847	4.93575
				}
			}
			{bone "seat03"
				{Matrix34
					0.00872629	-0.999962	0
					-0.999962	-0.00872629	0
					0	0	1
					-35.4806	-30.3138	4.93575
				}
			}
			{bone "seat01"
				{Matrix34
					0.165048	0.986286	0
					0.986286	-0.165048	0
					0	0	1
					-31.8625	30.3171	4.93576
				}
			}
			{bone "seat02"
				{Matrix34
					-0.414693	0.909961	0
					0.909961	0.414693	0
					0	0	1
					-43.937	26.4213	4.93576
				}
			}
			{bone "fxlight"
				{Matrix34
					1	0	0
					0	-1	0
					0	0	1
					48.1773	-0.943415	5.48378
				}
			}
			{bone "headlightr"
				{Matrix34
					1	0	0
					0	-1	0
					0	0	1
					48.1773	11.9385	5.48379
				}
			}
		}
		{bone "wheelsr"
			{parameters "wheelsR;"}
			{Matrix34
				1	0	0
				0	-1	0
				0	0	1
				-0.0311508	-21.4451	9.94119
			}
			{VolumeView "wheelsr.ply"}
			{bone revolute "wheelr11"
				{parameters "ID=trackRight;Radius=0.16;"}
				{Matrix34
					1	0	0
					0	0	-1
					0	1	0
					-40.1184	1.71661e-005	-5.42791
				}
				{VolumeView "wheelr2.ply"}
			}
			{bone revolute "wheelr10"
				{parameters "ID=trackRight;Radius=0.16;"}
				{Matrix34
					1	0	0
					0	0	-1
					0	1	0
					-30.3633	1.52588e-005	-5.42791
				}
				{VolumeView "wheelr2.ply"}
			}
			{bone revolute "wheelr9"
				{parameters "ID=trackRight;Radius=0.16;"}
				{Matrix34
					1	0	0
					0	0	-1
					0	1	0
					-20.8638	0	-5.42791
				}
				{VolumeView "wheelr2.ply"}
			}
			{bone revolute "wheelr8q"
				{parameters "ID=trackRight;Radius=0.16;"}
				{Matrix34
					1	0	0
					0	0	-1
					0	1	0
					-11.3904	0	-5.42791
				}
				{VolumeView "wheelr2.ply"}
			}
			{bone revolute "wheelr7"
				{parameters "ID=trackRight;Radius=0.16;"}
				{Matrix34
					1	0	0
					0	0	-1
					0	1	0
					-1.96866	1.14441e-005	-5.42791
				}
				{VolumeView "wheelr2.ply"}
			}
			{bone revolute "wheelr6"
				{parameters "ID=trackRight;Radius=0.16;"}
				{Matrix34
					1	0	0
					0	0	-1
					0	1	0
					7.59202	0	-5.42791
				}
				{VolumeView "wheelr2.ply"}
			}
			{bone revolute "wheelr5"
				{parameters "ID=trackRight;Radius=0.16;"}
				{Matrix34
					1	0	0
					0	0	-1
					0	1	0
					16.9666	0	-5.42791
				}
				{VolumeView "wheelr2.ply"}
			}
			{bone revolute "wheelr4"
				{parameters "ID=trackRight;Radius=0.16;"}
				{Matrix34
					1	0	0
					0	0	-1
					0	1	0
					26.4018	0	-5.42791
				}
				{VolumeView "wheelr2.ply"}
			}
			{bone revolute "wheelr3"
				{parameters "ID=trackRight;Radius=0.16;"}
				{Matrix34
					1	0	0
					0	0	-1
					0	1	0
					36.7364	0	-5.42791
				}
				{VolumeView "wheelr2.ply"}
			}
			{bone "trackr"
				{parameters "ID=trackright;"}
				{Matrix34
					-1	0	0
					0	0	1
					0	-1	0
					2.9954	-0.0698509	8.944
				}
				{VolumeView "trackr.ply"}
			}
			{bone "fxtracer3"
				{Matrix34
					-0.956836	0.0921327	0.275638
					0.0958457	0.995396	0
					0.274369	-0.0264189	0.961262
					-42.089	0.0801067	-9.93292
				}
			}
			{bone "fxtracer2"
				{Matrix34
					-1	0	0
					0	1	0
					0	0	1
					-31.6305	0.0801067	-10.1875
				}
			}
			{bone "fxtracer1"
				{Matrix34
					-1	0	0
					0	1	0
					0	0	1
					20.9673	0.0800972	-10.1875
				}
			}
		}
		{bone "wheelsl"
			{parameters "wheelsL;"}
			{Matrix34
				0.999391	0	-0.0348985
				0	-1	0
				0.0348985	0	0.999391
				-0.0311527	20.9351	9.9412
			}
			{VolumeView "wheelsl.ply"}
			{bone revolute "wheell3"
				{parameters "ID=trackleft;Radius=0.16;"}
				{Matrix34
					0.999391	0	0.0348985
					0.0348985	0	-0.999391
					0	-1	0
					36.903	0	-4.14776
				}
				{VolumeView "wheell2.ply"}
			}
			{bone revolute "wheell4"
				{parameters "ID=trackleft;Radius=0.16;"}
				{Matrix34
					0.999391	0	0.0348985
					0.0348985	0	-0.999391
					0	-1	0
					26.5808	0	-4.50821
				}
				{VolumeView "wheell2.ply"}
			}
			{bone revolute "wheell5"
				{parameters "ID=trackleft;Radius=0.16;"}
				{Matrix34
					0.999391	0	0.0348985
					0.0348985	0	-0.999391
					0	-1	0
					17.1653	0	-4.837
				}
				{VolumeView "wheell2.ply"}
			}
			{bone revolute "wheell6"
				{parameters "ID=trackleft;Radius=0.16;"}
				{Matrix34
					0.999391	0	0.0348985
					0.0348985	0	-0.999391
					0	-1	0
					7.77444	1.33514e-005	-5.16492
				}
				{VolumeView "wheell2.ply"}
			}
			{bone revolute "wheell7"
				{parameters "ID=trackleft;Radius=0.16;"}
				{Matrix34
					0.999391	0	0.0348985
					0.0348985	0	-0.999391
					0	-1	0
					-1.78082	1.71661e-005	-5.49859
				}
				{VolumeView "wheell2.ply"}
			}
			{bone revolute "wheell8"
				{parameters "ID=trackleft;Radius=0.16;"}
				{Matrix34
					0.999391	0	0.0348985
					0.0348985	0	-0.999391
					0	-1	0
					-11.2001	1.71661e-005	-5.82751
				}
				{VolumeView "wheell2.ply"}
			}
			{bone revolute "wheell9"
				{parameters "ID=trackleft;Radius=0.16;"}
				{Matrix34
					0.999391	0	0.0348985
					0.0348985	0	-0.999391
					0	-1	0
					-20.6631	2.28882e-005	-6.15796
				}
				{VolumeView "wheell2.ply"}
			}
			{bone revolute "wheell10"
				{parameters "ID=trackleft;Radius=0.16;"}
				{Matrix34
					0.999391	0	0.0348985
					0.0348985	0	-0.999391
					0	-1	0
					-30.1216	3.05176e-005	-6.48825
				}
				{VolumeView "wheell2.ply"}
			}
			{bone revolute "wheell11"
				{parameters "ID=trackleft;Radius=0.16;"}
				{Matrix34
					0.999391	0	0.0348985
					0.0348985	0	-0.999391
					0	-1	0
					-39.8778	3.43323e-005	-6.82893
				}
				{VolumeView "wheell2.ply"}
			}
			{bone "trackl"
				{parameters "ID=trackLeft;"}
				{Matrix34
					-0.999391	0	-0.034898
					-0.034898	0	0.999391
					0	-1	0
					2.68102	0.0690823	9.03788
				}
				{VolumeView "trackl.ply"}
			}
			{bone "fxtracel1"
				{Matrix34
					-0.999391	0	-0.034898
					0	1	0
					-0.034898	0	0.999391
					21.3101	-0.182007	-9.44956
				}
			}
			{bone "fxtracel2"
				{Matrix34
					-0.999391	0	-0.034898
					0	1	0
					-0.034898	0	0.999391
					-31.2557	-0.181982	-11.2851
				}
			}
			{bone "fxtracel3"
				{Matrix34
					-0.963135	-0.117148	0.242173
					-0.121795	0.992546	-0.00425261
					0.23987	0.0335913	0.970224
					-41.7168	-0.181976	-11.3957
				}
			}
		}
		{bone "emit2"
			{Matrix34
				0	1	0
				-1	0	0
				0	0	1
				-0.993312	-43.1973	-0.246291
			}
		}
		{bone "emit1"
			{Matrix34
				0	-1	0
				1	0	0
				0	0	1
				-0.793917	41.4741	-0.246291
			}
		}
		{bone "emit5"
			{Matrix34
				0	-1	0
				1	0	0
				0	0	1
				-28.6344	45.7513	-0.246291
			}
		}
		{bone "emit6"
			{Matrix34
				0	-1	0
				1	0	0
				0	0	1
				-49.4292	45.7513	-0.246291
			}
		}
		{bone "emit3"
			{Matrix34
				0	1	0
				-1	0	0
				0	0	1
				-29.6445	-47.3431	-0.246291
			}
		}
		{bone "emit4"
			{Matrix34
				0	1	0
				-1	0	0
				0	0	1
				-51.4547	-47.3431	-0.246291
			}
		}
	}
}
{Extension "/properties/damage_components_vol.ext"}
{Volume "ammo1"
	{Box 16 6 8}
	{Bone "body"}
	{Matrix34
		1	0	0
		0	-1	0
		0	0	1
		-5.68301	-11.5209	3.61145
	}
}
{Volume "ammo2"
	{Box 16 6 8}
	{Bone "body"}
	{Matrix34
		1	0	0
		0	-1	0
		0	0	1
		-5.68301	10.1472	3.61145
	}
}
{Volume "ammo3"
	{Box 16 6 8}
	{Bone "body"}
	{Matrix34
		0	-1	0
		0	0	-1
		-1	0	0
		16.3194	-0.145291	0.551994
	}
}
{Volume "body1"
	{Polyhedron "body1.vol"}
	{Bone "body"}
	{Matrix34
		-1	0	0
		0	0	1
		0	-1	0
		-15.0885	-0.254995	2.80544
	}
}
{Volume "body2"
	{Polyhedron "body2.vol"}
	{Bone "body"}
	{Matrix34
		-1	0	0
		0	0	1
		0	-1	0
		-15.0885	-0.254995	2.80544
	}
}
{Volume "body3"
	{Polyhedron "body3.vol"}
	{Bone "body"}
	{Matrix34
		-1	0	0
		0	0	1
		0	-1	0
		-15.0885	-0.254995	2.80544
	}
}
{Volume "crew"
	{Box 25.9021 24.5327 11.8791}
	{Bone "body"}
	{Matrix34
		1	0	0
		0	-1	0
		0	0	1
		0.878879	0.267307	4.62556
	}
}
{Volume "engine"
	{Polyhedron "engine.vol"}
	{Bone "engine"}
	{Matrix34
		-1	0	0
		0	0	1
		0	-1	0
		-7.44166	-0.0182247	-6.97784
	}
}
{Volume "fuel"
	{Cylinder 4.72096 24.3}
	{Bone "fuel"}
	{Matrix34
		1	0	0
		0	0	1
		0	-1	0
		0.0750885	-0.0487738	-0.0563961
	}
}
{Volume "gun"
	{Cylinder 0.947242 22.5}
	{Bone "gun"}
	{Matrix34
		0	-1	0
		0	0	1
		-1	0	0
		12.2016	-0.00480304	-0.0174147
	}
}
{Volume "inventory"
	{Box 18.3884 7.45794 7.30021}
	{Bone "body"}
	{Matrix34
		1	0	0
		0	-1	0
		0	0	1
		-1.15618	-7.52428	3.21318
	}
}
{Volume "trackleft"
	{Polyhedron "trackleft.vol"}
	{Bone "wheelsl"}
	{Matrix34
		-0.999391	0	-0.034898
		-0.034898	0	0.999391
		0	-1	0
		-0.7772	-0.028944	5.68847
	}
}
{Volume "trackright"
	{Polyhedron "trackright.vol"}
	{Bone "wheelsr"}
	{Matrix34
		-1	0	0
		0	0	1
		0	-1	0
		-0.578207	-0.131435	5.71213
	}
}
{Volume "turret2"
	{Polyhedron "turret2.vol"}
	{Bone "turret"}
	{Position 4.71213	-19.6709	0.888645}
}
{Volume "turret1"
	{Polyhedron "turret.vol"}
	{Bone "turret"}
	{Position 0.408587	-0.649634	-0.0657806}
}