;Exported by: Jagdpanther
;Date:        Tue Sep 28 12:58:59 2010
;File:        D:\Δενθρ\3DS MAX\m5.max
{Skeleton
	{animation
		{sequence "stop" {speed 0.2}}
		{sequence "start" {speed 0.3}}
		{sequence "fire"}
		{sequence "hit" {speed 0.35}}
	}
	{bone "basis"
		{parameters "Wheelradius=0.4;"}
		{Orientation
			1	0	0
			0	-1	0
			0	0	1
		}
		{bone "emit1"
			{Matrix34
				0	-1	0
				1	0	0
				0	0	1
				-5	44	0
			}
			{visibility 0}
		}
		{bone "emit2"
			{Matrix34
				0	1	0
				-1	0	0
				0	0	1
				-5	-44	0
			}
			{visibility 0}
		}
		{bone "chassisr"
			{parameters "ID=trackleft;"}
			{Position -4.95006	-18.8529	7.96311}
			{VolumeView "wheelsr.ply"}
		}
		{bone "chassisl"
			{parameters "ID=trackleft;"}
			{Position -4.95	18.8102	7.96422}
			{VolumeView "wheelsl.ply"}
		}
		{bone "body"
			{parameters "ID=body;"}
			{animation
				{sequence "repair" {file "body_r.anm"} {speed 0.4}}
			}
			{Matrix34
				1	0	0
				0	0.999987	-0.0050458
				0	0.00504619	0.999987
				0	0.156255	30.967
			}
			{bone revolute "wheelr8"
				{parameters "ID=trackright;"}
				{Matrix34
					-1	0	0
					0	0	1
					0	1	0
					-3.98979	-16.8016	-13.1493
				}
				{VolumeView "wheelr8.ply"}
			}
			{bone revolute "wheelr7"
				{parameters "ID=trackright;"}
				{Matrix34
					-1	0	0
					0	0	1
					0	1	0
					13.7195	-16.8016	-13.1493
				}
				{VolumeView "wheelr7.ply"}
			}
			{bone revolute "wheelr9"
				{parameters "ID=trackright;"}
				{Matrix34
					-1	0	0
					0	0	1
					0	1	0
					-18.0116	-16.8023	-14.4998
				}
				{VolumeView "wheelr9.ply"}
			}
			{bone revolute "wheelr1"
				{parameters "ID=trackright;"}
				{Matrix34
					-1	0	0
					0	0	1
					0	1	0
					33.1536	-17.5381	-17.8743
				}
				{VolumeView "wheelr1.ply"}
			}
			{bone revolute "wheell8"
				{parameters "ID=trackleft;"}
				{Matrix34
					-1	0	0
					0	0	1
					0	1	0
					-3.98979	17.1421	-13.1676
				}
				{VolumeView "wheell8.ply"}
			}
			{bone revolute "wheell7"
				{parameters "ID=trackleft;"}
				{Matrix34
					-1	0	0
					0	0	1
					0	1	0
					13.7195	17.1421	-13.1676
				}
				{VolumeView "wheell7.ply"}
			}
			{bone revolute "wheell9"
				{parameters "ID=trackleft;"}
				{Matrix34
					-1	0	0
					0	0	1
					0	1	0
					-18.0116	17.1415	-14.5181
				}
				{VolumeView "wheell9.ply"}
			}
			{bone revolute "wheell1"
				{parameters "ID=trackleft;"}
				{Matrix34
					-1	0	0
					0	0	1
					0	1	0
					33.1536	17.8738	-17.8927
				}
				{VolumeView "wheell1.ply"}
			}
		
		{bone "body2"
			{parameters "ID=body;"}
			{Position -4.04551	-0.154	-16.51}
			{VolumeView "body.ply"}
			{bone "shield"
				{parameters "ID=body;"}
				{Position 32.2396	-0.090847	28.319}
				{VolumeView "shield.ply"}
			}
			{bone "engine"
				{parameters "ID=engine;"}
				{Position -22.5025	-0.149158	13.2654}
				{VolumeView "engine.ply"}
			}
			{bone revolute "turret_mgun"
				{parameters "ID=body;"}
				{speed 0.05}
				{Position 8.13652	-10.8866	31.9423}
				{VolumeView "turret_mgun.ply"}
				{bone revolute "mgun_rot"
					{limits -5 25}
					{speed 0.03}
					{Matrix34
						1	0	0
						0	0	1
						0	-1	0
						5.04333	-0.0149126	2.22287
					}
					{bone "gunner"
						{Matrix34
							0.999338	-0.036388	0
							0	0	-1
							0.036388	0.999338	0
							-6.60636	-20.1434	-0.272781
						}
					}
				}
				{bone "visor1"
					{Matrix34
						1	0	0
						0	0	1
						0	-1	0
						9.80112	-0.0149145	4.60688
					}
				}
			}
			{bone "fxsmoke1"
				{Matrix34
					-0.642782	-0.739947	0.198267
					-0.766049	0.620879	-0.166366
					0	-0.258819	-0.965926
					-36.4108	-9.95878	16.0663
				}
			}
			{bone "fxlight"
				{Matrix34
					1	0	0
					0	-1	0
					0	0	-1
					48.0344	-0.122422	13.7487
				}
			}
			{bone "headlightl"
				{Matrix34
					1	0	0
					0	-1	0
					0	0	-1
					42.9034	-18.3151	10.6708
				}
			}
			{bone "headlightr"
				{Matrix34
					1	0	0
					0	-1	0
					0	0	-1
					42.9359	17.9857	10.6018
				}
			}
			{bone "fxfire1"
				{Matrix34
					0	1	0
					0.99997	0	-0.00769068
					-0.00769068	0	-0.99997
					-22.4474	0.484974	20.2164
				}
			}
			{bone "fxsmoke2"
				{Matrix34
					-0.739947	0.642782	0.198267
					0.620879	0.766049	-0.166366
					-0.258819	0	-0.965926
					-36.4108	10.5394	16.0663
				}
			}
			{bone "visor2"
				{Position 43.3357	-0.0748084	25.233}
			}
			{bone "seat01"
				{Matrix34
					0	0.996195	0.0871557
					-1	0	0
					0	-0.0871557	0.996195
					4.79179	-11.0159	2.60077
				}
			}
			{bone "seat02"
				{Matrix34
					0	0.996195	0.0871557
					-1	0	0
					0	-0.0871557	0.996195
					18.0027	-10.9767	2.60077
				}
			}
			{bone revolute "seat03"
				{Matrix34
					0	0.0871561	0.996195
					1	0	0
					0	0.996195	-0.087156
					31.3089	-10.8427	2.60077
				}
			}
			{bone "seat06"
				{Matrix34
					0	-0.996195	0.0871557
					1	0	0
					0	0.0871557	0.996195
					31.2131	10.7312	2.60076
				}
			}
			{bone "seat05"
				{Matrix34
					0	-0.996195	0.0871557
					1	0	0
					0	0.0871557	0.996195
					18.1135	10.7983	2.60076
				}
			}
			{bone "seat04"
				{Matrix34
					0	-0.996195	0.0871557
					1	0	0
					0	0.0871557	0.996195
					4.788	10.7313	2.60076
				}
			}
			{bone "driver"
				{Matrix34
					0.986092	5.83507e-005	0.166201
					-0.00131317	0.999971	0.00744206
					-0.166196	-0.00755678	0.986064
					32.8211	-0.433752	1.65812
				}
			}
		}
		}
		{bone "wheelsl"
			{Matrix34
				1	0	0
				0	0.999987	-0.0050458
				0	0.00504619	0.999987
				-3.021	18.6874	11.9006
			}
			{bone "fxtracel1"
				{Matrix34
					-1	0	0
					0	-1	0
					0	0	1
					-25.9403	-0.315344	-11.9947
				}
			}
			{bone "wheelsl1"
				{parameters "ID=trackleft;"}
				{Position -3.01344	0.165726	-0.0884104}
				{VolumeView "wheelsl1.ply"}
			}
			{bone "trackl"
				{parameters "ID=trackright;"}
				{Position 1.76143	0.161745	-1.43859}
				{VolumeView "trackl.ply"}
			}
			{bone prizmatic "suspensionl1"
				{limits -0.07 0.07}	
				{Position 27.7581	0.00182152	-10.6323}
				{bone revolute "wheell2"
					{parameters "ID=trackleft;"}
					{Matrix34
						-1	0	0
						0	0	1
						0	1	0
						-0.0931606	-0.415655	4.82617
					}
					{VolumeView "wheell2.ply"}
				}
			}
			{bone prizmatic "suspensionl2"
				{limits -0.07 0.07}
				{Position 13.6791	0.00182152	-10.6323}
				{bone revolute "wheell3"
					{parameters "ID=trackleft;"}
					{Matrix34
						-1	0	0
						0	0	1
						0	1	0
						-0.0203495	-0.415686	4.82617
					}
					{VolumeView "wheell3.ply"}
				}
			}
			{bone prizmatic "suspensionl3"
				{limits -0.07 0.07}
				{Position 2.17576	0.00182152	-10.6323}
				{bone revolute "wheell4"
					{parameters "ID=trackleft;"}
					{Matrix34
						-1	0	0
						0	0	1
						0	1	0
						-0.0399876	-0.41564	4.82615
					}
					{VolumeView "wheell4.ply"}
				}
			}
			{bone prizmatic "suspensionl4"
				{limits -0.07 0.07}
				{Position -11.732	0.00182152	-10.6323}
				{bone revolute "wheell5"
					{parameters "ID=trackleft;"}
					{Matrix34
						-1	0	0
						0	0	1
						0	1	0
						-0.138342	-0.415686	4.82615
					}
					{VolumeView "wheell5.ply"}
				}
			}
			{bone prizmatic "suspensionl5"
				{limits -0.09 0.09}
				{Position -29.6868	0.00182152	-10.6323}
				{bone revolute "wheell6"
					{parameters "ID=trackleft;"}
					{Matrix34
						-1	0	0
						0	0	1
						0	1	0
						-0.0232315	-0.199343	7.41785
					}
					{VolumeView "wheell6.ply"}
				}
			}
		}
		{bone "wheelsr"
			{Matrix34
				1	0	0
				0	0.999987	-0.0050458
				0	0.00504619	0.999987
				-3.021	-18.5662	12.0885
			}
			{bone "fxtracer1"
				{Matrix34
					-1	0	0
					0	-1	0
					0	0	1
					-25.9631	0.562061	-11.9947
				}
			}
			{bone "wheelsr1"
				{parameters "ID=trackright;"}
				{Position -3.01343	0.166368	-0.0706854}
				{VolumeView "wheelsr1.ply"}
			}
			{bone "trackr"
				{parameters "ID=trackright;"}
				{Position 1.76143	0.654982	-1.43859}
				{VolumeView "trackr.ply"}
			}
			{bone prizmatic "suspensionr1"
				{limits -0.07 0.07}		
				{Position 27.7391	0.0042572	-10.6288}
				{bone revolute "wheelr2"
					{parameters "ID=trackright;"}
					{Matrix34
						-1	0	0
						0	0	1
						0	1	0
						-0.0741882	0.738098	4.84096
					}
					{VolumeView "wheelr2.ply"}
				}
			}
			{bone prizmatic "suspensionr2"
				{limits -0.07 0.07}
				{Position 13.6601	0.0042572	-10.6288}
				{bone revolute "wheelr3"
					{parameters "ID=trackright;"}
					{Matrix34
						-1	0	0
						0	0	1
						0	1	0
						-0.00127602	0.738052	4.84098
					}
					{VolumeView "wheelr3.ply"}
				}
			}
			{bone prizmatic "suspensionr3"
				{limits -0.07 0.07}
				{Position 2.15678	0.0042572	-10.6288}
				{bone revolute "wheelr4"
					{parameters "ID=trackright;"}
					{Matrix34
						-1	0	0
						0	0	1
						0	1	0
						-0.0209842	0.738098	4.84098
					}
					{VolumeView "wheelr4.ply"}
				}
			}
			{bone prizmatic "suspensionr4"
				{limits -0.07 0.07}
				{Position -11.7509	0.0042572	-10.6288}
				{bone revolute "wheelr5"
					{parameters "ID=trackright;"}
					{Matrix34
						-1	0	0
						0	0	1
						0	1	0
						-0.119355	0.738052	4.84096
					}
					{VolumeView "wheelr5.ply"}
				}
			}
			{bone prizmatic "suspensionr5"
				{limits -0.09 0.09}
				{Position -29.7057	0.0042572	-10.6288}
				{bone revolute "wheelr6"
					{parameters "ID=trackright;"}
					{Matrix34
						-1	0	0
						0	0	1
						0	1	0
						0.00669098	0.524199	7.43277
					}
					{VolumeView "wheelr6.ply"}
				}
			}
		}
		{bone "link2"
			{Matrix34
				-1	0	0
				0	-1	0
				0	0	1
				-45.2105	0	13.3831
			}
			{visibility 0}
		}
	}
}
{Volume "body1"
	{Box 89.0484 31.1665 15.4284}
	{Bone "body2"}
	{Position 8.20489	-0.0601814	-0.878579}
}
{Volume "body2"
	{Box 48.8247 44.4606 3.85711}
	{Bone "body2"}
	{Position 18.448	-0.100564	29.074}
}
{Volume "body"
	{Box 81.2759 44.9714 13.1642}
	{Bone "body2"}
	{Position 3.26328	-0.0885657	13.3168}
}
{Volume "engine"
	{Box 37.4497 25.9623 14.8899}
	{Bone "engine"}
	{Position 1.67292	0.155526	-0.624465}
}
{Volume "inventory"
	{Box 27.3517 9.3425 9.07128}
	{Bone "body2"}
	{Position 11.1215	-0.29558	13.5185}
}
{Volume "trackleft"
	{Polyhedron "trackleft.vol"}
	{Bone "wheelsl"}
	{Position 0.585811	-3.31372	-0.825424}
}
{Volume "trackright"
	{Polyhedron "trackright.vol"}
	{Bone "wheelsr"}
	{Matrix34
		1	0	0
		0	0	1
		0	-1	0
		0.584257	3.68351	-1.93175
	}
}
