;Exported by: Normand
;Date:        Sat Sep 02 20:55:25 2023
;File:        C:\Users\Normand\dingo.max
{Skeleton
	{animation
		{sequence "stop" {speed 0.5}}
		{sequence "start" {speed 0.5}}
		{sequence "hatch_commander" {speed 0.6}}
		{sequence "hatch_driver" {speed 0.6}}
	}
	{bone "basis"
		{parameters "SteerMax=30;WheelRadius=0.6;"}
		{Orientation
			1	0	0
			0	-1	0
			0	0	1
		}
		{bone "body"
			{parameters "ID=body;"}
			{animation
				{sequence "repair" {file "body_r.anm"} {speed 0.4}}
			}
			{Position 0.018713	-0.0557444	10.805}
			{VolumeView "body.ply"}
			{bone "door"
				{parameters "ID=body;"}
				{Matrix34
					1	0	0
					0	0.957862	-0.28723
					0	0.28723	0.957862
					3.12588	13.7467	5.8252
				}
				{VolumeView "door.ply"}
			}
			{bone "left_hatch"
				{parameters "ID=body;"}
				{Position 9.13003	11.9068	16.8052}
				{VolumeView "left_hatch.ply"}
			}
			{bone "commander_hatch"
				{parameters "ID=body;"}
				{Position 13.9875	6.53178	16.7248}
				{VolumeView "commander_hatch.ply"}
			}
			{bone "driver_hatch"
				{parameters "ID=body;"}
				{Position 13.9875	-4.09623	16.7248}
				{VolumeView "driver_hatch.ply"}
			}
			{bone "right_hatch"
				{parameters "ID=body;"}
				{Position 9.1767	-11.878	16.8053}
				{VolumeView "right_hatch.ply"}
			}
			{bone "rear_hatch"
				{parameters "ID=body;"}
				{Position -5.10637	-4.35616	18.9091}
				{VolumeView "rear_hatch.ply"}
			}
			{bone "fxlight"
				{Position 60.0118	-0.00490213	-7.66993}
			}
			{bone "headlightl"
				{Position 21.9193	13.1235	11.251}
			}
			{bone "headlightr"
				{Position 21.9182	-13.1206	11.251}
			}
			{bone "fxsmoke1"
				{Matrix34
					-0.00792942	-0.110723	-0.99382
					-0.0608701	-0.991955	0.111
					-0.998114	0.0613741	0.00112593
					7.72516	-7.43962	-5.34296
				}
			}
			{bone "visor1"
				{Position 14.5216	6.59738	14.6938}
			}
			{bone "visor2"
				{Position 14.5216	-6.59738	14.6938}
			}
			{bone "fxstop1"
				{Matrix34
					-1	0	0
					0	-1	0
					0	0	1
					-25.775	-13.0512	9.4226
				}
			}
			{bone "fxstop2"
				{Matrix34
					-1	0	0
					0	-1	0
					0	0	1
					-25.775	13.0814	9.41526
				}
			}
			{bone "commander"
				{Matrix34
					0.866025	0	0.5
					0	1	0
					-0.5	0	0.866025
					12.5488	6.02578	-3.100969
				}
			}
			{bone "driver"
				{Matrix34
					0.80749	0.312986	0.5
					-0.361405	0.932409	0
					-0.466204	-0.180703	0.866025
					11.70	-3.00754	-3.100969
				}
			}
			{bone revolute "mgun_rot"
				{limits -20 20}
				{speed 0.7}
				{Matrix34					
					1	0	0
					0	-1	0
					0	0	-1
					10.5	3.40	11.80
				}
				{bone "visor1"
					{Position 10	0	0}
				}			
				{bone revolute "mgun"
					{limits -20 20}
					{speed 0.7}
					{Matrix34					
						1	0	0
						0	0	-1
						0	1	0
						1.72929	-0.000894	-0.20157
					}
				}
			}
			{bone "fxfire1"
				{Matrix34
					0	0	1
					-1	0	0
					0	-1	0
					-19.1832	0.495989	5.27897
				}
			}
			{bone "engine"
				{parameters "ID=engine;"}
				{animation
					{sequence "repair" {file "engine_r.anm"} {speed 0.4}}
				}
				{Position -19.1832	0.495989	5.27897}
				{VolumeView "engine.ply"}
				{bone "engine_cover"
					{parameters "ID=body;"}
					{Position -2.41972	-0.49468	8.4036}
					{VolumeView "engine_cover.ply"}
				}
				{bone "engine_cover2"
					{parameters "ID=body;"}
					{Position -2.41972	-0.49468	8.4036}
					{VolumeView "engine_cover2.ply"}
				}
			}
		}
		{bone "pivot_front"
			{Position 18.3064	-0.0544361	8.64123}
			{bone revolute "steerr1"
				{Matrix34
					-1	0	0
					0	1	0
					0	0	1
					0	-8.17157	-7.43866e-005
				}
				{bone prizmatic "suspensionr1"
					{parameters "ID=body;"}
					{limits -0.04 0.05}
					{Matrix34
						-1	0	0
						0	1	0
						0	0	1
						-0.000246048	-0.000196457	4.06253
					}
					{VolumeView "suspensionr1.ply"}
					{bone revolute "wheelr1"
						{Matrix34
							-1	0	0
							0	0	1
							0	1	0
							-0.00764084	-5.54284	-4.06382
						}
						{VolumeView "wheelr1.ply"}
					}
				}
			}
			{bone revolute "steerl1"
				{Matrix34
					-1	0	0
					0	1	0
					0	0	1
					0	8.17069	-7.43866e-005
				}
				{bone prizmatic "suspensionl1"
					{parameters "ID=body;"}
					{limits -0.04 0.05}
					{Matrix34
						-1	0	0
						0	1	0
						0	0	1
						-0.000242233	-0.00325012	4.06253
					}
					{VolumeView "suspensionl1.ply"}
					{bone revolute "wheell1"
						{Matrix34
							-1	0	0
							0	0	1
							0	1	0
							-0.00763702	5.54966	-4.06382
						}
						{VolumeView "wheell1.ply"}
					}
				}
			}
			{bone "fxtracer1"
				{Position 0.0557117	-13.7934	-8.52162}
			}
			{bone "fxtracel1"
				{Position 0.0556164	13.7689	-8.52162}
			}
		}
		{bone "pivot_back"
			{Position -19.2801	-0.0544361	8.64123}
			{bone revolute "steerl2"
				{limits -10 10}
				{Position -0.00118256	7.37599	-7.43866e-005}
				{bone prizmatic "suspensionl2"
					{parameters "ID=body;"}
					{limits -0.04 0.05}
					{Position 0.00128174	3.8147e-005	4.06253}
					{VolumeView "suspensionl2.ply"}
					{bone revolute "wheell2"
						{Matrix34
							-1	0	0
							0	0	1
							0	1	0
							-0.0104942	6.34108	-4.06382
						}
						{VolumeView "wheell2.ply"}
					}
				}
			}
			{bone revolute "steerr2"
				{limits -10 10}
				{Position -0.00118256	-7.38885	-7.43866e-005}
				{bone prizmatic "suspensionr2"
					{parameters "ID=body;"}
					{limits -0.04 0.05}
					{Position 0.00128174	0.0118647	4.06253}
					{VolumeView "suspensionr2.ply"}
					{bone revolute "wheelr2"
						{Matrix34
							-1	0	0
							0	0	1
							0	1	0
							-0.010498	-6.33763	-4.06382
						}
						{VolumeView "wheelr2.ply"}
					}
				}
			}
			{bone "fxtracel2"
				{Position 0.00130844	13.7427	-8.42491}
			}
			{bone "fxtracer2"
				{Position -0.00374603	-13.7963	-8.42491}
			}
		}
		{bone "link2"
			{Matrix34
				-1	0	0
				0	-1	0
				0	0	1
				-29.0092	0.0237194	9.24429
			}
		}
		{bone "emit2"
			{Matrix34
				0.00884067	-0.999951	0.0044732
				0.999961	0.00884065	-2.37896e-005
				-1.5691e-005	0.00447323	0.99999
				0.164806	32.1151	-0.231758
			}
		}
		{bone "emit1"
			{Matrix34
				-0.00400451	0.999992	0
				-0.999982	-0.00400447	-0.00445746
				-0.00445742	-1.78499e-005	0.99999
				0.155302	-32.7416	-0.0979328
			}
		}
	}
}
{Volume "body1"
	{Polyhedron "body1.vol"}
	{Bone "body"}
	{Position 21.2699	0.216013	0.698072}
}
{Volume "body2"
	{Polyhedron "body2.vol"}
	{Bone "body"}
	{Position 0.946702	0.102274	8.65755}
}
{Volume "body3"
	{Polyhedron "body3.vol"}
	{Bone "body"}
	{Position 0.946702	0.102274	-0.966856}
}
{Volume "body4"
	{Box 55 13 6}
	{Bone "body"}
	{Position -1.24473	0.0428419	-2.39546}
}
{Volume "engine"
	{Polyhedron "engine.vol"}
	{Bone "engine"}
	{Position -4.51047	-0.540416	-5.43261}
}
{Volume "hole1"
	{Polyhedron "sticky.vol"}
	{Bone "body"}
	{Position 4.34669	0.350666	5.72157}
}
{Volume "wheelleft1"
    {Cylinder 8.72733 4.23851}
    {Bone "wheell1"}
    {Matrix34
        -0.0087 0.9999 0.0099
        -0.9999 -0.0086 -0.0138
        -0.0137 -0.0100 0.9998
        0.0000 0.0000 0.0000
    }
}
{Volume "wheelright1"
    {Cylinder 8.72733 4.23851}
    {Bone "wheelr1"}
    {Matrix34
        -1.0000 0.0000 0.0000
        0.0000 0.9998 0.0174
        0.0000 0.0174 -0.9998
        0.0356 0.0086 -0.0372
    }
}
{Volume "wheelright2"
    {Cylinder 8.72733 4.23851}
    {Bone "wheelr2"}
    {Matrix34
        -1.0000 0.0000 0.0000
        0.0000 0.9999 0.0105
        0.0000 0.0105 -0.9999
        -0.1316 0.0128 -0.0371
    }
}
{Volume "wheelleft2"
    {Cylinder 8.72733 4.23851}
    {Bone "wheell2"}
    {Matrix34
        -1.0000 0.0000 0.0000
        0.0000 1.0000 0.0105
        0.0000 0.0105 -1.0000
        -0.1916 -0.1567 0.1138
    }
}