;Exported by: andre
;Date:        Mon Jul 31 21:05:39 2023
;File:        C:\Users\andre\Desktop\dicker max.max
{Skeleton
	{bone "basis"
		{Orientation
			1	0	0
			0	-1	0
			0	0	1
		}
		{bone "pivot_front"
			{Matrix34
				-0.999995	-0.00316247	0
				0.00316247	-0.999995	0
				0	0	1
				0.000801802	0.0383909	0.395247
			}
			{bone prizmatic "suspension_l1"
				{limits -0.1 0.1}
				{Position -34.6679	-21.5988	6.36733}
				{bone revolute "wheell2"
					{parameters "ID=trackleft1;Radius=0.41;"}
					{Matrix34
						1	0	0
						0	0	1
						0	-1	0
						0.157249	-0.237206	-0.883564
					}
					{VolumeView "wheell2.ply"}
				}
			}
			{bone prizmatic "suspension_l2"
				{limits -0.1 0.1}
				{Position -24.4684	-21.5988	6.36733}
				{bone revolute "wheell3"
					{parameters "ID=trackleft1;Radius=0.41;"}
					{Matrix34
						1	0	0
						0	0	1
						0	-1	0
						0.0160789	-0.279173	-0.879582
					}
					{VolumeView "wheell3.ply"}
				}
			}
			{bone prizmatic "suspension_l3"
				{limits -0.1 0.1}
				{Position -14.4055	-21.5988	6.36733}
				{bone revolute "wheell4"
					{parameters "ID=trackleft1;Radius=0.41;"}
					{Matrix34
						1	0	0
						0	0	1
						0	-1	0
						-0.013526	-0.320974	-0.875614
					}
					{VolumeView "wheell4.ply"}
				}
			}
			{bone prizmatic "suspension_l4"
				{limits -0.1 0.1}
				{Position -4.45886	-21.5988	6.36733}
				{bone revolute "wheell5"
					{parameters "ID=trackleft1;Radius=0.41;"}
					{Matrix34
						1	0	0
						0	0	1
						0	-1	0
						0.083137	-0.362831	-0.871632
					}
					{VolumeView "wheell5.ply"}
				}
			}
			{bone prizmatic "suspension_l5"
				{limits -0.1 0.1}
				{Position 5.51017	-21.5988	6.36733}
				{bone revolute "wheell6"
					{parameters "ID=trackleft1;Radius=0.41;"}
					{Matrix34
						1	0	0
						0	0	1
						0	-1	0
						0.16202	-0.404707	-0.867655
					}
					{VolumeView "wheell6.ply"}
				}
			}
			{bone prizmatic "suspension_l6"
				{limits -0.1 0.1}
				{Position 15.6355	-21.5988	6.36733}
				{bone revolute "wheell7"
					{parameters "ID=trackleft1;Radius=0.41;"}
					{Matrix34
						1	0	0
						0	0	1
						0	-1	0
						0.0762424	-0.446564	-0.863687
					}
					{VolumeView "wheell7.ply"}
				}
			}
			{bone prizmatic "suspension_l7"
				{limits -0.1 0.1}
				{Position 25.7338	-21.5988	6.36733}
				{bone revolute "wheell8"
					{parameters "ID=trackleft1;Radius=0.41;"}
					{Matrix34
						1	0	0
						0	0	1
						0	-1	0
						0.0310478	-0.488457	-0.859714
					}
					{VolumeView "wheell8.ply"}
				}
			}
			{bone prizmatic "suspension_l8"
				{limits -0.1 0.1}
				{Position 35.8249	-21.5988	6.36733}
				{bone revolute "wheell9"
					{parameters "ID=trackleft1;Radius=0.41;"}
					{Matrix34
						1	0	0
						0	0	1
						0	-1	0
						-0.016716	-0.530329	-0.855732
					}
					{VolumeView "wheell9.ply"}
				}
			}
			{bone prizmatic "suspension_r1"
				{limits -0.1 0.1}
				{Position -34.3482	23.9568	6.36733}
				{bone revolute "wheelr2"
					{parameters "ID=trackright1;Radius=0.41;"}
					{Matrix34
						1	0	0
						0	0	1
						0	-1	0
						-0.02071	0.30735	-0.867161
					}
					{VolumeView "wheelr2.ply"}
				}
			}
			{bone prizmatic "suspension_r2"
				{limits -0.1 0.1}
				{Position -24.3022	23.9568	6.36733}
				{bone revolute "wheelr3"
					{parameters "ID=trackright1;Radius=0.41;"}
					{Matrix34
						1	0	0
						0	0	1
						0	-1	0
						-0.0101337	0.265438	-0.863183
					}
					{VolumeView "wheelr3.ply"}
				}
			}
			{bone prizmatic "suspension_r3"
				{limits -0.1 0.1}
				{Position -14.2901	23.9568	6.36733}
				{bone revolute "wheelr4"
					{parameters "ID=trackright1;Radius=0.41;"}
					{Matrix34
						1	0	0
						0	0	1
						0	-1	0
						0.00984383	0.185667	-0.868416
					}
					{VolumeView "wheelr4.ply"}
				}
			}
			{bone prizmatic "suspension_r4"
				{limits -0.1 0.1}
				{Position -4.31275	23.9568	6.36733}
				{bone revolute "wheelr5"
					{parameters "ID=trackright1;Radius=0.41;"}
					{Matrix34
						1	0	0
						0	0	1
						0	-1	0
						0.0770216	0.181761	-0.855238
					}
					{VolumeView "wheelr5.ply"}
				}
			}
			{bone prizmatic "suspension_r5"
				{limits -0.1 0.1}
				{Position 5.83095	23.9568	6.36733}
				{bone revolute "wheelr6"
					{parameters "ID=trackright1;Radius=0.41;"}
					{Matrix34
						1	0	0
						0	0	1
						0	-1	0
						-0.0187583	0.139877	-0.851261
					}
					{VolumeView "wheelr6.ply"}
				}
			}
			{bone prizmatic "suspension_r6"
				{limits -0.1 0.1}
				{Position 15.9463	23.9568	6.36733}
				{bone revolute "wheelr7"
					{parameters "ID=trackright1;Radius=0.41;"}
					{Matrix34
						1	0	0
						0	0	1
						0	-1	0
						-0.0945654	0.0980396	-0.847283
					}
					{VolumeView "wheelr7.ply"}
				}
			}
			{bone prizmatic "suspension_r7"
				{limits -0.1 0.1}
				{Position 25.9459	23.9568	6.36733}
				{bone revolute "wheelr8"
					{parameters "ID=trackright1;Radius=0.41;"}
					{Matrix34
						1	0	0
						0	0	1
						0	-1	0
						-0.0410881	0.0561428	-0.843306
					}
					{VolumeView "wheelr8.ply"}
				}
			}
			{bone prizmatic "suspension_r8"
				{limits -0.1 0.1}
				{Position 35.995	23.9568	6.36733}
				{bone revolute "wheelr9"
					{parameters "ID=trackright1;Radius=0.41;"}
					{Matrix34
						1	0	0
						0	0	1
						0	-1	0
						-0.0468102	0.0142708	-0.839329
					}
					{VolumeView "wheelr9.ply"}
				}
			}
		}
		{bone "body"
			{parameters "ID=body;"}
			{Matrix34
				0.999995	0.00316228	0
				-0.00316228	0.999995	0
				0	0	1
				0.000801802	0.0383909	26.7332
			}
			{VolumeView "body.ply"}
			{bone "trackl"
				{parameters "ID=trackleft;"}
				{Matrix34
					-0.999492	0.031853	-0.00039796
					0.0318555	0.999415	-0.0124759
					0	0.0124823	0.999922
					-0.74221	22.1733	-15.3553
				}
				{VolumeView "trackl.ply"}
			}
			{bone "chains"
				{Matrix34
					-0.999492	0.031853	-0.00039796
					0.0318555	0.999415	-0.0124759
					0	0.0124823	0.999922
					-48.5598	-2.75686	-16.1143
				}
				{VolumeView "chains.ply"}
			}
			{bone "antenna"
				{Matrix34
					-0.999492	0.031853	-0.00039796
					0.0318555	0.999415	-0.0124759
					0	0.0124823	0.999922
					-6.12144	-18.6926	47.1637
				}
				{VolumeView "antenna.ply"}
			}
			{bone "trackr"
				{parameters "ID=trackright;"}
				{Matrix34
					-0.999492	0.031853	-0.00039796
					0.0318555	0.999415	-0.0124759
					0	0.0124823	0.999922
					-0.879192	-23.7525	-15.3611
				}
				{VolumeView "trackr.ply"}
			}
			{bone "detail1"
				{Orientation
					0.999492	-0.0318514	0.000397682
					-0.0318539	-0.999415	0.0124765
					0	-0.0124828	-0.999922
				}
				{VolumeView "detail1.ply"}
			}
			{bone "detail2"
				{Orientation
					0.999492	-0.0318514	0.000397682
					-0.0318539	-0.999415	0.0124765
					0	-0.0124828	-0.999922
				}
				{VolumeView "detail2.ply"}
			}
			{bone "detail3"
				{Orientation
					0.999492	-0.0318514	0.000397682
					-0.0318539	-0.999415	0.0124765
					0	-0.0124828	-0.999922
				}
				{VolumeView "detail3.ply"}
			}
			{bone "detail4"
				{Orientation
					0.999492	-0.0318514	0.000397682
					-0.0318539	-0.999415	0.0124765
					0	-0.0124828	-0.999922
				}
				{VolumeView "detail4.ply"}
			}
			{bone "engine_hatch1"
				{Position 49.4643	-14.3195	-5.47827}
				{VolumeView "engine_hatch1.ply"}
			}
			{bone "engine_hatch2"
				{Position 49.5405	12.1214	-5.47764}
				{VolumeView "engine_hatch2.ply"}
			}
			{bone "hatch_commander"
				{Matrix34
					0.987468	0	0.15782
					0	1	0
					-0.15782	0	0.987468
					-48.2934	-8.52494	-1.03466
				}
				{VolumeView "hatch_commander.ply"}
			}
			{bone "hatch_driver1"
				{Position 17.1675	7.25882	7.18125}
				{VolumeView "hatch_driver1.ply"}
			}
			{bone "hatch_driver2"
				{Position 17.1207	-8.91463	7.10317}
				{VolumeView "hatch_driver2.ply"}
			}
			{bone "hatch_gunner"
				{Matrix34
					0.989575	0	0.144019
					0	1	0
					-0.144019	0	0.989575
					-48.292	7.18646	-0.987095
				}
				{VolumeView "hatch_gunner.ply"}
			}
			{bone revolute "wheell11"
				{parameters "ID=trackleft1;Radius=0.41;"}
				{Matrix34
					-1	0	0
					0	0	1
					0	1	0
					27.0952	21.9554	-8.50998
				}
				{VolumeView "wheell11.ply"}
			}
			{bone revolute "wheell12"
				{parameters "ID=trackleft1;Radius=0.41;"}
				{Matrix34
					-1	0	0
					0	0	1
					0	1	0
					7.8853	22.0436	-8.21541
				}
				{VolumeView "wheell12.ply"}
			}
			{bone revolute "wheell13"
				{parameters "ID=trackleft1;Radius=0.41;"}
				{Matrix34
					-1	0	0
					0	0	1
					0	1	0
					-11.1838	22.1124	-8.75035
				}
				{VolumeView "wheell13.ply"}
			}
			{bone revolute "wheell14"
				{parameters "ID=trackleft1;Radius=0.41;"}
				{Matrix34
					-1	0	0
					0	0	1
					0	1	0
					-30.7186	22.188	-9.32908
				}
				{VolumeView "wheell14.ply"}
			}
			{bone revolute "wheell10"
				{parameters "ID=trackleft1;Radius=0.41;"}
				{Matrix34
					-1	0	0
					0	0	1
					0	1	0
					-47.5852	22.1515	-15.2455
				}
				{VolumeView "wheell10.ply"}
			}
			{bone revolute "wheelr10"
				{parameters "ID=trackright1;Radius=0.41;"}
				{Matrix34
					-1	0	0
					0	0	1
					0	1	0
					-47.7221	-23.7867	-15.2511
				}
				{VolumeView "wheelr10.ply"}
			}
			{bone revolute "wheelr11"
				{parameters "ID=trackright1;Radius=0.41;"}
				{Matrix34
					-1	0	0
					0	0	1
					0	1	0
					-30.8558	-23.8419	-9.33471
				}
				{VolumeView "wheelr11.ply"}
			}
			{bone revolute "wheelr12"
				{parameters "ID=trackright1;Radius=0.41;"}
				{Matrix34
					-1	0	0
					0	0	1
					0	1	0
					-11.3209	-23.9176	-8.756
				}
				{VolumeView "wheelr12.ply"}
			}
			{bone revolute "wheelr13"
				{parameters "ID=trackright1;Radius=0.41;"}
				{Matrix34
					-1	0	0
					0	0	1
					0	1	0
					7.74814	-23.9863	-8.22106
				}
				{VolumeView "wheelr13.ply"}
			}
			{bone revolute "wheelr14"
				{parameters "ID=trackright1;Radius=0.41;"}
				{Matrix34
					-1	0	0
					0	0	1
					0	1	0
					26.958	-24.0746	-8.51562
				}
				{VolumeView "wheelr14.ply"}
			}
			{bone revolute "wheelr1"
				{parameters "ID=trackright1;Radius=0.41;"}
				{Matrix34
					-1	0	0
					0	0	1
					0	1	0
					45.2716	-24.1285	-12.2591
				}
				{VolumeView "wheelr1.ply"}
			}
			{bone revolute "wheell1"
				{parameters "ID=trackleft1;Radius=0.41;"}
				{Matrix34
					-1	0	0
					0	0	1
					0	1	0
					45.4084	21.7755	-12.2534
				}
				{VolumeView "wheell1.ply"}
			}
			{bone revolute "turret"
				{parameters "ID=turret;"}
				{Matrix34
					1	0	0
					0	1	0
					0	0	-1
					8.57915	-0.874806	2.45949
				}
				{VolumeView "turret.ply"}
				{bone revolute "gun_rot"
					{parameters "ID=gun;"}
					{Matrix34
						1	0	0
						0	0	-1
						0	-1	0
						-1.28691	0.0964879	-8.45618
					}
					{VolumeView "gun_rot.ply"}
					{bone "gun"
						{parameters "ID=gun;"}
						{Matrix34
							-1	0	0
							0	0	1
							0	1	0
							22.7735	0.670662	0.467411
						}
						{VolumeView "gun.ply"}
						{bone "breech"
							{Matrix34
								0.999492	0.0318508	-0.000397019
								-0.0318533	0.999415	-0.0124768
								0	0.0124827	0.999922
								51.7136	-0.992435	-0.437061
							}
							{VolumeView "breech.ply"}
						}
						{bone "lever"
							{Matrix34
								0.999492	0.0318508	-0.000397019
								-0.0318533	0.999415	-0.0124768
								0	0.0124827	0.999922
								53.8389	2.0582	3.61934
							}
							{VolumeView "lever.ply"}
						}
						{bone "foresight1"
							{Matrix34
								-1	0	0
								0	-1	0
								0	0	1
								-52.6424	-0.209859	-0.646072
							}
						}
						{bone "fx_invers"
							{Position 52.7216	-0.209916	-0.646095}
						}
						{bone "barrel"
							{Matrix34
								-0.999492	0.0318524	-0.000397982
								0.0318548	0.999415	-0.0124761
								0	0.0124822	0.999922
								-40.022	-0.192133	-0.638924
							}
							{VolumeView "barrel.ply"}
						}
					}
				}
				{bone "visor1"
					{Matrix34
						1	0	0
						0	1	0
						0	0	-1
						-6.50173	8.36282	-19.7071
					}
				}
			}
			{bone "charger2"
				{Position -33.6399	10.9801	-8.84526}
			}
			{bone "commander"
				{Position -37.8467	-13.1575	-10.2889}
			}
			{bone "fxfire1"
				{Position 43.4502	12.5076	-8.06609}
			}
			{bone "fxfire2"
				{Position -8.92299	-0.614447	-8.06608}
			}
			{bone "fxfire3"
				{Position -32.1105	-0.583089	-8.10187}
			}
			{bone "fxfire4"
				{Position -32.1105	-0.583089	-6.39406}
			}
			{bone "fxstop"
				{Position -58.383	21.2698	-7.436}
			}
			{bone "gunner"
				{Position -7.78401	10.9801	3.36777}
			}
			{bone "gunner2"
				{Position -7.78401	-12.3327	3.36777}
			}
			{bone "headlightl"
				{Position 43.5303	16.9203	-0.719898}
			}
			{bone "visor2"
				{Position 26.1141	11.0622	2.09959}
			}
			{bone "fxsmoke1"
				{Matrix34
					0	-1	0
					1	0	0
					0	0	1
					-46.2496	-26.6681	-0.501877
				}
			}
			{bone "body2"
				{parameters "ID=body;"}
				{VolumeView "body2.ply"}
			}
			{bone "body3"
				{parameters "ID=body;"}
				{VolumeView "body3.ply"}
			}
		}
		{bone "emit1"
			{Matrix34
				0.999995	0.00316303	0
				-0.00316303	0.999995	0
				0	0	1
				-62.3746	-12.9736	0
			}
		}
		{bone "emit2"
			{Matrix34
				0.999995	0.00316303	0
				-0.00316303	0.999995	0
				0	0	1
				-62.4518	11.46	0
			}
		}
		{bone "emit4"
			{Matrix34
				0.00316287	-0.999995	0
				0.999995	0.00316287	0
				0	0	1
				19.8046	35.2707	0
			}
		}
		{bone "emit5"
			{Matrix34
				-0.00316254	0.999995	0
				-0.999995	-0.00316254	0
				0	0	1
				20.0255	-34.5822	0
			}
		}
	}
}

