;Exported by: skr
;Date:        Thu Feb 21 01:57:03 2013
;File:        E:\Documents\3dsmax\scenes\Fiat-Revelli M1914-35\stank mgun fiat-revelli_1914-35_xx.max
{Skeleton
	{bone "basis"
		{Orientation
			1	0	0
			0	-1	0
			0	0	1
		}
		{bone "part1"
			{parameters "ID=body;"}
			{Matrix34
				0.979057	0	-0.203588
				0.203588	0	0.979057
				0	-1	0
				4.27812	-0.494583	0.111565
			}
			{VolumeView "part1.ply"}
		}
		{bone "part2"
			{parameters "ID=gun;"}
			{Matrix34
				0.999985	0	0.00554139
				-0.00115249	0.978133	0.207976
				-0.00542021	-0.20798	0.978118
				-5.19144	-10.0527	0.180946
			}
			{VolumeView "part2.ply"}
		}
		{bone revolute "part3"
			{parameters "ID=turret;"}
			{limits -5 15}
			{speed 0.01}
			{Matrix34
				0.889789	0.0157403	-0.456101
				0.0263581	0.995964	0.0857923
				0.45561	-0.088359	0.885783
				-5.84272	8.34546	-0.224732
			}
			{VolumeView "part3.ply"}
		}
	}
}
{Volume "body1"
	{Cylinder 0.659473 19.685}
	{Bone "part1"}
	{Matrix34
		0	0	-1
		-0.212493	0.977162	0
		0.977162	0.212493	0
		-10.3916	-2.23371	-0.530628
	}
}
{Volume "body2"
	{Cylinder 0.529872 6.88976}
	{Bone "part1"}
	{Matrix34
		0.0112303	0.937175	-0.34868
		0.557133	-0.295427	-0.776096
		-0.830347	-0.185545	-0.525449
		1.19564	0.13936	1.99192
	}
}
{Volume "body3"
	{Cylinder 0.529872 6.88976}
	{Bone "part1"}
	{Matrix34
		-0.455224	-0.336316	-0.824417
		0.371276	-0.913279	0.167557
		-0.809274	-0.22981	0.540613
		1.12413	0.298654	-2.98871
	}
}
{Volume "gun"
	{Box 25.7779 2.66833 2.16535}
	{Bone "part2"}
	{Position 12.3138	1.17131	0.0264108}
}
{Volume "turret"
	{Box 6.39808 1.54028 1.67323}
	{Bone "part3"}
	{Position -2.78139	0.445405	0.0186667}
}
