;Exported by:	 guita
;Date:			 13.07.2023 15:53:23
;File:			 D:\Git\3D_Scenes\GoH_3D_vehicles_rus_updated\vehicles\tank_light\t26_31\t26_31_xx.max
{skeleton
	{bone "basis"
		{orientation
			1 	 0 	 0
			0 	 -1 	 0
			0 	 0 	 1
		}
		{bone "body"
			{parameters "id=body;"}
			{matrix34
				0.9969 	 -0.0517 	 -0.0594
				0.0537 	 0.998 	 0.0326
				0.0576 	 -0.0357 	 0.9977
				1.3126 	 0.0002 	 6.8165
			}
			{VolumeView "body.ply"}
			{bone "aux_turret2"
				{parameters "id=aux_turret2;"}
				{matrix34
					0.9271 	 0.3743 	 -0.0213
					-0.3687 	 0.9205 	 0.1297
					0.0681 	 -0.1124 	 0.9913
					-1.2571 	 -9.393 	 23.495
				}
				{VolumeView "aux_turret2.ply"}
			}
			{bone "turret"
				{parameters "id=aux_turret1;"}
				{matrix34
					0.4415 	 0.8949 	 -0.0655
					-0.8939 	 0.445 	 0.0538
					0.0773 	 0.0348 	 0.9964
					-1.2564 	 9.3891 	 23.495
				}
				{VolumeView "turret.ply"}
				{bone "part2"
					{parameters "id=part2;"}
					{matrix34
						0.9397 	 -0.342 	 0
						0.342 	 0.9397 	 0
						0 	 0 	 1
						-4.4915 	 0 	 9.8993
					}
					{VolumeView "part2.ply"}
				}
			}
			{bone revolute "part4"
				{parameters "id=part4;"}
				{matrix34
					1 	 0 	 0
					0 	 0 	 -1
					0 	 1 	 0
					-36.7404 	 20.3758 	 0.314
				}
				{VolumeView "part4.ply"}
			}
			{bone revolute "part5"
				{parameters "id=part5;"}
				{matrix34
					1 	 0 	 0
					0 	 0 	 -1
					0 	 1 	 0
					37.9327 	 -20.6477 	 5.8125
				}
				{VolumeView "part5.ply"}
			}
			{bone "part1"
				{parameters "id=part1;"}
				{Position -41.9729 	 -0.4707 	 7.6592}
				{VolumeView "part1.ply"}
			}
		}
	}
}
{volume "aux_turret21"
	{polyhedron "aux_turret21.vol"}
	{bone "aux_turret2"}
	{Position 0 	 0 	 1.4238}
}
{volume "aux_turret22"
	{polyhedron "aux_turret22.vol"}
	{bone "aux_turret2"}
	{Position -3.6753 	 0 	 8.0395}
}
{volume "aux_turret23"
	{polyhedron "aux_turret23.vol"}
	{bone "aux_turret2"}
	{Position 7.8566 	 -3.3905 	 2.114}
}
{volume "body1"
	{polyhedron "body1.vol"}
	{bone "body"}
	{Position 14.2647 	 -0.0357 	 5.8083}
}
{volume "body2"
	{polyhedron "body2.vol"}
	{bone "body"}
	{Position 0.6615 	 -0.0357 	 16.8464}
}
{volume "engine"
	{polyhedron "engine.vol"}
	{bone "body"}
	{Position -26.5313 	 -0.0357 	 5.809}
}
{volume "part1"
	{cylinder 1.85122 18.4824}
	{bone "part1"}
	{matrix34
		-1 	 0 	 0
		0 	 0 	 1
		0 	 1 	 0
		-0.8604 	 3.0837 	 0.6079
	}
}
{volume "part2"
	{box 7.28429 10.0719 0.394369}
	{bone "part2"}
	{matrix34
		0.9426 	 0.3338 	 0
		-0.3338 	 0.9426 	 0
		0 	 0 	 1
		0.746 	 0.2335 	 -0.1975
	}
}
{volume "trackleft14"
	{cylinder 6.2525 3.27411}
	{bone "part4"}
	{matrix34
		0.9969 	 -0.0576 	 0.0537
		-0.0594 	 -0.9977 	 0.0326
		0.0517 	 -0.0357 	 -0.998
		0.2636 	 -0.2121 	 0.0014
	}
}
{volume "trackleft1"
	{cylinder 6.87088 4.30804}
	{bone "body"}
	{matrix34
		1 	 0 	 0
		0 	 0 	 1
		0 	 -1 	 0
		37.8814 	 20.3748 	 5.7444
	}
}
{volume "trackleft4"
	{cylinder 3.05126 3.32172}
	{bone "body"}
	{matrix34
		0.9492 	 0.0472 	 -0.311
		0.3089 	 0.0467 	 0.9499
		0.0594 	 -0.9978 	 0.0297
		11.5357 	 20.7912 	 -5.0704
	}
}
{volume "trackleft5"
	{cylinder 3.05126 3.32172}
	{bone "body"}
	{matrix34
		0.9491 	 0.0504 	 -0.3111
		0.3094 	 0.0385 	 0.9502
		0.0599 	 -0.998 	 0.021
		3.6823 	 20.3397 	 -4.6433
	}
}
{volume "trackleft6"
	{cylinder 3.05126 3.32172}
	{bone "body"}
	{matrix34
		0.953 	 -0.0469 	 -0.2993
		0.3028 	 0.1216 	 0.9453
		-0.008 	 -0.9915 	 0.1301
		-3.5164 	 20.0041 	 -4.5883
	}
}
{volume "trackleft8"
	{cylinder 3.05126 3.32172}
	{bone "body"}
	{matrix34
		0.9499 	 0.036 	 -0.3104
		0.3084 	 0.0516 	 0.9498
		0.0502 	 -0.998 	 0.0379
		-19.391 	 19.0379 	 -6.0916
	}
}
{volume "trackleft9"
	{cylinder 3.05126 3.32172}
	{bone "body"}
	{matrix34
		0.9492 	 0.0472 	 -0.311
		0.3089 	 0.0467 	 0.9499
		0.0594 	 -0.9978 	 0.0297
		-27.4247 	 18.6654 	 -6.577
	}
}
{volume "trackright14"
	{cylinder 6.2525 4.30804}
	{bone "body"}
	{matrix34
		1 	 0 	 0
		0 	 0 	 1
		0 	 -1 	 0
		-36.6605 	 -20.3288 	 0.2847
	}
}
{volume "trackright1"
	{cylinder 6.87088 4.30804}
	{bone "part5"}
	{matrix34
		0.9969 	 -0.0576 	 0.0537
		-0.0594 	 -0.9977 	 0.0326
		0.0517 	 -0.0357 	 -0.998
		0.1885 	 -0.0795 	 -0.1389
	}
}
{volume "trackright6"
	{cylinder 3.05126 3.32172}
	{bone "body"}
	{matrix34
		0.9427 	 0.0771 	 -0.3247
		0.3071 	 0.18 	 0.9345
		0.1305 	 -0.9806 	 0.146
		-1.187 	 -20.4127 	 -3.1092
	}
}
{volume "trackright7"
	{cylinder 3.05126 3.32172}
	{bone "body"}
	{matrix34
		0.9516 	 -0.0859 	 -0.2951
		0.3017 	 0.0785 	 0.9502
		-0.0585 	 -0.9932 	 0.1006
		-9.3201 	 -20.9344 	 -3.8686
	}
}
{volume "trackright9"
	{cylinder 3.05126 3.32172}
	{bone "body"}
	{matrix34
		0.9511 	 0 	 -0.309
		0.309 	 0 	 0.9511
		0 	 -1 	 0
		-25.9633 	 -21.8779 	 -4.7723
	}
}
{volume "turret1"
	{polyhedron "turret1.vol"}
	{bone "turret"}
	{Position -0.0007 	 -0.0155 	 1.4238}
}
{volume "turret2"
	{polyhedron "turret2.vol"}
	{bone "turret"}
	{Position -3.676 	 -0.0155 	 8.0395}
}
{volume "turret3"
	{polyhedron "turret3.vol"}
	{bone "turret"}
	{Position 7.8558 	 -3.406 	 2.114}
}
