;Exported by: Normand
;Date:        Mon Jun 12 20:21:48 2017
;File:        C:\Users\Normand\potez633.max
{Skeleton
	{animation
		{sequence "open" {speed 0.2}}
		{sequence "wheels" {speed 0.3}}
		{sequence "engine_start" {speed 1}}
		{sequence "engine_work" {speed 1}}
		{sequence "engine_stop" {speed 1}}
	}
	{bone "basis"
		{parameters "SteerMax=30;"}
		{Orientation
			1	0	0
			0	-1	0
			0	0	1
		}
		{bone "body"
			{parameters "ID=body;"}
			{Position -12.6221	0.0674789	16.6854}
			{VolumeView "body.ply"}
			{bone "wingl0"
				{parameters "ID=body;"}
				{Position 6.46359	29.4425	-12.0676}
				{VolumeView "wingl0.ply"}
				{bone "engine1"
					{parameters "ID=body;"}
					{Position 31.8276	-0.142994	1.02517}
					{VolumeView "engine1.ply"}
					{bone "propeller1"
						{parameters "CommonMesh;ID=propeller;"}
						{Matrix34
							0	0	1
							0	1	0
							-1	0	0
							15.7084	2.3371	-0.232881
						}
						{VolumeView "propeller1.ply"}
					}
					{bone "propeller1_work"
						{parameters "CommonMesh;ID=propeller;"}
						{Matrix34
							0	0.965926	0.258818
							0	0.258818	-0.965926
							-1	0	0
							16.0113	2.33752	-0.253103
						}
						{VolumeView "propeller1_work.ply"}
					}
				}
				{bone "fxsmoke1"
					{Matrix34
						-0.991758	0	0.128124
						0	-1	0
						0.128124	0	0.991758
						11.5556	8.27823	8.44498
					}
				}
				{bone "fxsmoke3"
					{Matrix34
						-0.991758	0	0.128124
						0	-1	0
						0.128124	0	0.991758
						11.5556	-4.20507	8.44498
					}
				}
				{bone "fx_fire4_1"
					{Matrix34
						-1	0	0
						0	-1	0
						0	0	1
						6.2183	26.7919	6.93494
					}
				}
				{bone "fx_smoke1_3"
					{Matrix34
						-0.41309	0.91069	0
						-0.91069	-0.41309	0
						0	0	1
						-0.899837	26.7982	6.16901
					}
				}
			}
			{bone "wingr0"
				{parameters "ID=body;"}
				{Position 6.25087	-29.4445	-12.0657}
				{VolumeView "wingr0.ply"}
				{bone "engine2"
					{parameters "ID=body;"}
					{Position 32.5048	-0.556793	0.989834}
					{VolumeView "engine2.ply"}
					{bone "propeller2"
						{parameters "CommonMesh;ID=propeller;"}
						{Matrix34
							0	0	1
							0	1	0
							-1	0	0
							15.2439	-1.25792	-0.199407
						}
						{VolumeView "propeller2.ply"}
					}
					{bone "propeller2_work"
						{parameters "CommonMesh;ID=propeller;"}
						{Matrix34
							0	0.965926	0.258818
							0	0.258818	-0.965926
							-1	0	0
							15.5468	-1.2575	-0.219629
						}
						{VolumeView "propeller2_work.ply"}
					}
				}
				{bone "fxsmoke2"
					{Matrix34
						-0.991758	0	0.128124
						0	-1	0
						0.128124	0	0.991758
						11.5461	-8.1438	8.44213
					}
				}
				{bone "fxsmoke4"
					{Matrix34
						-0.991758	0	0.128124
						0	-1	0
						0.128124	0	0.991758
						11.5461	4.34344	8.44213
					}
				}
				{bone "fx_smoke1_4"
					{Matrix34
						-0.436209	-0.899845	0
						0.899845	-0.436209	0
						0	0	1
						-2.48904	-26.6825	6.16756
					}
				}
			}
			{bone revolute "turret_mgun"
				{limits -30 30}
				{Position -18.1015	-0.347207	-3.8181}
				{VolumeView "turret_mgun.ply"}
				{bone revolute "mgun1"
					{limits -5 30}
					{Matrix34
						-1	0	0
						0	1	0
						0	0	-1
						-0.739725	0.310861	6.29189
					}
					{bone "foresight4"
						{Matrix34
							1	0	0
							0	-1	0
							0	0	-1
							26.1174	0.0574952	-1.31386
						}
					}
				}
			}
			{bone "body_back"
				{parameters "ID=body_back;"}
				{Position -69.4045	0.00400096	-6.88603}
				{VolumeView "bodyback.ply"}
				{bone "stab1"
					{Position -10.3262	20.5248	7.84018}
					{VolumeView "stab1.ply"}
					{bone revolute "elevator1"
						{limits -30 30}
						{Matrix34
							1	0	0
							0	-0.131602	0.991303
							0	-0.991303	-0.131602
							-9.74163	1.15404	1.05871
						}
						{VolumeView "elevator1.ply"}
					}
					{bone revolute "rudder1_d0"
						{limits -30 30}
						{Position -12.1769	22.913	7.7181}
						{VolumeView "rudder1_d0.ply"}
					}
				}
				{bone "stab2"
					{Position -7.56282	-19.6514	7.85863}
					{VolumeView "stab2.ply"}
					{bone revolute "elevator2"
						{limits -30 30}
						{Matrix34
							1	0	0
							0	0.136434	0.990649
							0	-0.990649	0.136434
							-12.7112	-2.22123	0.990705
						}
						{VolumeView "elevator2.ply"}
					}
					{bone revolute "rudder2_d0"
						{limits -30 30}
						{Position -14.934	-24.3983	7.75321}
						{VolumeView "rudder2_d0.ply"}
					}
				}
				{bone "enumerator"
					{parameters "ID=enumerator;"}
					{Position 15.7499	-0.0707382	1.07932}
					{VolumeView "enumerator.ply"}
				}
			}
			{bone "door"
				{parameters "ID=body;"}
				{Position 29.1429	0.0199423	-0.314486}
				{VolumeView "door.ply"}
			}
			{bone "visor"
				{Position 40.1688	-0.0674889	6.65721}
			}
			{bone revolute "mgun_rot"
				{limits -5 5}
				{Position 67.044	-0.049232	-6.96078}
				{bone revolute "mgun"
					{limits -5 5}
					{Matrix34
						1	0	0
						0	0	1
						0	-1	0
						0.00260925	0.0471908	0.000770569
					}
					{bone "foresight1"
						{Position 16.5859	0.00470161	0.0347865}
					}
				}
			}
			{bone "driver"
				{Matrix34
					0.965215	0	0.261459
					0	1	0
					-0.261459	0	0.965215
					33.2096	-0.0640565	-18.1854
				}
			}
			{bone "gunner"
				{Matrix34
					-0.785165	0	0.619287
					0	-1	0
					0.619287	0	0.785165
					-19.2098	-0.0620916	-14.7284
				}
			}
		}
		{bone "pivot_front"
			{Orientation
				1	0	0
				0	-1	0
				0	0	-1
			}
			{bone "wingl1"
				{parameters "ID=wingLeft;"}
				{Matrix34
					1	0	0
					0	-1	0
					0	0	-1
					9.34546	-77.8806	-12.6833
				}
				{VolumeView "wingl1.ply"}
				{bone revolute "aileron1"
					{limits -30 30}
					{Matrix34
						0.990749	-0.135674	0.00287389
						-0.0149226	-0.0878732	0.99602
						-0.134882	-0.986849	-0.0890849
						-15.9645	4.64503	0.360442
					}
					{VolumeView "aileron1.ply"}
				}
				{bone "fx_smoke1_1"
					{Matrix34
						-0.974188	0.225736	0
						-0.225736	-0.974188	0
						0	0	1
						-6.54283	39.5377	4.01593
					}
				}
			}
			{bone "wingr1"
				{parameters "ID=wingRight;"}
				{Matrix34
					1	0	0
					0	-1	0
					0	0	-1
					-1.21197	77.7068	-12.6912
				}
				{VolumeView "wingr1.ply"}
				{bone revolute "aileron2"
					{limits -30 30}
					{Matrix34
						0.990676	0.136048	-0.0071653
						-0.00423295	0.0833075	0.996515
						0.136171	-0.987193	0.0831066
						-5.40041	-4.74419	0.907056
					}
					{VolumeView "aileron2.ply"}
				}
				{bone "fx_smoke1_2"
					{Matrix34
						-0.991084	-0.133243	0
						0.133243	-0.991084	0
						0	0	1
						5.60789	-40.2837	4.00831
					}
				}
			}
			{bone "gearr"
				{parameters "ID=retract_wheelR;"}
				{Matrix34
					-0.465366	0	-0.885118
					0	-1	0
					-0.885118	0	0.465366
					3.77922	30.9691	5.38327
				}
				{VolumeView "gearr.ply"}
				{bone revolute "wheelr"
					{parameters "ID=retract_wheelR;Radius=0.4;support;"}
					{Matrix34
						-0.465366	0	-0.885118
						0.885118	0	-0.465366
						0	-1	0
						-8.54364	-1.20258	1.98565
					}
					{VolumeView "wheelr.ply"}
					{bone "fxtracer"
						{Matrix34
							1	0	0
							0	0	-1
							0	1	0
							0.0627561	-6.12569	0.0200424
						}
					}
				}
			}
			{bone "gearl"
				{parameters "ID=retract_wheelL;"}
				{Matrix34
					-0.465366	0	-0.885118
					0	-1	0
					-0.885118	0	0.465366
					3.98425	-31.1033	5.40314
				}
				{VolumeView "gearl.ply"}
				{bone revolute "wheell"
					{parameters "ID=retract_wheelL;Radius=0.4;support;"}
					{Matrix34
						-0.465366	0	-0.885118
						0.885118	0	-0.465366
						0	-1	0
						-8.52772	1.20253	2.00098
					}
					{VolumeView "wheell.ply"}
					{bone "fxtracel"
						{Matrix34
							1	0	0
							0	0	-1
							0	1	0
							0.0867782	-6.0926	0.10363
						}
					}
				}
			}
		}
		{bone "emit2"
			{Matrix34
				0.226831	0.973934	0
				-0.973934	0.226831	0
				0	0	1
				-37.5868	-35.4257	0
			}
		}
		{bone "emit1"
			{Matrix34
				0.454165	-0.890918	0
				0.890918	0.454165	0
				0	0	1
				-37.3717	29.8132	0
			}
		}
		{bone "pivot_back"
			{Position -103.067	0.00544056	17.006}
			{bone "gear_back"
				{Position 3.28139	0.064925	-9.39562}
				{VolumeView "gear_back.ply"}
				{bone revolute "wheelback"
					{parameters "Radius=0.2;support;"}
					{Matrix34
						1	0	0
						0	0	1
						0	-1	0
						-7.87076	0.00827679	-0.745917
					}
					{VolumeView "wheelback.ply"}
				}
			}
		}
	}
}
{Obstacle "rectangle01"
	{Obb2
		{Center -28.9905 0.365933}
		{Extent 81.6609 4.32526}
		{Axis 1 0}
	}
	{Rotate}
}
{Obstacle "rectangle02"
	{Obb2
		{Center 1.67546 -1.26595}
		{Extent 10.5 113.039}
		{Axis 1 0}
	}
	{Rotate}
}
{Volume "body2"
	{Polyhedron "body2.vol"}
	{Bone "body"}
	{Position 8.95954	0.415599	-5.5886}
}
{Volume "body3"
	{Polyhedron "bodyback.vol"}
	{Bone "body_back"}
	{Matrix34
		0	-1	0
		0	0	1
		-1	0	0
		26.0394	-0.0212258	-0.0911579
	}
}
{Volume "body"
	{Polyhedron "body.vol"}
	{Bone "body"}
	{Matrix34
		0	-1	0
		0	0	1
		-1	0	0
		66.6629	-0.012247	-6.64325
	}
}
{Volume "cockpit"
	{Polyhedron "cabin.vol"}
	{Bone "body"}
	{Position 11.3918	-0.288445	0.173149}
}
{Volume "engine1"
	{Cylinder 9.5 16}
	{Bone "engine1"}
	{Matrix34
		0	-1	0
		0	0	1
		-1	0	0
		3.37452	2.11683	-0.564402
	}
}
{Volume "engine2"
	{Cylinder 9.5 16}
	{Bone "engine2"}
	{Matrix34
		0	-1	0
		0	0	1
		-1	0	0
		2.91	-1.4438	-0.530928
	}
}
{Volume "stabilizer3"
	{Polyhedron "stab11.vol"}
	{Bone "stab1"}
	{Matrix34
		1	0	0
		0	0.991399	0.130878
		0	-0.130878	0.991399
		-4.00093	2.35762	0.564919
	}
}
{Volume "stabilizer1"
	{Box 25.5471 28.8317 2.18975}
	{Bone "stab1"}
	{Matrix34
		1	0	0
		0	0	1
		0	-1	0
		-11.9017	23.4374	7.86914
	}
}
{Volume "stabilizer"
	{Polyhedron "stab21.vol"}
	{Bone "stab2"}
	{Matrix34
		1	0	0
		0	0.991179	-0.132528
		0	0.132528	0.991179
		-6.76436	-3.07772	0.509014
	}
}
{Volume "stabilizer2"
	{Box 25.5471 28.8317 2.18975}
	{Bone "stab2"}
	{Matrix34
		1	0	0
		0	0	1
		0	-1	0
		-14.6651	-24.055	7.8507
	}
}
{Volume "wheelback"
	{Cylinder 3.5 2.5}
	{Bone "wheelback"}
	{Position 0.00569153	0.015914	0.111281}
}
{Volume "wheell"
	{Cylinder 6.5 4.5}
	{Bone "wheell"}
	{Position -0.113511	-0.131722	0.0542755}
}
{Volume "wheelr"
	{Cylinder 6.5 4.5}
	{Bone "wheelr"}
	{Position 0.0705462	-0.144684	0.0609226}
}
{Volume "wingl1"
	{Polyhedron "wingl1.vol"}
	{Bone "wingl1"}
	{Matrix34
		1	0	0
		0	0.995041	0.0994701
		0	-0.0994701	0.995041
		-10.4602	10.3235	1.51083
	}
}
{Volume "wingr1"
	{Polyhedron "wingr1.vol"}
	{Bone "wingr1"}
	{Matrix34
		1	0	0
		0	0.997191	-0.0749053
		0	0.0749053	0.997191
		0.0971966	-9.59244	1.50281
	}
}
