;Exported by: Sergey
;Date:        Tue Jun 16 18:49:55 2015
;File:        C:\Users\user\Documents\3dsMax\scenes\Skoda 100mm Vz14-19 Howitzer\100mm wz.14-19P_x.max
{Skeleton
	{bone revolute "basis"
		{Orientation
			1	0	0
			0	-1	0
			0	0	1
		}
		{bone "body"
			{Position -0.103929	-0.00219727	12.8546}
			{bone "pivot_front"
				{Orientation
					1	1.55032e-005	0
					0	0	1
					1.55032e-005	-1	0
				}
				{VolumeView "pivot_front.ply"}
				{bone revolute "wheelright"
					{parameters "ID=wheelright;Radius=0.69;support=1;"}
					{Matrix34
						-1	0	-1.54794e-005
						0	1	0
						1.54794e-005	0	-1
						-0.0348658	-0.0350323	15.2926
					}
					{VolumeView "wheelright.ply"}
				}
				{bone revolute "wheelleft"
					{parameters "ID=wheelleft;Radius=0.69;support=1;"}
					{Matrix34
						-0.995597	-0.0937389	-1.52417e-005
						-0.0937388	0.995597	0
						-1.54898e-005	0	1
						-0.0343918	-0.0350208	-16.3191
					}
					{VolumeView "wheelleft.ply"}
				}
			}
			{bone revolute "turret"
				{parameters "ID=turret;"}
				{limits -1 1}
				{speed 0.004}
				{Position -60.2608	0.17597	-8.34658}
				{bone "lafet"
					{parameters "ID=body;"}
					{VolumeView "lafet.ply"}
					{bone revolute "seatgunner"
						{Matrix34
							0.552638	-0.833421	0
							-0.833421	-0.552638	0
							0	0	1
							43.5977	5.55624	3.31936
						}
						{VolumeView "seatgunner.ply"}
					}
					{bone revolute "seatcommander"
						{Matrix34
							0.660567	0.750767	0
							-0.750767	0.660567	0
							0	0	1
							43.6261	-6.0784	3.31936
						}
						{VolumeView "seatcommander.ply"}
					}
					{bone revolute "gun_rot"
						{parameters "ID=gun;"}
						{limits -3 48}
						{speed 0.004}
						{Matrix34
							1	0	0
							0	1.55727e-005	1
							0	-1	1.55727e-005
							58.0702	7.54742	12.7421
						}
						{VolumeView "gun_rot.ply"}
						{bone "gun"
							{Matrix34
								0	2.201e-005	-1
								0	1	2.201e-005
								1	0	0
								-4.31873	3.91096	7.60863
							}
							{VolumeView "gun.ply"}
						}
					}
					{bone "shield"
						{parameters "ID=shield;"}
						{Matrix34
							1	-1.57356e-005	0
							0	0	1
							-1.57356e-005	-1	0
							70.9408	0.444565	22.2063
						}
						{VolumeView "shield.ply"}
						{bone revolute "shield1"
							{Matrix34
								1	0	-1.57356e-005
								0	1	0
								1.57356e-005	0	1
								-5.72642	-18.8973	12.5498
							}
							{VolumeView "shield1.ply"}
						}
						{bone revolute "cover_shield2"
							{parameters "ID=shield;"}
							{Matrix34
								0.989763	0.142723	-1.57356e-005
								-0.142723	0.989763	0
								1.55745e-005	0	1
								-7.61098	-6.11794	-7.05266
							}
							{VolumeView "cover_shield2.ply"}
						}
						{bone revolute "shield2"
							{parameters "ID=shield;"}
							{Matrix34
								1	0	-3.12389e-005
								0	1	0
								3.12389e-005	0	1
								-10.0489	0.671797	0.430383
							}
							{VolumeView "shield2.ply"}
							{bone "cover"
								{Position -2.57525	5.42844	-8.79195}
								{VolumeView "cover.ply"}
							}
						}
					}
					{bone "pravilo"
						{Matrix34
							0.973975	0	0.226656
							0	1	0
							-0.226656	0	0.973975
							10.5374	-0.174197	3.25359
						}
						{VolumeView "pravilo.ply"}
					}
					{bone revolute "stopor"
						{Matrix34
							-0.0748335	-0.995236	-0.0624872
							0.989876	-0.0817169	0.11605
							-0.120603	-0.0531702	0.991276
							47.2337	3.69641	5.76292
						}
						{VolumeView "stopor.ply"}
					}
				}
			}
			{bone revolute "soshnik"
				{Matrix34
					0.999743	0	-0.0226724
					0.0226724	0	0.999743
					0	-1	0
					-60.3536	3.67902	-6.81198
				}
				{VolumeView "soshnik.ply"}
			}
		}
	}
}
