;Exported by: Normand
;Date:        Fri May 08 19:49:51 2020
;File:        C:\Users\Normand\praga_rv_xx.max
{Skeleton
	{bone "basis"
		{parameters "SteerMax=30;WheelRadius=0.3;"}
		{Orientation
			1	0	0
			0	-1	0
			0	0	1
		}
		{bone "pivot_front"
			{Matrix34
				1	0	0
				0	0.99999	-0.00447319
				0	0.00447319	0.99999
				38.9658	-0.493171	8.98232
			}
			{VolumeView "pivot_front.ply"}
			{bone revolute "steerl"
				{Matrix34
					-1	0	0
					0	1	0
					0	0	1
					1.0633	14.5269	-0.26757
				}
				{VolumeView "steerl.ply"}
				{bone revolute "wheell1"
					{Matrix34
						1	0	0
						0	0	1
						0	1	0
						-0.0626869	0.306856	-0.227195
					}
					{VolumeView "wheell1.ply"}
				}
			}
			{bone revolute "steerr"
				{Matrix34
					-1	0	0
					0	1	0
					0	0	1
					1.06333	-14.5258	-0.392587
				}
				{VolumeView "steerr.ply"}
				{bone revolute "wheelr1"
					{Matrix34
						1	0	0
						0	0	1
						0	1	0
						-0.100208	-0.370358	-0.102181
					}
					{VolumeView "wheelr1.ply"}
				}
			}
		}
		{bone "pivot_back"
			{Matrix34
				1	0	0
				0	0.99999	-0.00447319
				0	0.00447319	0.99999
				-42.6868	-0.494118	8.6512
			}
			{VolumeView "pivot_back.ply"}
			{bone "spring"
				{Matrix34
					-0.99982	0	0.0189561
					0	1	0
					0.0189561	0	0.99982
					9.53854	-0.00685149	3.69628
				}
				{VolumeView "spring.ply"}
			}
			{bone revolute "wheelr3"
				{Matrix34
					-1	0	0
					0	0	1
					0	1	0
					-0.202171	-15.5697	-0.168587
				}
				{VolumeView "wheelr3.ply"}
			}
			{bone revolute "wheell3"
				{Matrix34
					-1	0	0
					0	0	1
					0	1	0
					-0.239716	15.5062	-0.168583
				}
				{VolumeView "wheell3.ply"}
			}
			{bone revolute "wheell2"
				{Matrix34
					-1	0	0
					0	0	1
					0	1	0
					18.7656	15.5062	-0.168581
				}
				{VolumeView "wheell2.ply"}
			}
			{bone revolute "wheelr2"
				{Matrix34
					-1	0	0
					0	0	1
					0	1	0
					18.8031	-15.5697	-0.168586
				}
				{VolumeView "wheelr2.ply"}
			}
		}
		{bone "body"
			{parameters "ID=body;"}
			{Matrix34
				-0.999098	-0.00221967	0.042411
				0.0424686	-0.0477171	0.997958
				-0.000191407	0.998858	0.0477683
				-4.38664	-0.426725	14.8456
			}
			{VolumeView "body.ply"}
			{bone "body_back"
				{Matrix34
					-1	0	0
					0	0	1
					0	1	0
					21.8537	14.4002	0
				}
				{VolumeView "body_back.ply"}
				{bone "shield"
					{parameters "ID=shield;"}
					{Position 0.399191	-0.00156111	10.8551}
				}
			}
			{bone "cabin"
				{parameters "ID=cabin;"}
				{Matrix34
					-0.999361	-0.0357546	0
					0.00126083	-0.0352699	0.999377
					-0.0357324	0.998738	0.0352924
					-30.4443	6.56043	-0.682314
				}
				{VolumeView "cabin.ply"}
				{bone "fender"
					{parameters "ID=body;"}
					{Matrix34
						0.999998	0.00198698	0.000160709
						-0.00198843	0.999952	0.00959285
						-0.000141613	-0.00959317	0.999954
						13.3105	0.787495	-7.75062
					}
					{VolumeView "fender.ply"}
				}
				{bone "doorl"
					{parameters "ID=cabin;"}
					{Matrix34
						-0.361091	-0.932487	-0.00902204
						0.926447	-0.359822	0.110564
						-0.106346	0.0315652	0.993828
						-0.0324707	18.3527	1.62989
					}
					{VolumeView "doorl.ply"}
				}
				{bone "doorr"
					{parameters "ID=cabin;"}
					{Position -0.0324326	-17.0398	1.62992}
					{VolumeView "doorr.ply"}
				}
				{bone "glass_frame1"
					{parameters "ID=cabin;"}
					{Matrix34
						0	1	0
						-0.202609	0	0.97926
						0.97926	0	0.202609
						-0.314054	-6.71283	13.9379
					}
					{VolumeView "glass_frame1.ply"}
				}
				{bone "glass_frame2"
					{parameters "ID=cabin;"}
					{Matrix34
						0	-1	0
						-0.446242	0	0.894912
						0.894912	0	0.446242
						-0.314053	8.09797	13.9379
					}
					{VolumeView "glass_frame2.ply"}
				}
			}
			{bone "engine"
				{parameters "ID=engine;"}
				{Matrix34
					-1	0	0
					0	0	1
					0	1	0
					-44.2791	1.2724	0
				}
				{VolumeView "engine.ply"}
				{bone "coverr"
					{parameters "ID=engine;"}
					{Matrix34
						0.9985	0	-0.0547545
						-0.0532101	0.235825	-0.970338
						0.0129125	0.971796	0.235471
						-0.627178	-0.780008	10.871
					}
					{VolumeView "coverr.ply"}
					{bone "coverr2"
						{parameters "ID=engine;"}
						{Matrix34
							0.966583	0.250814	0.0530042
							-0.148256	0.378241	0.913758
							0.209135	-0.891081	0.402786
							0.282909	-10.1628	-3.84842
						}
						{VolumeView "coverr2.ply"}
					}
				}
				{bone "coverl"
					{parameters "ID=engine;"}
					{Matrix34
						0.9985	0	-0.0547545
						0	1	0
						0.0547544	0	0.9985
						-0.627178	0.76854	10.871
					}
					{VolumeView "coverl.ply"}
					{bone "coverl2"
						{parameters "ID=engine;"}
						{Matrix34
							0.963159	-0.263695	0.0528166
							0.263299	0.964606	0.0144386
							-0.0547546	0	0.9985
							0.282871	10.1743	-3.84843
						}
						{VolumeView "coverl2.ply"}
					}
				}
			}
		}
	}
}
{Volume "body"
	{Box 106.362 16.533 2.34217}
	{Bone "body"}
	{Matrix34
		-1	0	0
		0	0	1
		0	1	0
		-2.38506	-4.14268	-0.239499
	}
}
{Volume "cabin"
	{Polyhedron "cabin.vol"}
	{Bone "cabin"}
	{Position -9.06985	0.582569	-10.0961}
}
{Volume "engine"
	{Polyhedron "engine.vol"}
	{Bone "engine"}
	{Position -0.774158	0.147984	-4.34665}
}
{Volume "wheelleft1"
	{Cylinder 8.55 4}
	{Bone "wheell1"}
	{Matrix34
		-1	0	0
		0	1	0
		0	0	-1
		-0.00615788	-0.0280253	-0.0915937
	}
}
{Volume "wheelleft2"
	{Cylinder 8.55 7.9}
	{Bone "wheell2"}
	{Matrix34
		-1	0	0
		0	1	0
		0	0	-1
		-0.12463	0.109986	0.216222
	}
}
{Volume "wheelleft3"
	{Cylinder 8.55 7.9}
	{Bone "wheell3"}
	{Matrix34
		-1	0	0
		0	1	0
		0	0	-1
		-0.124634	0.109986	0.216223
	}
}
{Volume "wheelright1"
	{Cylinder 8.55 4}
	{Bone "wheelr1"}
	{Matrix34
		-1	0	0
		0	1	0
		0	0	-1
		0.0313805	-0.0280244	0.493512
	}
}
{Volume "wheelright2"
	{Cylinder 8.55 7.9}
	{Bone "wheelr2"}
	{Matrix34
		-1	0	0
		0	1	0
		0	0	-1
		-0.0870914	0.109987	0.0114334
	}
}
{Volume "wheelright3"
	{Cylinder 8.55 7.9}
	{Bone "wheelr3"}
	{Matrix34
		-1	0	0
		0	1	0
		0	0	-1
		-0.0870934	0.109988	0.0114324
	}
}
