;Exported by: Normand
;Date:        Sat Dec 20 18:27:34 2014
;File:        C:\Users\Normand\gmc_truck3.max
{Skeleton
	{animation
		{sequence "doorright" {speed 0.36}}
		{sequence "doorleft" {speed 0.36}}
		{sequence "doorback" {speed 0.5}}
		{sequence "start" {speed 0.5}}
		{sequence "stop" {speed 0.5}}
	}
	{bone "basis"
		{parameters "SteerMax=30;WheelRadius=0.5;"}
		{Orientation
			1	0	0
			0	-1	0
			0	0	1
		}
		{bone "emit1"
			{Matrix34
				0.00884067	-0.999951	0.00447319
				0.999961	0.00884065	-2.38416e-005
				-1.57055e-005	0.00447323	0.99999
				16.8518	22.7329	-0.0468389
			}
		}
		{bone "emit2"
			{Matrix34
				-0.00400451	0.999992	0
				-0.999982	-0.00400447	-0.00445746
				-0.00445742	-1.78499e-005	0.99999
				16.2012	-23.6171	0.159789
			}
		}
		{bone "emit4"
			{Matrix34
				1	0	0
				0	0.99999	-0.00447319
				0	0.00447319	0.99999
				-83.8813	-12.5739	0.110744
			}
		}
		{bone "emit3"
			{Matrix34
				1	0	0
				0	0.99999	-0.00447319
				0	0.00447319	0.99999
				-83.4829	13.7007	-0.00678665
			}
		}
		{bone "body"
			{parameters "ID=body;"}
			{animation
				{sequence "repair" {file "body_r.anm"} {speed 0.5}}
			}
			{Matrix34
				1	0	0
				0	0.99999	-0.00447319
				0	0.00447319	0.99999
				-2.67755	-0.124708	6.22828
			}
			{VolumeView "body.ply"}
			{bone "engine"
				{parameters "ID=engine;"}
				{animation
					{sequence "repair" {file "engine_r.anm"} {speed 0.5}}
				}
				{Position 0	0	0}
				{VolumeView "engine.ply"}
				{bone "engine_hutch"
					{parameters "ID=engine;"}
					{Position 33.6015	-0.0182393	28.105}
					{VolumeView "engine_hutch.ply"}
				}
			}
			{bone "cabin"
				{parameters "ID=cabin;"}
				{animation
					{sequence "repair" {file "cabin_r.anm"} {speed 0.5}}
				}
				{Position 0	0	0}
				{VolumeView "cabin.ply"}
				{bone "doorright"
					{parameters "ID=cabin;"}
					{Matrix34
						0.996195	0	0.0871557
						0	1	0
						-0.0871557	0	0.996195
						29.5202	-12.0122	21.1217
					}
					{VolumeView "doorright.ply"}
					{bone "glass_doorright"
						{parameters "ID=Glass;"}
						{Matrix34
							0.996195	0	-0.0871557
							0	1	0
							0.0871557	0	0.996195
							-31.2488	12.0122	-18.4685
						}
						{VolumeView "glass_doorr.ply"}
					}
				}
				{bone "doorleft"
					{parameters "ID=cabin;"}
					{Matrix34
						0.996195	0	0.0871557
						0	1	0
						-0.0871557	0	0.996195
						29.5202	12.0373	21.1218
					}
					{VolumeView "doorleft.ply"}
					{bone "glass_doorleft"
						{parameters "ID=Glass;"}
						{Matrix34
							0.996195	0	-0.0871557
							0	1	0
							0.0871557	0	0.996195
							-31.2488	-12.0373	-18.4685
						}
						{VolumeView "glass_doorl.ply"}
					}
				}
				{bone "glass_front"
					{parameters "ID=Glass;"}
					{Position 0	0	0}
					{VolumeView "glass_front.ply"}
				}
				{bone "glass_back"
					{parameters "ID=Glass;"}
					{Position 0	0	0}
					{VolumeView "glass_back.ply"}
				}
				{bone "glass_lampl"
					{parameters "ID=glass;"}
					{Position 0	0	0}
					{VolumeView "glass_lampl.ply"}
					{bone "headlightl"
						{Position 55.3927	9.56178	20.2747}
					}
				}
				{bone "glass_lampr"
					{parameters "ID=glass;"}
					{Position 0	0	-1.62125e-005}
					{VolumeView "glass_lampr.ply"}
					{bone "headlightr"
						{Position 55.3913	-9.60508	20.2747}
					}
				}
				{bone "commander"
					{Matrix34
						0.999919	-0.0116992	-0.00503321
						0.0116568	0.999897	-0.00839945
						0.00513094	0.0083398	0.999952
						17.4602	-3.56778	10.9543
					}
				}
				{bone "driver"
					{Matrix34
						0.999942	-0.0102503	0.00324632
						0.0103685	0.999196	-0.038739
						-0.00284658	0.0387701	0.999244
						18.5619	4.43652	10.8769
					}
				}
			}
			{bone "fxlight"
				{Position 80.1764	0.159652	17.985}
			}
			{bone "fxsmoke1"
				{Matrix34
					-0.292372	0.873628	-0.388964
					-0.956305	-0.267095	0.118918
					0	0.406737	0.913546
					-7.5	18.5321	12.011
				}
			}
			{bone "visor1"
				{Position 33.2261	4.81422	32.5621}
			}
			{bone "fxstop1"
				{Matrix34
					-1	0	0
					0	-1	0
					0	0	1
					-57.926	-10.2791	14.904
				}
			}
			{bone "fxstop2"
				{Matrix34
					-1	0	0
					0	-1	0
					0	0	1
					-57.926	10.3131	14.8939
				}
			}
			{bone "fuel"
				{parameters "ID=body;"}
				{Matrix34
					1	0	0
					0	0	1
					0	-1	0
					5.76625	17.729	15.5738
				}
				{VolumeView "fuel.ply"}
				{bone revolute "sp_wh2"
					{parameters "ID=body;"}
					{Matrix34
						0	0	1
						0	-1	0
						-1	0	0
						0.344284	12.4455	8.24593
					}
					{VolumeView "sp_wh2.ply"}
				}
				{bone revolute "sp_wh1"
					{parameters "ID=body;"}
					{Matrix34
						0	0	1
						0	-1	0
						-1	0	0
						0.344284	12.4455	27.0152
					}
					{VolumeView "sp_wh2.ply"}
				}
			}
			{bone "body_back"
				{parameters "ID=bodyback;"}
				{animation
					{sequence "repair" {file "doorback.anm"} {speed -1}}
				}
				{Position -28.9097	-0.0204573	12.5066}
				{VolumeView "body_back.ply"}
				{bone "seat01"
					{Matrix34
						-0.0233323	-0.973859	0.22595
						0.999719	-0.0217692	0.00940813
						-0.00424352	0.226106	0.974093
						19.4393	7.13621	4.553973
					}
				}
				{bone "seat02"
					{Matrix34
						0.00756309	0.963923	0.266073
						-0.999952	0.00895936	-0.00403389
						-0.00627214	-0.26603	0.963944
						19.206	-7.02539	4.5275059
					}
				}
				{bone "seat03"
					{Matrix34
						-0.0233323	-0.973859	0.22595
						0.999719	-0.0217692	0.00940813
						-0.00424352	0.226106	0.974093
						6.6558	7.07216	4.503106
					}
				}
				{bone "seat04"
					{Matrix34
						0.00756309	0.963923	0.266073
						-0.999952	0.00895936	-0.00403389
						-0.00627214	-0.26603	0.963944
						6.24615	-7.09119	4.527298
					}
				}
				{bone "seat05"
					{Matrix34
						0.00756309	0.963923	0.266073
						-0.999952	0.00895936	-0.00403389
						-0.00627214	-0.26603	0.963944
						-6.83978	-7.042826	4.582262
					}
				}
				{bone "seat06"
					{Matrix34
						-0.0233323	-0.973859	0.22595
						0.999719	-0.0217692	0.00940813
						-0.00424352	0.226106	0.974093
						-6.21863	7.03404	4.5474854
					}
				}
				{bone "seat07"
					{Matrix34
						-0.0233323	-0.973859	0.22595
						0.999719	-0.0217692	0.00940813
						-0.00424352	0.226106	0.974093
						-18.6886	7.09643	4.50278282
					}
				}
				{bone "seat08"
					{Matrix34
						0.00756309	0.963923	0.266073
						-0.999952	0.00895936	-0.00403389
						-0.00627214	-0.26603	0.963944
						-18.3152	-7.06947	4.530619
					}
				}
				{bone "shield"
					{parameters "CommonMesh;ID=shield;"}
					{animation
						{sequence "repair" {file "shield_r.anm"} {speed 0.5}}
					}
					{Position -0.0128784	0.00227001	0.108109}
					{VolumeView "shield.ply"}
				}
				{bone "seats"
					{parameters "ID=bodyback;"}
					{VolumeView "seats.ply"}
				}
				{bone "door_back"
					{parameters "ID=bodyback;"}
					{Matrix34
						1	0	0
						0	0	1
						0	-1	0
						-29.8836	0.00224897	5.53635
					}
					{VolumeView "door_back.ply"}
				}
			}
		}
		{bone "pivot_front"
			{parameters "ID=body;"}
			{Matrix34
				1	0	0
				0	0.99999	-0.00447319
				0	0.00447319	0.99999
				43.5	-0.124708	6.22828
			}
			{VolumeView "pivot_front.ply"}
			{bone "fxtracer1"
				{Matrix34
					-1	0	0
					0	-1	0
					0	0	1
					0.00217819	-13.2409	-6.55881
				}
			}
			{bone "fxtracel1"
				{Matrix34
					-1	0	0
					0	-1	0
					0	0	1
					0.00204468	13.1118	-6.55881
				}
			}
			{bone revolute "steer_l1"
				{Matrix34
					-1	0	0
					0	1	0
					0	0	1
					0.102505	10.3106	3.08559
				}
				{bone revolute "wheell1"
					{parameters "ID=wheelleft1;"}
					{Matrix34
						1	0	0
						0	0	1
						0	1	0
						0.0380821	3.18703	0.0138884
					}
					{VolumeView "wheell1.ply"}
				}
			}
			{bone revolute "steer_r1"
				{Matrix34
					-1	0	0
					0	1	0
					0	0	1
					0.102505	-10.4329	3.08559
				}
				{bone revolute "wheelr1"
					{parameters "ID=wheelright1;"}
					{Matrix34
						-1	0	0
						0	0	-1
						0	1	0
						0.0380821	-3.09682	0.0138884
					}
					{VolumeView "wheelr1.ply"}
				}
			}
		}
		{bone "pivot_back"
			{parameters "ID=body;"}
			{Matrix34
				1	0	0
				0	0.99999	-0.00447319
				0	0.00447319	0.99999
				-31.4313	-0.124708	6.22828
			}
			{VolumeView "pivot_back.ply"}
			{bone revolute "wheelr2"
				{parameters "ID=wheelright2;"}
				{Matrix34
					-1	0	0
					0	0	1
					0	1	0
					9.49363	-16.7665	3.09948
				}
				{VolumeView "wheelr2.ply"}
			}
			{bone revolute "wheell2"
				{parameters "ID=wheelleft2;"}
				{Matrix34
					1	0	0
					0	0	-1
					0	1	0
					9.49369	16.8712	3.09948
				}
				{VolumeView "wheell2.ply"}
			}
			{bone revolute "wheell3"
				{parameters "ID=wheelleft3;"}
				{Matrix34
					1	0	0
					0	0	-1
					0	1	0
					-12.3039	16.8712	3.09948
				}
				{VolumeView "wheell3.ply"}
			}
			{bone revolute "wheelr3"
				{parameters "ID=wheelright3;"}
				{Matrix34
					-1	0	0
					0	0	1
					0	1	0
					-12.3039	-16.7665	3.09948
				}
				{VolumeView "wheelr3.ply"}
			}
			{bone "fxtracel2"
				{Matrix34
					-1	0	0
					0	-1	0
					0	0	1
					-12.4102	17.1671	-6.2276
				}
			}
			{bone "fxtracer2"
				{Matrix34
					-1	0	0
					0	-1	0
					0	0	1
					-12.4171	-17.0387	-6.2276
				}
			}
			{bone "fxtracer3"
				{Matrix34
					-1	0	0
					0	-1	0
					0	0	1
					-12.417	-12.8372	-6.22766
				}
			}
			{bone "fxtracel3"
				{Matrix34
					-1	0	0
					0	-1	0
					0	0	1
					-12.4112	12.9965	-6.22765
				}
			}
		}
		{bone "link2"
			{Matrix34
				-1	0	0
				0	-0.99999	0.00447313
				0	0.00447313	0.99999
				-58.5053	-0.0554403	17.3199
			}
		}
		{bone "examine_"
			{Position -77.8481	-1.54631	0.7532}
			{visibility 0}
		}
		{bone "examine1"
			{Matrix34
				0	-1	0
				1	0	0
				0	0	1
				-47.3223	37.7466	0.7532
			}
			{visibility 0}
		}
		{bone "examine2"
			{Matrix34
				0	1	0
				-1	0	0
				0	0	1
				-24.4318	-39.4924	0.7532
			}
			{visibility 0}
		}
	}
}
{Volume "body2"
	{Box 2 32.5 4.5}
	{Bone "body"}
	{Position 65.5276	-0.0106718	10.27}
}
{Volume "body"
	{Box 120 20.44 2.6}
	{Bone "body"}
	{Position 3.40	-0.465523	10.209}
}
{Volume "bodyback"
	{Box 60 39 9}
	{Bone "body_back"}
	{Position -0.0263138	-0.11909	8.68594}
}
{Volume "cabin"
	{Polyhedron "cabin.vol"}
	{Bone "cabin"}
	{Position 19.74	-0.233225	11.0268}
}
{Volume "engine"
	{Polyhedron "engine.vol"}
	{Bone "engine"}
	{Position 43.81	-0.0503584	11.3507}
}
{Volume "fuel"
	{Box 6.5 36 6.5}
	{Bone "fuel"}
	{Matrix34
		1	0	0
		0	0	-1
		0	1	0
		-0.0151916	0.0944481	18.0482
	}
}
{Volume "glass_back"
	{Box 13 4.25 0.15}
	{Bone "glass_back"}
	{Matrix34
		0	-1	0
		0.199368	0	0.979925
		-0.979925	0	0.199368
		9.8043	-0.111071	32.185
	}
}
{Volume "glass_doorleft"
	{Polyhedron "glass_doorleft.vol"}
	{Bone "glass_doorleft"}
	{Matrix34
		0.999657	-0.0261768	0
		0	0	1
		-0.0261768	-0.999657	0
		21.1891	11.7645	30.7813
	}
}
{Volume "glass_doorright"
	{Polyhedron "glass_doorright.vol"}
	{Bone "glass_doorright"}
	{Matrix34
		0.999848	0.0174524	0
		0	0	1
		0.0174524	-0.999848	0
		21.1733	-11.6704	30.7681
	}
}
{Volume "glass_front"
	{Polyhedron "glass_front.vol"}
	{Bone "glass_front"}
	{Matrix34
		0	-1	0
		-0.374606	0	0.927184
		-0.927184	0	-0.374606
		29.0727	-0.0511716	32.1685
	}
}
{Volume "glass_lampl"
	{Cylinder 1.75 0.5}
	{Bone "glass_lampl"}
	{Matrix34
		0	-1	0
		0	0	1
		-1	0	0
		55.2302	9.5397	20.2977
	}
}
{Volume "glass_lampr"
	{Cylinder 1.75 0.353008}
	{Bone "glass_lampr"}
	{Matrix34
		0	-1	0
		0	0	1
		-1	0	0
		55.1754	-9.56836	20.2991
	}
}
{Volume "shield"
	{Box 62 40.5 24}
	{Bone "shield"}
	{Position 0.175644	-0.0284409	22.9709}
}
{Volume "wheelleft1"
	{Cylinder 9.5 4}
	{Bone "wheell1"}
	{Matrix34
		-1	0	0
		0	1	0
		0	0	-1
		0.0344683	-0.0319383	-0.368401
	}
}
{Volume "wheelleft2"
	{Cylinder 9.5 8.05}
	{Bone "wheell2"}
	{Matrix34
		1	0	0
		0	-1	0
		0	0	-1
		0.0581951	0.0204259	-1.86347
	}
}
{Volume "wheelleft3"
	{Cylinder 9.5 8.05}
	{Bone "wheell3"}
	{Matrix34
		1	0	0
		0	-1	0
		0	0	-1
		-0.0344734	0.300603	-1.76723
	}
}
{Volume "wheelright1"
	{Cylinder 9.5 4}
	{Bone "wheelr1"}
	{Matrix34
		1	0	0
		0	-1	0
		0	0	-1
		0.059206	-0.0594314	0.272105
	}
}
{Volume "wheelright2"
	{Cylinder 9.5 8.05}
	{Bone "wheelr2"}
	{Matrix34
		-1	0	0
		0	1	0
		0	0	-1
		0.0795294	-0.0286077	1.79735
	}
}
{Volume "wheelright3"
	{Cylinder 9.5 8.05}
	{Bone "wheelr3"}
	{Matrix34
		-1	0	0
		0	1	0
		0	0	-1
		0.0594145	-0.0582879	1.77604
	}
}

