;Exported by: Normand
;Date:        Wed Aug 15 22:57:39 2018
;File:        C:\Users\Normand\mle37_xx.max
{Skeleton
	{bone revolute "basis"
		{speed 0.01}
		{Orientation
			1	0	0
			0	-1	0
			0	0	1
		}
		{bone "pivot_front"
			{Matrix34
				0.999695	0.000819399	-0.024673
				0	0.999449	0.033192
				0.0246866	-0.0331819	0.999144
				-0.104846	-0.66946	7.38661
			}
			{VolumeView "pivot_front.ply"}
			{bone revolute "wheelr"
				{Matrix34
					-1	0	0
					0	0	1
					0	1	0
					0.00748929	-13.8757	0.0526729
				}
				{VolumeView "wheelr.ply"}
			}
			{bone revolute "wheell"
				{Matrix34
					-1	0	0
					0	0	1
					0	1	0
					-0.00245908	13.8808	-0.0526891
				}
				{VolumeView "wheell.ply"}
			}
		}
		{bone "body"
			{parameters "ID=body;"}
			{Matrix34
				0.999695	0.000819399	-0.024673
				0	0.999449	0.033192
				0.0246866	-0.0331819	0.999144
				-1.41804	-0.69567	7.3867
			}
			{VolumeView "body.ply"}
			{bone "part1"
				{Position 4.44942	0.348316	-3.89796}
				{VolumeView "shield2.ply"}
			}
			{bone "standr"
				{Position -6.86288	-10.1745	-4.05372}
				{VolumeView "standr.ply"}
				{bone "standr1"
					{Matrix34
						0.957529	0.288336	0
						0.288335	-0.95753	0
						0	0	1
						-40.2132	-11.6279	-2.16228
					}
					{VolumeView "standr1.ply"}
				}
			}
			{bone "part2"
				{Position -5.39942	9.23138	-4.08263}
				{VolumeView "standl.ply"}
				{bone "standl1"
					{Matrix34
						0.95753	-0.288336	0
						0.288335	0.95753	0
						0	0	1
						-41.6337	12.7574	-2.13338
					}
					{VolumeView "standl1.ply"}
				}
			}
			{bone revolute "turret"
				{parameters "ID=turret;"}
				{limits -34 34}
				{Matrix34
					0.998645	-0.00641438	-0.0516528
					0	0.992378	-0.123235
					0.0520495	0.123068	0.991032
					1.36751	0.521605	-0.517327
				}
				{VolumeView "turret.ply"}
				{bone revolute "gun_rot"
					{parameters "ID=gun;"}
					{limits -13 16}
					{Matrix34
						0.995082	0.099053	0
						0	0	1
						0.099053	-0.995082	0
						-1.03791	1.50177	5.77647
					}
					{VolumeView "gun_rot.ply"}
					{bone "gun"
						{parameters "ID=gun;"}
						{Matrix34
							1	0	0
							0	0	-1
							0	1	0
							7.18902	-0.831683	1.04168
						}
						{VolumeView "gun.ply"}
					}
				}
				{bone "shield"
					{Position -0.54194	-0.401183	8.04581}
					{VolumeView "shield.ply"}
				}
			}
		}
	}
}
{Volume "body"
	{Box 4 4.5 20}
	{Bone "body"}
	{Matrix34
		1	0	0
		0	0	1
		0	-1	0
		-1.43518	0.1731	-1.73589
	}
}
{Volume "gun_rot"
	{Box 25 4 5.5}
	{Bone "gun_rot"}
	{Matrix34
		1	0	0
		0	0	-1
		0	1	0
		-0.421253	-0.0862937	1.37037
	}
}
{Volume "gun"
	{Cylinder 1.2 45}
	{Bone "gun"}
	{Matrix34
		0	-1	0
		0	0	1
		-1	0	0
		2.16128	-0.0154745	-0.246096
	}
}
{Volume "shield1"
	{Polyhedron "shield1.vol"}
	{Bone "shield"}
	{Matrix34
		0	-1	0
		0.00112397	0	0.999999
		-0.999999	0	0.00112399
		1.08563	-0.0533729	-1.80021
	}
}
{Volume "part1"
	{Box 19.5 4.5 0.5}
	{Bone "part1"}
	{Matrix34
		0	-1	0
		0	0	1
		-1	0	0
		-0.0115993	-0.0601871	-0.187619
	}
}
{Volume "shield"
	{Box 24.5 6.5 0.5}
	{Bone "shield"}
	{Matrix34
		0	-1	0
		-0.445161	0	0.895451
		-0.895451	0	-0.445161
		-0.445575	-0.0533732	4.31258
	}
}
{Volume "part2"
	{Box 45 2.5 2.5}
	{Bone "part2"}
	{Matrix34
		0.941473	-0.29613	0.161045
		0.301317	0.953489	-0.00823045
		-0.151117	0.0562742	0.986913
		-21.7988	6.73003	-0.815995
	}
}
{Volume "standr"
	{Box 45 2.5 2.5}
	{Bone "standr"}
	{Matrix34
		0.942813	0.291776	0.161151
		-0.296854	0.954891	0.00783809
		-0.151595	-0.0552282	0.986899
		-20.7036	-5.74691	-0.775648
	}
}
{Volume "turret"
	{Box 8.5 8.5 2.5}
	{Bone "turret"}
	{Position -0.0841606	-0.00288609	-0.28103}
}
{Volume "wheelleft"
	{Cylinder 10.1 2}
	{Bone "wheell"}
	{Matrix34
		-1	0	0
		0	1	0
		0	0	-1
		-0.0217275	-0.0401012	-0.698227
	}
}
{Volume "wheelright"
	{Cylinder 10.1 2}
	{Bone "wheelr"}
	{Matrix34
		-1	0	0
		0	1	0
		0	0	-1
		-0.059604	-0.03244	0.64393
	}
}
