;Exported by: Артем
;Date:        Sun Aug 31 18:55:04 2014
;File:        D:\Autodesk\Low poly\freelance\DMS\Vehicles\sdkfz 251\export\Sd.kfz 251 ausf D.max
{Skeleton
	{animation
		{sequence "start" {speed 0.7}}
		{sequence "stop" {speed 0.7}}
		{sequence "open" {resume}}
		{sequence "hit" {speed 0.5}}
	}
	{bone "basis"
		{parameters "SteerMax=25;"}
		{Orientation
			1	0	0
			0	-1	0
			0	0	1
		}
		{bone "pivot_front"
			{Position 46.2664	0.0328064	0}
			{bone revolute "steer_l1"
				{Matrix34
					-1	0	0
					0	1	0
					0	0	-1
					-0.0415802	14.7185	7.83355
				}
				{bone revolute "wheell1"
					{parameters "ID=wheelleft1;Radius=0.43;"}
					{Matrix34
						-1	0	0
						0	0	1
						0	1	0
						-0.0415802	2.12773	0.028532
					}
					{VolumeView "wheell1.ply"}
				}
				{bone "rl"
					{parameters "ID=body;"}
					{Matrix34
						-1	0	0
						0	1	0
						0	0	-1
						0	-0.433071	0
					}
					{VolumeView "rl.ply"}
				}
				{bone "fxtracel1"
					{Matrix34
						1	0	0
						0	-1	0
						0	0	-1
						0.149807	1.67949	7.74357
					}
				}
			}
			{bone revolute "steer_r1"
				{Matrix34
					-1	0	0
					0	1	0
					0	0	-1
					-0.041584	-14.7478	7.83355
				}
				{bone "fxtracer1"
					{Matrix34
						1	0	0
						0	-1	0
						0	0	-1
						0.149788	-1.79695	7.74357
					}
				}
				{bone "rr"
					{parameters "ID=body;"}
					{Matrix34
						-1	0	0
						0	0	-1
						0	1	0
						0	0.433485	0
					}
					{VolumeView "rr.ply"}
				}
				{bone revolute "wheelr1"
					{parameters "ID=wheelright1;Radius=0.43;"}
					{Matrix34
						-1	0	0
						0	0	1
						0	1	0
						-0.041584	-2.12733	0.0285358
					}
					{VolumeView "wheelr1.ply"}
				}
			}
		}
		{bone "emit9"
			{parameters "Group=driver;"}
			{Position -76.8574	9.11941	0}
		}
		{bone "emit2"
			{parameters "Group=commander;"}
			{Matrix34
				0	1	0
				-1	0	0
				0	0	1
				8.03586	-39.1041	0
			}
		}
		{bone "emit1"
			{parameters "Group=driver;"}
			{Matrix34
				0	-1	0
				1	0	0
				0	0	1
				8.03586	38.7186	0
			}
		}
		{bone "emit10"
			{parameters "Group=driver;"}
			{Position -76.8574	-6.14965	0}
		}
		{bone "body"
			{parameters "ID=body;"}
			{animation
				{sequence "repair" {file "body_r.anm"} {speed 0.9}}
			}
			{Position -1.043	0.0189285	13.9326}
			{VolumeView "body.ply"}
			{bone "stan"
				{Position -15.046	-0.249534	1.0}
				{VolumeView "stan_2.ply"}
				{bone revolute "turret"
					{limits -45 45}
					{Position 0.295091	0.0444469	-0.126378}
					{bone revolute "gun_rot"
						{limits -20 40}
						{Matrix34
							1	0	0
							0	0	1
							0	-1	0
							-0.000777423	0.0215072	0.00211167
						}
						{VolumeView "gun_rot_2.ply"}
						{bone "gun"
							{Matrix34
								1	0	0
								0	0	-1
								0	1	0
								4.47545	12.4297	-0.206897
							}
							{VolumeView "gun_2.ply"}
							{bone revolute "foresight"
								{limits -10 30}
								{Matrix34
									0.337485	0	0.941331
									0	1	0
									-0.941331	0	0.337485
									3.56128	0.0539353	9.93644
								}
							}
							{bone "shooter00"
								{Matrix34
									0.337485	0	0.941331
									0	1	0
									-0.941331	0	0.337485
									3.33793	0.0539352	9.33988
								}
							}
						}
					}
					{bone "support1"
						{Position 12.8858	-0.043563	-1.72076}
						{VolumeView "support_2.ply"}
					}
					{bone "visor1"
						{Position 8.02319	0.269937	22.3591}
					}
				}
			}
			{bone revolute "mgun_a_rot1"
				{limits -40 40}
				{Matrix34
					-1	0	0
					0	1	0
					0	0	1
					-41.6	0	24.7
				}
				{bone revolute "mgun_a_rot2"
					{limits -15 25}
					{Matrix34
						1	0	0
						0	0	1
						0	1	0
						0	0	0
					}
					{bone "mgun"
						{Position 0		-0.44	0}
					}
				}
				{bone "gunner1"
					{Matrix34
						1	0	0
						0	-1	0
						0	0	1
						-7.7479	0	-21.3086
					}
				}
			}
			{bone "fxlight"
				{Matrix34
					0.999974	0	0.00727647
					-0.00727647	0	0.999974
					0	-1	0
					53.9596	13.7296	9.79224
				}
			}
			{bone "headlightl"
				{Matrix34
					0.999974	0	0.00727647
					-0.00727647	0	0.999974
					0	-1	0
					53.4209	13.7212	9.81332
				}
			}
			{bone "visor2"
				{Matrix34
					0.999974	0	0.00727647
					-0.00727647	0	0.999974
					0	-1	0
					15.5919	7.97475	17.5514
				}
			}
			{bone "fxstop1"
				{Matrix34
					-0.999974	0	-0.00727641
					-0.00727641	0	0.999974
					0	1	0
					-46.2836	17.9252	5.59795
				}
			}
			{bone "doorright"
				{Matrix34
					0.00253849	-0.999986	-0.0045794
					-0.486329	-0.0052359	0.87376
					-0.873772	0	-0.486335
					-55.406	-10.1392	15.5367
				}
				{VolumeView "doorright.ply"}
			}
			{bone revolute "steer_b"
				{Matrix34
					-0.594823	0	0.803857
					0	-1	0
					0.803857	0	0.594823
					18.4408	7.1631	10.1408
				}
				{bone "handwheel"
					{Orientation
						-0.594823	0	0.803857
						0	-1	0
						0.803857	0	0.594823
					}
					{VolumeView "handwheel.ply"}
				}
			}
			{bone "detail1"
				{Position 43.7148	-16.2486	6.77037}
				{VolumeView "detail1.ply"}
			}
			{bone "detail2"
				{Position 44.2541	17.3006	6.6863}
				{VolumeView "detail2.ply"}
			}
			{bone revolute "wheell2"
				{parameters "ID=trackleft;Radius=0.41;"}
				{Matrix34
					1	0	0
					0	0	-1
					0	1	0
					23.7862	16.0256	-4.63153
				}
				{VolumeView "wheell2.ply"}
			}
			{bone revolute "wheell9"
				{parameters "ID=trackleft;Radius=0.41;"}
				{Matrix34
					0.190809	0	0.981627
					0.981627	0	-0.190809
					0	1	0
					-32.0511	16.4529	-5.63872
				}
				{VolumeView "wheell9.ply"}
			}
			{bone revolute "wheelr9"
				{parameters "ID=trackRight;Radius=0.41;"}
				{Matrix34
					0.782608	0	0.622515
					0.622515	0	-0.782608
					0	1	0
					-32.0511	-16.4541	-5.63872
				}
				{VolumeView "wheelr9.ply"}
			}
			{bone revolute "wheelr2"
				{parameters "ID=trackRight;Radius=0.41;"}
				{Matrix34
					1	0	0
					0	0	-1
					0	1	0
					23.7862	-16.0268	-4.63153
				}
				{VolumeView "wheelr2.ply"}
			}
			{bone "fxsmoke1"
				{Matrix34
					-0.309008	0.951032	0.00727647
					0.00224882	-0.00692025	0.999974
					0.951057	0.309016	0
					33.4186	19.5748	0.430223
				}
			}
			{bone "driver"
				{Matrix34
					0.992546	0	0.121869
					0	1	0
					-0.121869	0	0.992546
					12.4185	6.7951	-6.14915
				}
			}
			{bone "commander"
				{Matrix34
					0.992546	0	0.121869
					0	1	0
					-0.121869	0	0.992546
					12.4185	-6.7951	-6.14915
				}
			}
			{bone "link2"
				{Matrix34
					-0.999974	0	-0.00727641
					-0.00727641	0	0.999974
					0	1	0
					-50.1657	0.0201015	-2.35736
				}
			}
			{bone "doorleft"
				{Matrix34
					0.00253849	-0.999986	-0.00457939
					-0.486328	-0.00523591	0.87376
					-0.873772	0	-0.486335
					-55.406	10.1236	15.5367
				}
				{VolumeView "doorleft.ply"}
			}
			{bone "at1"
				{parameters "ID=body;"}
				{Position 2.22445	-15.2068	20.8425}
				{VolumeView "at1.ply"}
				{bone "at2"
					{parameters "ID=body;"}
					{Position -0.201257	-0.0224495	8.95134}
					{VolumeView "at2.ply"}
					{bone "at3"
						{parameters "ID=body;"}
						{Position -0.439861	-0.0168514	8.94941}
						{VolumeView "at3.ply"}
						{bone "at4"
							{parameters "ID=body;"}
							{Position -0.520019	-0.0112	4.53561}
							{VolumeView "at4.ply"}
						}
					}
				}
			}
			{bone "charger"
				{Position -21.694	-7.9	0}
			}
			{bone "gunner"
				{Position -20.0077	7.7591	0}
			}
			{bone "enumerator"
				{Matrix34
					-1	0	0
					0	-0.573576	0.819152
					0	0.819152	0.573576
					-7.20472	17.4328	15.79
				}
				{VolumeView "enumerator.ply"}
			}
			{bone "engine"
				{parameters "ID=engine;"}
				{animation
					{sequence "repair" {file "engine_r.anm"}}
				}
				{Position 36.1774	0	5.0615}
				{VolumeView "engine.ply"}
				{bone "detail3"
					{Matrix34
						0	-1	0
						-0.300706	0	0.953717
						0.953717	0	0.300706
						19.5687	-0.69428	1.73985
					}
					{VolumeView "detail3.ply"}
				}
			}
			{bone "detail8"
				{Matrix34
					0.994672	0.0573588	0.0856597
					-0.0959721	0.818621	0.566259
					-0.037643	-0.571463	0.819764
					2.1181	-18.0554	17.5234
				}
				{VolumeView "detail8.ply"}
			}
			{bone "detail9"
				{Position -40.1548	-17.4453	18.4438}
				{VolumeView "detail9.ply"}
			}
			{bone "detail7"
				{Matrix34
					-0.224951	0.572721	-0.788281
					0	0.809016	0.587786
					0.97437	0.132223	-0.181989
					-46.7853	18.0195	17.4596
				}
				{VolumeView "detail7.ply"}
			}
			{bone "detail6"
				{Matrix34
					-0.160145	0.542126	-0.824896
					-0.986286	-0.121686	0.111505
					-0.0399286	0.83144	0.554178
					-33.6912	16.6331	19.2956
				}
				{VolumeView "detail6.ply"}
			}
			{bone "detail5"
				{Matrix34
					0.930418	0.210216	-0.30022
					0	0.819152	0.573576
					0.366501	-0.533666	0.762153
					-10.431	17.6322	18.1029
				}
				{VolumeView "detail5.ply"}
			}
			{bone "detail4"
				{Matrix34
					1	0	0
					0	0.824126	0.566406
					0	-0.566406	0.824126
					2.58415	17.6782	16.1745
				}
				{VolumeView "detail4.ply"}
			}
		}
		{bone "pivot_back"
			{Position -12.1808	0.0328064	0}
		}
		{bone "wheelsr"
			{parameters "wheelsR;"}
			{Position -8.30503	-12.3863	7.92953}
			{VolumeView "wheelsr.ply"}
			{bone revolute "wheelr8"
				{parameters "ID=trackRight;Radius=0.41;"}
				{Matrix34
					-0.898794	0	0.438371
					0.438371	0	0.898794
					0	1	0
					-16.3125	-3.53672	-0.527445
				}
				{VolumeView "wheelr8.ply"}
			}
			{bone revolute "wheelr7"
				{parameters "ID=trackRight;Radius=0.41;"}
				{Matrix34
					0.857167	0	0.515038
					0.515038	0	-0.857167
					0	1	0
					-9.11946	-4.04887	-0.438038
				}
				{VolumeView "wheelr7.ply"}
			}
			{bone revolute "wheelr6"
				{parameters "ID=trackRight;Radius=0.41;"}
				{Matrix34
					0.898794	0	0.438371
					0.438371	0	-0.898794
					0	1	0
					-2.17987	-3.53672	-0.527441
				}
				{VolumeView "wheelr6.ply"}
			}
			{bone revolute "wheelr5"
				{parameters "ID=trackRight;Radius=0.41;"}
				{Matrix34
					1	0	0
					0	0	-1
					0	1	0
					4.87363	-4.04887	-0.438038
				}
				{VolumeView "wheelr7.ply"}
			}
			{bone revolute "wheelr4"
				{parameters "ID=trackRight;Radius=0.41;"}
				{Matrix34
					0.995396	0	-0.0958457
					-0.0958457	0	-0.995396
					0	1	0
					11.8451	-3.53672	-0.527445
				}
				{VolumeView "wheelr8.ply"}
			}
			{bone revolute "wheelr3"
				{parameters "ID=trackRight;Radius=0.41;"}
				{Matrix34
					0.927184	0	-0.374607
					-0.374607	0	-0.927184
					0	1	0
					19.0381	-4.04887	-0.438038
				}
				{VolumeView "wheelr7.ply"}
			}
			{bone "trackr"
				{parameters "ID=trackright;"}
				{Position 3.08974	-3.58371	0.510248}
				{VolumeView "trackr.ply"}
			}
			{bone "fxtracer2"
				{Matrix34
					-1	0	0
					0	-1	0
					0	0	1
					-10.601	-4.12569	-7.83955
				}
			}
			{bone "fxtracer3"
				{Matrix34
					-0.983255	0	0.182235
					0	-1	0
					0.182235	0	0.983255
					-23.7717	-4.12569	-7.83955
				}
			}
		}
		{bone "wheelsl"
			{parameters "wheelsL;"}
			{Position -8.30504	12.423	7.92952}
			{VolumeView "wheelsl.ply"}
			{bone "trackl"
				{parameters "ID=trackLeft;"}
				{Matrix34
					1	0	0
					0	-1	0
					0	0	1
					3.08974	3.51125	0.510254
				}
				{VolumeView "trackl.ply"}
			}
			{bone revolute "wheell3"
				{parameters "ID=trackleft;Radius=0.41;"}
				{Matrix34
					1	0	0
					0	0	-1
					0	1	0
					19.0381	4.04886	-0.438035
				}
				{VolumeView "wheell3.ply"}
			}
			{bone revolute "wheell4"
				{parameters "ID=trackleft;Radius=0.41;"}
				{Matrix34
					0.793353	0	-0.608761
					-0.608761	0	-0.793353
					0	1	0
					11.8451	3.53672	-0.527436
				}
				{VolumeView "wheell4.ply"}
			}
			{bone revolute "wheell5"
				{parameters "ID=trackleft;Radius=0.41;"}
				{Matrix34
					0.809017	0	0.587785
					0.587785	0	-0.809017
					0	1	0
					4.87676	4.04887	-0.438035
				}
				{VolumeView "wheell3.ply"}
			}
			{bone revolute "wheell6"
				{parameters "ID=trackleft;Radius=0.41;"}
				{Matrix34
					0.898794	0	-0.438371
					-0.438371	0	-0.898794
					0	1	0
					-2.17987	3.53673	-0.527433
				}
				{VolumeView "wheell6.ply"}
			}
			{bone revolute "wheell7"
				{parameters "ID=trackleft;Radius=0.41;"}
				{Matrix34
					1	0	0
					0	0	-1
					0	1	0
					-9.11877	4.04887	-0.438035
				}
				{VolumeView "wheell3.ply"}
			}
			{bone revolute "wheell8"
				{parameters "ID=trackleft;Radius=0.41;"}
				{Matrix34
					0.996917	0	-0.0784591
					-0.0784591	0	-0.996917
					0	1	0
					-16.3118	3.53672	-0.527435
				}
				{VolumeView "wheell4.ply"}
			}
			{bone "fxtracel3"
				{Matrix34
					-0.983255	0	0.182235
					0	-1	0
					0.182235	0	0.983255
					-23.7717	4.00782	-7.83954
				}
			}
			{bone "fxtracel2"
				{Matrix34
					-1	0	0
					0	-1	0
					0	0	1
					-10.601	4.00782	-7.83954
				}
			}
		}
		{bone "emit3"
			{parameters "Group=driver;"}
			{Matrix34
				0	-1	0
				1	0	0
				0	0	1
				-8.21616	38.7186	0
			}
		}
		{bone "emit4"
			{parameters "Group=commander;"}
			{Matrix34
				0	1	0
				-1	0	0
				0	0	1
				-8.21616	-39.1041	0
			}
		}
		{bone "emit5"
			{parameters "Group=driver;"}
			{Matrix34
				0	-1	0
				1	0	0
				0	0	1
				-21.6993	38.7186	0
			}
		}
		{bone "emit6"
			{parameters "Group=commander;"}
			{Matrix34
				0	1	0
				-1	0	0
				0	0	1
				-21.6993	-39.1041	0
			}
		}
		{bone "emit7"
			{parameters "Group=driver;"}
			{Matrix34
				0	-1	0
				1	0	0
				0	0	1
				-35.0453	38.7186	0
			}
		}
		{bone "emit8"
			{parameters "Group=commander;"}
			{Matrix34
				0	1	0
				-1	0	0
				0	0	1
				-35.0453	-39.1041	0
			}
		}
	}
}
{Volume "ammo1"
	{Box 31.2757 4.00012 5.00543}
	{Bone "body"}
	{Position -23.4467	-14.0981	7.66331}
}
{Volume "body1"
	{Polyhedron "body1.vol"}
	{Bone "body"}
	{Position 15.0386	0.00922394	15.9274}
}
{Volume "body2"
	{Polyhedron "body2.vol"}
	{Bone "body"}
	{Position -20.0208	16.8493	15.9274}
}
{Volume "body3"
	{Polyhedron "body3.vol"}
	{Bone "body"}
	{Position -20.0208	-16.8308	15.9274}
}
{Volume "body4"
	{Polyhedron "body4.vol"}
	{Bone "body"}
	{Position -54.9699	0.00920868	15.9274}
}
{Volume "body5"
	{Polyhedron "body5.vol"}
	{Bone "body"}
	{Position -8.15003	0.00924683	1.67551}
}
{Volume "body6"
	{Polyhedron "body6.vol"}
	{Bone "body"}
	{Position -8.21604	0.00922775	7.37423}
}
{Volume "engine1"
	{Polyhedron "engine1.vol"}
	{Bone "engine"}
	{Position -1.32974	0.00366133	5.17516}
}
{Volume "engine2"
	{Polyhedron "engine2.vol"}
	{Bone "engine"}
	{Position 6.66732	0.00366086	-5.39481}
}
{Volume "gun"
	{Cylinder 0.916325 23}
	{Bone "gun"}
	{Matrix34
		0.0273821	-0.999625	0
		-0.941497	-0.0257899	0.336033
		-0.335907	-0.00920115	-0.94185
		-0.303557	-0.113274	-0.883669
	}
}
{Volume "sticky"
	{Box 56.4064 9.93283 26.472}
	{Bone "body"}
	{Matrix34
		-1	0	0
		0	0	1
		0	1	0
		-24.2148	0.0572128	21.6498
	}
}
{Volume "trackleft"
	{Polyhedron "trackleft.vol"}
	{Bone "wheelsl"}
	{Matrix34
		-1	0	0
		0	0	1
		0	1	0
		-3.22098	-2.98306	-0.687985
	}
}
{Volume "trackright"
	{Polyhedron "trackright.vol"}
	{Bone "wheelsr"}
	{Matrix34
		-1	0	0
		0	0	1
		0	1	0
		-3.36346	-10.078	-0.457137
	}
}
{Volume "wheelleft1"
	{Cylinder 8.26066 4.06539}
	{Bone "wheell1"}
	{Matrix34
		-1	0	0
		0	-1	0
		0	0	1
		0	0	-0.389408
	}
}
{Volume "wheelright1"
	{Cylinder 8.26066 4.06539}
	{Bone "wheelr1"}
	{Matrix34
		-1	0	0
		0	-1	0
		0	0	1
		0	0	0.355279
	}
}
