;Model by Jagdpanther
{Skeleton
	{bone "basis"
		{Orientation
			1	0	0
			0	-1	0
			0	0	1
		}
		{bone "body"
			{parameters "id=body;"}
			{Matrix34
				0	-1	0
				1	0	0
				0	0	1
				18.7106	0.0650902	47.2754
			}
			{VolumeView "body.ply"}
			{bone "door"
				{Matrix34
					0.974428	-0.222714	-0.029805
					0.2247	0.965818	0.129251
					0	-0.132643	0.991164
					-21.1031	-53.784	4.27544
				}
				{VolumeView "door.ply"}
			}
			{bone "wingl1"
				{parameters "id=wingleft;"}
				{Position -128.728	27.5877	-7.77692}
				{VolumeView "wingl1.ply"}
				{bone "aileron2"
					{parameters "id=wingleft;"}
					{Matrix34
						0	1	0
						-0.104062	0	0.994571
						0.994571	0	0.104062
						-33.9281	-31.4114	4.03208
					}
					{VolumeView "aileron2.ply"}
				}
				{bone "engine1"
					{parameters "ID=Engine;"}
					{Position 65.2991	23.241	-5.69012}
					{VolumeView "engine1.ply"}
					{bone "static_pro01"
						{Matrix34
							0.944161	0	0.329484
							0.0445262	0.990827	-0.127593
							-0.326462	0.135139	0.9355
							-0.0415459	36.8124	0.020977
						}
						{VolumeView "static_pro01.ply"}
					}
				}
			}
			{bone "wingr1"
				{parameters "id=wingright;"}
				{Position 128.728	38.4701	-7.77692}
				{VolumeView "wingr1.ply"}
				{bone "aileron1"
					{parameters "id=wingright;"}
					{Matrix34
						0	1	0
						-0.0503477	0	0.998732
						0.998732	0	0.0503477
						35.5379	-42.2938	4.03208
					}
					{VolumeView "aileron1.ply"}
				}
				{bone "engine2"
					{parameters "ID=Engine;"}
					{Position -65.2994	8.31011	-5.69012}
					{VolumeView "engine2.ply"}
					{bone "static_pro"
						{Matrix34
							0.903519	-0.304598	-0.301452
							0.266501	0.950228	-0.161382
							0.335604	0.0654743	0.939725
							-0.0760117	40.8609	0.020977
						}
						{VolumeView "static_pro.ply"}
					}
				}
			}
			{bone "hwostr"
				{parameters "id=hwost;"}
				{Position 0	-140.838	37.9685}
				{VolumeView "hwostr.ply"}
				{bone "rudder"
					{parameters "id=hwost;"}
					{Matrix34
						0.0140774	0.999901	0
						0	0	1
						0.999901	-0.0140774	0
						-0.385078	-31.3222	3.01303
					}
					{VolumeView "rudder.ply"}
				}
			}
			{bone "elevator2"
				{parameters "id=wingleft;"}
				{Position -35.3516	-149.724	15.7748}
				{VolumeView "elevator2.ply"}
				{bone "elevator_l"
					{parameters "id=wingleft;"}
					{Matrix34
						0	1	0
						0.108848	0	0.994058
						0.994058	0	-0.108848
						0.00148392	-22.7204	0.302441
					}
					{VolumeView "elevator_l.ply"}
				}
			}
			{bone "elevator1"
				{parameters "id=wingright;"}
				{Position 35.3517	-149.724	15.7748}
				{VolumeView "elevator1.ply"}
				{bone "elevator_r"
					{parameters "id=wingright;"}
					{Matrix34
						0	1	0
						-0.176564	0	0.984289
						0.984289	0	0.176564
						-0.00457382	-22.7204	0.302315
					}
					{VolumeView "elevator_r.ply"}
				}
			}
			{bone "pivot_front"
				{Position 0.066256	42.6185	-32.5487}
				{bone "retract_wheell"
					{parameters "id=retract_wheelL;"}
					{Position -63.2184	-12.7993	13.2392}
					{VolumeView "retract_wheell.ply"}
					{bone revolute "wheell"
						{parameters "id=retract_wheelL;Radius=0.5;support;"}
						{Matrix34
							0	-1	0
							0	0	1
							-1	0	0
							-0.0528984	12.7952	-20.5956
						}
						{VolumeView "wheell.ply"}
					}
				}
				{bone "retract_wheelr"
					{parameters "ID=retract_wheelR;"}
					{Position 63.6235	-12.7992	13.2392}
					{VolumeView "retract_wheelr.ply"}
					{bone revolute "wheelr"
						{parameters "id=retract_wheelR;Radius=0.5;support;"}
						{Matrix34
							0	-1	0
							0	0	1
							-1	0	0
							0.0202713	12.7952	-20.5956
						}
						{VolumeView "wheelr.ply"}
					}
				}
			}
			{bone "plane01"
				{Matrix34
					0.173648	-0.984808	0
					0	0	1
					-0.984808	-0.173648	0
					-14.3626	-106.382	6.02383
				}
				{VolumeView "plane01.ply"}
			}
			{bone "antenna"
				{parameters "Id=Body;"}
				{Matrix34
					1	0	0
					0	0.125569	0.992085
					0	-0.992085	0.125569
					0.0650925	-12.3036	39.4081
				}
				{VolumeView "antenna.ply"}
			}
			{bone "pivot_back"
				{Position 0.0662776	-138.544	-2.99736}
				{bone "retract_wheelback"
					{parameters "id=retract_wheelBack;"}
					{Position -0.0662779	3.60373	-1.39697}
					{VolumeView "retract_wheelback.ply"}
					{bone revolute "wheelback"
						{parameters "id=retract_wheelBack;Radius=0.4;support;"}
						{Matrix34
							0	-1	0
							0	0	1
							-1	0	0
							0.065112	-3.59615	-2.9067
						}
						{VolumeView "wheelback.ply"}
					}
				}
			}
			{bone "detail1"
				{parameters "Id=Body;"}
				{Matrix34
					0.173648	-0.984808	0
					0	0	1
					-0.984808	-0.173648	0
					15.7989	149.471	-2.27256
				}
				{VolumeView "detail1.ply"}
			}
			{bone "glass"
				{parameters "ID=Body;"}
				{Matrix34
					0	1	0
					-1	0	0
					0	0	1
					-4.08263	118.808	11.192
				}
				{VolumeView "glass.ply"}
			}
		}
	}
}
