;Exported by: Пупс
;Date:        Sat Mar 26 14:17:09 2011
;File:        C:\Users\Пупс\Документы\3dsmax\scenes\mg34_zenit.max
{Skeleton
	{animation
		{sequence "close" {speed 0.7}}
	}
	{bone "basis"
		{Orientation
			1	0	0
			0	-1	0
			0	0	1
		}
		{bone "emit1"
			{Position -40.2019	-0.015311	0}
		}
		{bone "emit2"
			{Position -50.3258	5.29555	0}
		}
		{bone "driver1"
			{Position 15.1524	3.46994	0}
		}
		{bone "driver2"
			{Position -3.46292	-3.45047	0}
		}
		{bone "body"
			{Position -0.0939707	-0.00140638	25.3688}
			{VolumeView "body.ply"}
			{bone "stan1"
				{Matrix34
					0.00109084	-0.999999	0
					0.913226	0.000996184	0.407452
					-0.407452	-0.000444465	0.913227
					0.678697	-0.00309563	-0.972109
				}
				{VolumeView "stan1.ply"}
				{bone "stan1a"
					{Position 0.00459336	-0.0481176	-12.7669}
					{VolumeView "stan1a.ply"}
				}
			}
			{bone revolute "turret"
				{speed 0.03}
				{Matrix34
					0.99999	0	-0.00446273
					5.87905e-005	0.999913	0.0131735
					0.00446235	-0.0131737	0.999903
					0.0312817	0.053544	1.64693
				}
				{VolumeView "turret.ply"}
				{bone revolute "gun_rot"
					{limits -10 25}
					{speed 0.03}
					{Matrix34
						0.99999	5.87907e-005	0.00446223
						-0.00446261	0.0124948	0.999912
						0	-0.999922	0.0124949
						-1.13735	-0.0352591	1.21643
					}
					{bone "prizel"
						{Matrix34
							0	-0.000678854	1
							0	1	0.000678852
							-1	0	0
							6.63009	0.0503712	-0.00289098
						}
						;{VolumeView "prizel.ply"}
					}
					{bone "foresight3"
						{Matrix34
							1	0	0
							0	1	-0.00067854
							0	0.000678538	1
							14.2426	0.0916748	0.000982285
						}
					}
					{bone "mgun"
						{Matrix34
							1	0	0
							0	1	-0.00067854
							0	0.000678538	1
							-2.85447	-0.10	-0.0
						}
					}
					{bone "fxshell"
						{Matrix34
							0.0144887	0.000678762	0.999895
							0.999895	0	-0.0144887
							0	1	-0.000678798
							-2.34144	0.0459347	1.25047
						}
					}
					{bone "visor"
						{Matrix34
							1	0	0
							0	1	-0.00067854
							0	0.000678538	1
							6.40315	1.94183	-0.00046158
						}
					}
				}
				{bone "gunner"
					{Position -14.5659	0.0	-26.6633}
				}
				{bone "commander"
					{Position -19.9832	14.8158	-27.1242}
				}
				{bone "visor2"
					{Matrix34
						1	0	0
						0	0	1
						0	-1	0
						9.96964	14.9764	7.62091
					}
				}
			}
			{bone "stan2"
				{Matrix34
					-0.861185	0.508292	0
					-0.464186	-0.786457	0.407452
					0.207105	0.350892	0.913227
					-0.345765	-0.586747	-0.972109
				}
				{VolumeView "stan2.ply"}
				{bone "stan2a"
					{Position 0.00459319	-0.0481167	-12.7669}
					{VolumeView "stan2a.ply"}
				}
			}
			{bone "stan3"
				{Matrix34
					0.867136	0.498072	0
					-0.454853	0.791891	0.407452
					0.202941	-0.353316	0.913227
					-0.337685	0.59165	-0.972109
				}
				{VolumeView "stan3.ply"}
				{bone "stan3a"
					{Position 0.00459319	-0.0481176	-12.7669}
					{VolumeView "stan3a.ply"}
				}
			}
		}
	}
}
{Volume "body"
	{Box 1.0944 3.22287 1.12838}
	{Bone "basis"}
	{Matrix34
		1	0	0
		0	0	1
		0	-1	0
		-0.079404	0.0159014	25.6936
	}
}
{Volume "stan1"
	{Polyhedron "stan1.vol"}
	{Bone "basis"}
	{Matrix34
		1	0	0
		0	0	1
		0	-1	0
		6.33177	0.487374	11.8532
	}
}
{Volume "stan2"
	{Polyhedron "stan2.vol"}
	{Bone "basis"}
	{Matrix34
		0.506962	0.861968	0
		0	0	1
		0.861968	-0.506962	0
		-2.46015	-3.22519	11.7971
	}
}
{Volume "stan3"
	{Polyhedron "stan3.vol"}
	{Bone "basis"}
	{Matrix34
		0.506962	-0.861968	0
		0	0	1
		0.861968	0.506962	0
		-2.46015	3.16138	11.7971
	}
}
