;Exported by: Normand
;Date:        Sat Dec 30 18:42:53 2017
;File:        C:\Documents\Normand\renault.max
{Skeleton
	{animation
		{sequence "stop" {speed 0.3}}
		{sequence "start" {speed 0.3}}
		{sequence "doorright" {speed 0.38}}
		{sequence "doorleft" {speed 0.38}}
	}
	{bone "basis"
		{parameters "SteerMax=30;WheelRadius=0.5;"}
		{Orientation
			1	0	0
			0	-1	0
			0	0	1
		}
		{bone "body"
			{parameters "ID=body;"}
			{animation
				{sequence "repair" {file "body_r.anm"} {speed 0.8}}
			}
			{Matrix34
				0.999996	0.00266802	0
				-0.00266802	0.999996	0
				0	0	1
				-0.421081	-0.363898	11.3276
			}
			{VolumeView "body.ply"}
			{bone "engine"
				{Matrix34
					0.999996	-0.0026679	0
					0.0026679	0.999996	0
					0	0	1
					33.9602	0.00461772	-11.1879
				}
			}
			{bone "body_back"
				{parameters "ID=body;"}
				{Position -13.997	0.0603616	7.17886}
				{VolumeView "body_back.ply"}
				{bone "shield"
					{parameters "CommonMesh;ID=shield;"}
					{animation
						{sequence "repair" {file "shield_r.anm"} {speed 0.8}}
					}
					{Position 0	0	17.5434}
					{VolumeView "shield.ply"}
				}
				{bone "fender_br"
					{parameters "ID=body;"}
					{Position -14.0637	-15.4095	-5.00449}
					{VolumeView "fender_br.ply"}
				}
				{bone "fendor_bl"
					{parameters "ID=body;"}
					{Position -14.0637	15.4095	-5.00449}
					{VolumeView "fendor_bl.ply"}
				}
				{bone "seats"
					{Matrix34
						0.999996	-0.0026679	0
						0.0026679	0.999996	0
						0	0	1
						0.338562	0.195351	4.65989
					}
					{VolumeView "seats.ply"}
					{bone "seat01"
						{Matrix34
							-0.0233323	-0.973859	0.22595
							0.999719	-0.0217691	0.00940819
							-0.00424354	0.226106	0.974093
							24.4888	7.21546	-6
						}
					}
					{bone "seat02"
						{Matrix34
							0.00756316	0.963923	0.266073
							-0.999952	0.00895952	-0.00403384
							-0.00627214	-0.26603	0.963944
							24.2795	-7.3152	-6
						}
					}
					{bone "seat03"
						{Matrix34
							-0.00946684	-0.999927	-0.00749487
							0.999946	-0.00949839	0.00417269
							-0.00424364	-0.00745494	0.999963
							13.0189	8.21546	-6
						}
					}
					{bone "seat04"
						{Matrix34
							-0.00478495	0.999959	0.00769321
							-0.99998	-0.0047521	-0.00428095
							-0.00424414	-0.00771355	0.999961
							12.6513	-8.3152	-6
						}
					}
					{bone "seat05"
						{Matrix34
							-0.00512659	0.999957	0.00769798
							-0.999978	-0.0050937	-0.00428337
							-0.00424379	-0.00771977	0.999961
							0.90992	-8.25874	-6
						}
					}
					{bone "seat06"
						{Matrix34
							-0.00766932	-0.999942	-0.00752
							0.999962	-0.00770095	0.00418601
							-0.00424371	-0.00748759	0.999963
							1.46725	8.09153	-6
						}
					}
					{bone "seat07"
						{Matrix34
							-0.00738367	-0.999944	-0.007524
							0.999964	-0.00741542	0.00418841
							-0.00424398	-0.00749278	0.999963
							-9.72144	8.41669	-6
						}
					}
					{bone "seat08"
						{Matrix34
							-0.00531367	0.999956	0.00770132
							-0.999977	-0.00528068	-0.00428473
							-0.00424387	-0.00772391	0.999961
							-9.38638	-8.20599	-6
						}
					}
					{bone "seat09"
						{Matrix34
							-0.00662366	-0.99995	-0.0075346
							0.999969	-0.00665541	0.00419413
							-0.00424406	-0.00750659	0.999963
							-22.3861	8.32092	-6
						}
					}
					{bone "seat10"
						{Matrix34
							-0.004877	0.999959	0.00769464
							-0.999979	-0.00484409	-0.00428144
							-0.00424389	-0.00771537	0.999961
							-22.6047	-8.1575	-6
						}
					}
				}
			}
			{bone "cabin"
				{parameters "ID=cabin;"}
				{animation
					{sequence "repair" {file "cabin_r.anm"} {speed 0.8}}
				}
				{Position 40.1453	0.0603631	12.7994}
				{VolumeView "cabin.ply"}
				{bone "doorr"
					{parameters "ID=cabin;"}
					{Position -8.83768	-19.4539	-1.34012}
					{VolumeView "doorr.ply"}
					{bone "glass_dr"
						{parameters "ID=glass;"}
						{Matrix34
							0	1	0
							-1	0	0
							0	0	1
							8.38246	1.45415	9.01554
						}
						{VolumeView "glass_dr.ply"}
					}
				}
				{bone "doorl"
					{parameters "ID=cabin;"}
					{Position -8.7926	19.4462	-1.34012}
					{VolumeView "doorl.ply"}
					{bone "glass_dl"
						{parameters "ID=glass;"}
						{Matrix34
							0	1	0
							-1	0	0
							0	0	1
							8.33737	-1.44659	9.01554
						}
						{VolumeView "glass_dl.ply"}
					}
				}
				{bone revolute "steer_wheel"
					{parameters "ID=cabin;"}
					{Matrix34
						0.595334	0	0.803479
						0	1	0
						-0.803478	0	0.595334
						3.94697	10.4726	3.03014
					}
					{VolumeView "steer_wheel.ply"}
				}
				{bone "glass_4"
					{parameters "ID=glass;"}
					{Position -12.111	-19.0975	7.65587}
					{VolumeView "glass_4.ply"}
				}
				{bone "glass_1"
					{parameters "ID=glass;"}
					{Position 7.484	8.53189	8.34495}
					{VolumeView "glass_1.ply"}
				}
				{bone "glass_2"
					{parameters "ID=glass;"}
					{Position 7.484	-8.532	8.34495}
					{VolumeView "glass_2.ply"}
				}
				{bone "glass_3"
					{parameters "ID=glass;"}
					{Position -12.111	19.0974	7.65587}
					{VolumeView "glass_3.ply"}
				}
				{bone "headlightl"
					{Matrix34
						0.999996	-0.0026679	0
						0.0026679	0.999996	0
						0	0	1
						16.7257	10.5994	-7.70553
					}
				}
				{bone "headlightr"
					{Matrix34
						0.999996	-0.0026679	0
						0.0026679	0.999996	0
						0	0	1
						16.694	-10.561	-7.70553
					}
				}
				{bone "visor1"
					{Matrix34
						0.999996	-0.0026679	0
						0.0026679	0.999996	0
						0	0	1
						11.5938	10.353	9.79614
					}
				}
				{bone "visor2"
					{Matrix34
						0.999996	-0.0026679	0
						0.0026679	0.999996	0
						0	0	1
						11.5938	-10.353	9.79614
					}
				}
				{bone "driver"
					{Matrix34
						0.979594	-0.00261347	0.200972
						0.0026679	0.999996	0
						-0.200971	0.000536172	0.979597
						0.801029	10.1661	-12.0722
					}
				}
				{bone "commander"
					{Matrix34
						0.979594	-0.00261347	0.200972
						0.0026679	0.999996	0
						-0.200971	0.000536172	0.979597
						0.744953	-10.8536	-12.0722
					}
				}
				{bone "fxlight"
					{Matrix34
						0.999996	-0.0026679	0
						0.0026679	0.999996	0
						0	0	1
						48.9114	-0.0176043	-9.69755
					}
				}
			}
			{bone "fuel"
				{parameters "ID=body;"}
				{Position 11.8823	-15.9955	0.423985}
				{VolumeView "fuel.ply"}
			}
			{bone "fxsmoke1"
				{Matrix34
					-0.993985	0.00265154	0.109485
					-0.00266757	-0.999996	0
					0.109484	-0.000292058	0.993989
					-11.666	17.3964	-3.37907
				}
			}
			{bone "fxfire1"
				{Matrix34
					0.999996	-0.0026679	0
					0.0026679	0.999996	0
					0	0	1
					46.7704	0.107624	7.11058
				}
			}
			{bone "fxstop1"
				{Matrix34
					-0.999996	0.00266757	0
					-0.00266757	-0.999996	0
					0	0	1
					-48.6225	16.5661	1.48795
				}
			}
		}
		{bone "pivot_front"
			{Matrix34
				0.999996	0.00266814	0
				-0.00266814	0.999996	0
				0	0	1
				32.6187	-0.202022	8.28679
			}
			{VolumeView "pivot_front.ply"}
			{bone revolute "steerl"
				{Matrix34
					-0.999996	0.00266838	0
					0.00266838	0.999996	0
					0	0	1
					-0.0963936	14.9192	0.0153542
				}
				{bone "fxtracel1"
					{Matrix34
						-1	0	0
						0	-1	0
						0	0	1
						0.00166702	2.34139	-8.16868
					}
				}
				{bone revolute "wheell1"
					{Matrix34
						1	0	0
						0	0	1
						0	1	0
						-0.00630951	2.68944	0.0153542
					}
					{VolumeView "wheell1.ply"}
				}
			}
			{bone revolute "steerr"
				{Matrix34
					-0.999996	0.00266838	0
					0.00266838	0.999996	0
					0	0	1
					-0.17477	-14.5545	0.0155544
				}
				{bone revolute "wheelr1"
					{Matrix34
						1	0	0
						0	0	1
						0	1	0
						-0.00617218	-3.01298	0.015152
					}
					{VolumeView "wheelr1.ply"}
				}
				{bone "fxtracer1"
					{Matrix34
						-1	0	0
						0	-1	0
						0	0	1
						-0.00181198	-2.6594	-8.17007
					}
				}
			}
		}
		{bone "pivot_back"
			{Matrix34
				0.999996	0.00266814	0
				-0.00266814	0.999996	0
				0	0	1
				-29.5144	-0.406138	8.22632
			}
			{VolumeView "pivot_back.ply"}
			{bone revolute "wheell2"
				{Matrix34
					-0.999996	0.00266805	0
					0	0	1
					0.00266805	0.999996	0
					0.915991	15.4281	0.0834799
				}
				{VolumeView "wheell2.ply"}
			}
			{bone revolute "wheelr2"
				{Matrix34
					-0.999996	0.00266805	0
					0	0	1
					0.00266805	0.999996	0
					0.834681	-14.984	0.0834799
				}
				{VolumeView "wheelr2.ply"}
			}
			{bone "fxtracel2"
				{Matrix34
					-0.999996	0.00266805	0
					-0.00266805	-0.999996	0
					0	0	1
					0.887821	15.4191	-8.03809
				}
			}
			{bone "fxtracer2"
				{Matrix34
					-0.999996	0.00266805	0
					-0.00266805	-0.999996	0
					0	0	1
					0.858847	-14.9857	-8.03809
				}
			}
		}
		{bone "emit1"
			{Matrix34
				0	-1	0
				1	0	0
				0	0	1
				46.3689	30.3661	0.139723
			}
		}
		{bone "emit2"
			{Matrix34
				0	1	0
				-1	0	0
				0	0	1
				47.2223	-29.1458	0.139723
			}
		}
		{bone "emit3"
			{Position -85.7869	12.5064	0}
		}
		{bone "emit4"
			{Position -85.7718	-12.4024	0}
		}
		{bone "link2"
			{Matrix34
				-1	0	0
				0	-1	0
				0	0	1
				-44.4905	-0.132362	12.0344
			}
		}
	}
}
{Volume "body"
	{Box 97.7969 20.7114 1.71574}
	{Bone "body"}
	{Matrix34
		0.999996	-0.0026679	0
		0.0026679	0.999996	0
		0	0	1
		5.31381	-0.133196	1.56679
	}
}
{Volume "bodyback"
	{Box 71.3256 40.0747 11.5}
	{Bone "body_back"}
	{Matrix34
		0.999996	-0.0026679	0
		0.0026679	0.999996	0
		0	0	1
		-0.224872	-0.131966	3.01412
	}
}
{Volume "cabin"
	{Polyhedron "cabin.vol"}
	{Bone "cabin"}
	{Matrix34
		0.999996	-0.0026679	0
		0.0026679	0.999996	0
		0	0	1
		-1.27493	0.0904754	-17.4365
	}
}
{Volume "engine"
	{Box 28 12 10.5}
	{Bone "engine"}
	{Position 4.1831	-0.120202	19.243}
}
{Volume "fuel"
	{Box 19.238 10.6589 5.4}
	{Bone "fuel"}
	{Matrix34
		0.999996	-0.0026679	0
		0.0026679	0.999996	0
		0	0	1
		0.04743	0.814973	-0.703916
	}
}
{Volume "glass_1"
	{Box 16.2 10.6842 0.35}
	{Bone "glass_1"}
	{Matrix34
		-0.00266854	-0.999996	0
		-0.399684	0.00106655	0.916652
		-0.916649	0.00244614	-0.399685
		0.0832502	0.0646475	0.030992
	}
}
{Volume "glass_2"
	{Box 16.2 10.6842 0.35}
	{Bone "glass_2"}
	{Matrix34
		-0.00266854	-0.999996	0
		-0.399684	0.00106655	0.916652
		-0.916649	0.00244614	-0.399685
		0.037325	-0.0422975	0.030992
	}
}
{Volume "glass_3"
	{Box 5.24368 9.90089 0.25}
	{Bone "glass_3"}
	{Matrix34
		0.999996	-0.0026679	0
		0	0	1
		-0.0026679	-0.999996	0
		0.0893214	0.0512376	-0.0160217
	}
}
{Volume "glass_4"
	{Box 5.24368 9.90089 0.25}
	{Bone "glass_4"}
	{Matrix34
		0.999996	-0.0026679	0
		0	0	1
		-0.0026679	-0.999996	0
		-0.0128171	-0.029203	-0.0160885
	}
}
{Volume "glass_dl"
	{Polyhedron "glass_dl.vol"}
	{Bone "glass_dl"}
	{Matrix34
		-0.135212	-0.990817	0
		0	0	1
		-0.990817	0.135212	0
		0.9342	5.14818	-0.0355816
	}
}
{Volume "glass_dr"
	{Polyhedron "glass_dr.vol"}
	{Bone "glass_dr"}
	{Matrix34
		0.128043	-0.991769	0
		0	0	1
		-0.991769	-0.128043	0
		-0.560894	5.409	-0.0356483
	}
}
{Volume "shield"
	{Box 71.6225 40.2133 20}
	{Bone "shield"}
	{Matrix34
		0.999996	-0.0026679	0
		0.0026679	0.999996	0
		0	0	1
		-0.048583	-0.461906	0.645031
	}
}
{Volume "wheelleft1"
	{Cylinder 8.5 4}
	{Bone "wheell1"}
	{Matrix34
		-1	0	0
		0	1	0
		0	0	-1
		0.00985462	-0.0100877	-0.303265
	}
}
{Volume "wheelleft2"
	{Cylinder 8.5 9}
	{Bone "wheell2"}
	{Matrix34
		-1	0	0
		0	1	0
		0	0	-1
		-0.0769306	-0.0255207	-0.0484629
	}
}
{Volume "wheelright1"
	{Cylinder 8.5 4}
	{Bone "wheelr1"}
	{Matrix34
		-1	0	0
		0	1	0
		0	0	-1
		0.0139249	-0.010081	0.307285
	}
}
{Volume "wheelright2"
	{Cylinder 8.5 9}
	{Bone "wheelr2"}
	{Matrix34
		-1	0	0
		0	1	0
		0	0	-1
		-0.0771004	-0.0255208	0.128596
	}
}
