;Exported by: Normand
;Date:        Thu Aug 16 12:28:26 2018
;File:        C:\Users\Normand\mle34.max
{Skeleton
	{animation
		{sequence "recoil" {speed 0.75}}
		{sequence "close" {speed 0.3}}
	}
	{bone revolute "basis"
		{speed 0.01}
		{Orientation
			1	0	0
			0	-1	0
			0	0	1
		}
		{bone "body"
			{parameters "ID=body;"}
			{animation
				{sequence "repair" {file "body_r.anm"} {speed 0.3}}
			}
			{Position -0.554839	-0.16832	6.75137}
			{VolumeView "body.ply"}
			{bone revolute "turret"
				{parameters "ID=turret;"}
				{animation
					{sequence "repair" {file "turret_r.anm"} {speed 0.3}}
				}
				{limits -30 30}
				{Position -1.93393	0.0633014	0.609691}
				{VolumeView "turret.ply"}
				{bone revolute "gun_rot"
					{parameters "ID=gun;"}
					{limits -5 15}
					{speed 0.005}
					{Matrix34
						1	0	0
						0	0	1
						0	-1	0
						0.322282	-0.213265	4.68441
					}
					{VolumeView "gun_rot.ply"}
					{bone "gun"
						{parameters "ID=gun;"}
						{animation
							{sequence "repair" {file "gun_r.anm"} {speed 0.3}}
						}
						{Matrix34
							1	0	0
							0	0	-1
							0	1	0
							11.5645	0.433804	-0.0913825
						}
						{VolumeView "gun.ply"}
						{bone "fx_invers"
							{Matrix34
								-1	0	0
								0	-1	0
								0	0	1
								-20.5059	0.00619218	0.709145
							}
						}
						{bone "visor"
							{Matrix34
								1	0	0
								0	1	0
								0	0	1
								1.28834	0.0364572	1.62898
							}
						}
						{bone "foresight1"
							{Matrix34
								1	0	0
								0	1	0
								0	0	1
								21.575	-0.0234089	0.770981
							}
						}
					}
				}
			}
			{bone "shield"
				{Position 2.54978	0.251083	5.41422}
				{VolumeView "shield.ply"}
				{bone "shield2"
					{Position -1.5164	0.0192566	-9.4549}
					{VolumeView "shield2.ply"}
				}
				{bone "support"
					{Position 1.39582	-0.208389	-6.06136}
					{VolumeView "support.ply"}
				}
			}
			{bone "standr"
				{Position -3.18269	-3.75502	-1.83299}
				{VolumeView "standr.ply"}
				{bone "standr1"
					{Position -5.089	-1.48151	0.210166}
					{VolumeView "standr1.ply"}
				}
			}
			{bone "standl"
				{Position -3.18218	3.7646	-1.7682}
				{VolumeView "standl.ply"}
			}
			{bone "link1"
				{Matrix34
					-0.987968	0	-0.154661
					0	-1	0
					-0.154661	0	0.987968
					-42.2549	-0.0216455	-6.43887
				}
			}
			{bone "visor2"
				{Matrix34
					1	0	0
					0	1	0
					0	0	1
					1.11212	6.34924	13.9782
				}
			}
		}
		{bone "pivot_front"
			{Position -0.550294	-0.168321	6.73602}
			{VolumeView "pivot_front.ply"}
			{bone revolute "wheell"
				{parameters "ID=wheelleft;Radius=0.34;"}
				{Matrix34
					-1	0	0
					0	0	1
					0	-1	0
					-0.0474027	9.63175	-0.0552373
				}
				{VolumeView "wheell.ply"}
			}
			{bone revolute "wheelr"
				{parameters "ID=wheelright;Radius=0.34;"}
				{Matrix34
					-1	0	0
					0	0	1
					0	1	0
					-0.0473707	-9.36648	-0.055203
				}
				{bone "viewwheelr"
					{parameters "ID=wheelright;"}
					{Matrix34
						0	1	0
						1	0	0
						0	0	-1
						0	0	0
					}
					{VolumeView "wheelr.ply"}
				}
			}
			{bone "fxtracel1"
				{Position 0.631013	9.40325	-6.70218}
			}
			{bone "fxtracer1"
				{Position 0.560062	-9.54512	-6.70218}
			}
		}
		{bone "emit2"
			{Position -25.7903	-30.2903	-0.044499}
			{visibility 0}
		}
		{bone "emit1"
			{Position -26.785	26.7821	-0.0445017}
			{visibility 0}
		}
		{bone "commander"
			{Position -32.8597	-12.8752	-0.0445004}
		}
		{bone "gunner"
			{Position -24.7856	8.0829	-0.0444997}
		}
		{bone "driver2"
			{Position -36.9901	7.5889	-0.0445007}
		}
		{bone "driver1"
			{Position -37.5363	-7.6558	-0.0445012}
		}
		{bone "seat1"
			{Matrix34
				0.600489	0.79943	-0.0180303
				-0.799621	0.600449	-0.00814117
				0.00431803	0.0193062	0.999804
				-28.6644	6.36601	0.580511
			}
		}
		{bone "seat2"
			{Matrix34
				0.204541	-0.975	-0.0868241
				0.978531	0.205958	-0.00759608
				0.0252883	-0.0834064	0.996195
				-17.8418	-7.61427	0.790223
			}
		}
	}
}
{Volume "body"
	{Box 4 2 14}
	{Bone "body"}
	{Matrix34
		1	0	0
		0	0	1
		0	-1	0
		-1.43075	0.1243	-0.967303
	}
}
{Volume "gun_rot"
	{Box 14 2 3}
	{Bone "gun_rot"}
	{Matrix34
		1	0	0
		0	0	-1
		0	1	0
		-0.421253	0.73688	-0.0827867
	}
}
{Volume "gun"
	{Cylinder 0.6 42.5}
	{Bone "gun"}
	{Matrix34
		0	-1	0
		0	0	1
		-1	0	0
		0.195324	0.0883299	0.83281
	}
}
{Volume "shield1"
	{Box 5.5 10.5 0.5}
	{Bone "shield"}
	{Matrix34
		0	-1	0
		0	0	1
		-1	0	0
		-0.191924	-7.53009	2.41962
	}
}
{Volume "shield2"
	{Box 16 4 0.5}
	{Bone "shield2"}
	{Matrix34
		0	-1	0
		0	0	1
		-1	0	0
		-0.0115993	-0.0601871	0.0693936
	}
}
{Volume "shield3"
	{Box 16.5 4.5 0.5}
	{Bone "shield"}
	{Matrix34
		0	-1	0
		0.248818	0	0.96855
		-0.96855	0	0.248818
		-0.759826	-0.0751323	-5.02307
	}
}
{Volume "shield"
	{Box 5.5 10.5 0.5}
	{Bone "shield"}
	{Matrix34
		0	-1	0
		0	0	1
		-1	0	0
		-0.191923	7.34926	2.41962
	}
}
{Volume "standl"
	{Box 35 2.5 2}
	{Bone "standl"}
	{Matrix34
		0.875406	-0.46396	0.135665
		0.470826	0.881954	-0.0219203
		-0.10948	0.0830641	0.990512
		-16.0603	9.18557	-2.00078
	}
}
{Volume "standr"
	{Box 35 2.5 2}
	{Bone "standr"}
	{Matrix34
		0.849456	0.509692	0.136527
		-0.517075	0.855634	0.0228723
		-0.105159	-0.0900235	0.990372
		-15.5978	-9.51706	-1.92359
	}
}
{Volume "turret"
	{Polyhedron "turret.vol"}
	{Bone "turret"}
	{Position -0.0335712	-0.0218366	-0.0471058}
}
{Volume "wheelleft"
	{Cylinder 7 2}
	{Bone "wheell"}
	{Matrix34
		-1	0	0
		0	1	0
		0	0	-1
		-0.0217278	-0.0401022	-0.0148525
	}
}
{Volume "wheelright"
	{Cylinder 7 2}
	{Bone "wheelr"}
	{Matrix34
		-1	0	0
		0	1	0
		0	0	-1
		-0.0596041	-0.03244	0.0598822
	}
}
