;Exported by: Normand
;Date:        Sat Jan 06 14:35:38 2024
;File:        C:\Users\Normand\type1_ho-ha.max
{Skeleton
	{animation
		{sequence "start" {speed 0.4}}
		{sequence "stop" {speed 0.4}}
		{sequence "hatch_driver" {speed 0.5}}
		{sequence "open_left" {speed 0.6}}
		{sequence "open_right" {speed 0.6}}
	}
	{bone "basis"
		{Orientation
			1	0	0
			0	-1	0
			0	0	1
		}
		{bone "emit1"
			{Matrix34
				0	-1	0
				1	0	0
				0	0	1
				0.164806	31.1151	0
			}
		}
		{bone "emit2"
			{Matrix34
				0	1	0
				-1	0	0
				0	0	1
				0.155302	-31.7416	0
			}
		}
		{bone "link2"
			{Matrix34
				-1	0	0
				0	-1	0
				0	0	1
				-69.9463	0.618452	14.5723
			}
		}
		{bone "pivot_back"
			{Position -20.5501	0.417339	9.87292}
			{bone "chassis_back"
				{parameters "ID=body;"}
				{Position 20.7742	-0.0152054	7.04827}
				{VolumeView "chassis_back.ply"}
			}
		}
		{bone "wheelsl"
			{Position -20.5501	17.2191	9.87292}
			{bone "fxtracel2"
				{Matrix34
					-1	0	0
					0	-1	0
					0	0	1
					-26.552	-0.557367	-10.2007
				}
			}
			{bone "trackl"
				{parameters "ID=trackLeft;"}
				{Position 0.427696	-0.0788269	-1.15413}
				{VolumeView "trackl.ply"}
			}
			{bone prizmatic "suspensionl3"
				{limits -0.03 0.03}
				{Position 27.2166	-0.0380402	-3.00653}
				{bone revolute "wheell3"
					{parameters "ID=trackLeft;Radius=0.45;"}
					{Matrix34
						-1	0	0
						0	0	1
						0	1	0
						0.015954	0.155594	-0.112727
					}
					{VolumeView "wheell3.ply"}
				}
			}
			{bone prizmatic "suspensionl4"
				{limits -0.03 0.03}
				{Position 9.81718	-0.0380402	-3.00649}
				{bone revolute "wheell4"
					{parameters "ID=trackLeft;Radius=0.45;"}
					{Matrix34
						-1	0	0
						0	0	1
						0	1	0
						-0.00631046	0.155594	-0.0987649
					}
					{VolumeView "wheell4.ply"}
				}
			}
			{bone prizmatic "suspensionl5"
				{limits -0.03 0.03}
				{Position -9.63729	-0.0380402	-3.00652}
				{bone revolute "wheell5"
					{parameters "ID=trackLeft;Radius=0.45;"}
					{Matrix34
						-1	0	0
						0	0	1
						0	1	0
						0.00293732	0.155594	-0.0831079
					}
					{VolumeView "wheell5.ply"}
				}
			}
			{bone prizmatic "suspensionl6"
				{limits -0.03 0.03}
				{Position -26.4549	-0.0380402	-3.00636}
				{bone revolute "wheell6"
					{parameters "ID=trackLeft;Radius=0.45;"}
					{Matrix34
						-1	0	0
						0	0	1
						0	1	0
						0.00656128	0.155594	-0.069756
					}
					{VolumeView "wheell6.ply"}
				}
			}
		}
		{bone "wheelsr"
			{Position -20.5501	-16.169	9.87292}
			{bone "fxtracer2"
				{Matrix34
					-1	0	0
					0	-1	0
					0	0	1
					-26.5517	-0.0165653	-10.2007
				}
			}
			{bone "trackr"
				{parameters "ID=trackRight;"}
				{Position 0.4277	-0.167032	-1.15413}
				{VolumeView "trackr.ply"}
			}
			{bone prizmatic "suspensionr3"
				{limits -0.03 0.03}
				{Position 27.2164	-0.27722	-3.0065}
				{bone revolute "wheelr3"
					{parameters "ID=trackRight;Radius=0.45;"}
					{Matrix34
						-1	0	0
						0	0	1
						0	1	0
						0.016119	-0.160877	-0.112764
					}
					{VolumeView "wheelr3.ply"}
				}
			}
			{bone prizmatic "suspensionr4"
				{limits -0.03 0.03}
				{Position 9.81708	-0.27722	-3.00652}
				{bone revolute "wheelr4"
					{parameters "ID=trackRight;Radius=0.45;"}
					{Matrix34
						-1	0	0
						0	0	1
						0	1	0
						-0.00620937	-0.160877	-0.0987425
					}
					{VolumeView "wheelr4.ply"}
				}
			}
			{bone prizmatic "suspensionr5"
				{limits -0.03 0.03}
				{Position -9.63765	-0.27722	-3.00654}
				{bone revolute "wheelr5"
					{parameters "ID=trackRight;Radius=0.45;"}
					{Matrix34
						-1	0	0
						0	0	1
						0	1	0
						0.0032959	-0.160877	-0.083087
					}
					{VolumeView "wheelr5.ply"}
				}
			}
			{bone prizmatic "suspensionr6"
				{limits -0.03 0.03}
				{Position -26.4552	-0.27722	-3.00638}
				{bone revolute "wheelr6"
					{parameters "ID=trackRight;Radius=0.45;"}
					{Matrix34
						-1	0	0
						0	0	1
						0	1	0
						0.0068512	-0.160877	-0.0697341
					}
					{VolumeView "wheelr6.ply"}
				}
			}
		}
		{bone "pivot_front"
			{Position 45.5658	0.417339	9.87292}
			{bone revolute "steerl"
				{Matrix34
					-1	0	0
					0	1	0
					0	0	1
					0.0691643	14.2574	-0.026269
				}
				{VolumeView "steerl.ply"}
				{bone prizmatic "suspensionl1"
					{limits -0.08 0.06}
					{speed2 0.5}
					{Matrix34
						1   0   0
						0   1   0
						0   0   1
						0.11351	4.60579	-0.0508165
					}
					{bone revolute "wheell1"
						{parameters "ID=wheelleft1;Radius=0.52;"}
						{Matrix34
							1	0	0
							0	0	1
							0	1	0
							0   0   0
						}
						{VolumeView "wheell1.ply"}
					}
				}
				{bone "fxtracel1"
					{Matrix34
						1	0	0
						0	-1	0
						0	0	1
						-0.0499611	1.98695	-10.181
					}
				}
			}
			{bone revolute "steerr"
				{Matrix34
					-1	0	0
					0	1	0
					0	0	1
					0.0691719	-16.4562	-0.026269
				}
				{VolumeView "steerr.ply"}
				{bone "fxtracer1"
					{Matrix34
						1	0	0
						0	-1	0
						0	0	1
						-0.0502815	-0.14666	-10.181
					}
				}
				{bone prizmatic "suspensionr1"
					{limits -0.08 0.06}
					{speed2 0.5}
					{Matrix34
						1   0   0
						0   1   0
						0   0   1
						0.113525	-2.55802	-0.0508175
					}
					{bone revolute "wheelr1"
						{parameters "ID=wheelright1;Radius=0.52;"}
						{Matrix34
							1	0	0
							0	0	1
							0	1	0
							0   0   0
						}
						{VolumeView "wheelr1.ply"}
					}
				}
			}
			{bone "chassis_front"
				{parameters "ID=body;"}
				{Position 10.6348	-0.0197362	1.79698}
				{VolumeView "chassis_front.ply"}
			}
		}
		{bone "body"
			{parameters "ID=body;"}
			{animation
				{sequence "repair" {file "body_r.anm"} {speed 0.4}}
			}
			{Position 0.224184	0.402134	16.9212}
			{VolumeView "body.ply"}
			{bone "engine"
				{parameters "ID=engine;"}
				{animation
					{sequence "repair" {file "engine_r.anm"} {speed 0.4}}
				}
				{Position 46.5444	0.00556192	6.5968}
				{bone "engine_cover"
					{parameters "ID=engine;"}
					{Matrix34
						0.992729	-0.120368	0
						0.120368	0.992729	0
						0	0	1
						-0.985245	7.6022	7.51401
					}
					{VolumeView "engine_cover.ply"}
				}
				{bone "engine_hull"
					{parameters "ID=engine;"}
					{Matrix34
						1	0	0
						0	0	1
						0	-1	0
						-1.31541	-1.3257	6.2952
					}
					{VolumeView "engine_hull.ply"}
				}
			}
			{bone revolute "fxlight"
				{Position 114.503	-1.68172	1.30096}
			}
			{bone "seat01"
				{Matrix34
					0	0.766044	0.642788
					-1	0	0
					0	-0.642788	0.766044
					-7.22145	-0.84303	-0.3
				}
			}
			{bone "seat02"
				{Matrix34
					0	0.766044	0.642788
					-1	0	0
					0	-0.642788	0.766044
					-16.4731	-0.84316	-0.3
				}
			}
			{bone "seat03"
				{Matrix34
					0	0.766044	0.642788
					-1	0	0
					0	-0.642788	0.766044
					-38.2634	-0.84316	-0.3
				}
			}
			{bone "seat04"
				{Matrix34
					0	0.766044	0.642788
					-1	0	0
					0	-0.642788	0.766044
					-29.0116	-0.843	-0.3
				}
			}
			{bone "seat05"
				{Matrix34
					0	0.766044	0.642788
					-1	0	0
					0	-0.642788	0.766044
					-59.8179	-0.84316	-0.3
				}
			}
			{bone "seat06"
				{Matrix34
					0	0.766044	0.642788
					-1	0	0
					0	-0.642788	0.766044
					-50.5662	-0.84316	-0.3
				}
			}
			{bone "seat07"
				{Matrix34
					0	-0.766044	0.642788
					1	0	0
					0	0.642788	0.766044
					-18.7171	0.56245	-0.3
				}
			}
			{bone "seat08"
				{Matrix34
					0	-0.766044	0.642788
					1	0	0
					0	0.642788	0.766044
					-40.5074	0.56253	-0.3
				}
			}
			{bone "seat09"
				{Matrix34
					0	-0.766044	0.642788
					1	0	0
					0	0.642788	0.766044
					-31.2556	0.56261	-0.3
				}
			}
			{bone "seat10"
				{Matrix34
					0	-0.766044	0.642788
					1	0	0
					0	0.642788	0.766044
					-61.2619	0.56253	-0.3
				}
			}
			{bone "seat11"
				{Matrix34
					0	-0.766044	0.642788
					1	0	0
					0	0.642788	0.766044
					-52.0102	0.56253	-0.3
				}
			}
			{bone "seat12"
				{Matrix34
					0	-0.766044	0.642788
					1	0	0
					0	0.642788	0.766044
					-9.4655	0.56261	-0.3
				}
			}
			{bone "driver"
				{Matrix34
					0.967925	0	0.251239
					0	1	0
					-0.251239	0	0.967925
					24.127	10.3668	0.7127
				}
			}
			{bone "commander"
				{Matrix34
					0	0.766044	0.642788
					-1	0	0
					0	-0.642788	0.766044
					16.9626	1.2	2.8
				}
			}
			{bone "headlightl"
				{Position 59.2488	-1.81626	12.9258}
			}
			{bone "fxfire1"
				{Position 42.9528	0.0150866	11.3039}
			}
			{bone "fxstop1"
				{Matrix34
					-1	0	0
					0	-1	0
					0	0	1
					-68.1948	7.68048	-1.31498
				}
			}
			{bone "visor2"
				{Position 26.025	9.10927	23.4202}
			}
			{bone revolute "mgun_turret"
				{limits -15 15}
				{Position 22.3094	-1.93496	22.2406}
				{bone revolute "mgun"
					{limits -15 15}
					{Matrix34
						1	0	0
						0	0	1
						0	-1	0
						-6	0	-1
					}
					{bone "visor1"
						{Matrix34
							1	0	0
							0	0	-1
							0	1	0
							43.9835	2.17565	0.0280466
						}
					}
				}
				{bone "gunner"
					{Position -17	0.2	-20.0}
				}
			}
			{bone "rear_door_left"
				{parameters "ID=body;"}
				{Matrix34
					0	1	0
					0	0	1
					1	0	0
					-69.1484	13.8504	10.2494
				}
				{VolumeView "rear_door_left.ply"}
			}
			{bone "rear_door_right"
				{parameters "ID=body;"}
				{Matrix34
					0	1	0
					0	0	1
					1	0	0
					-69.1484	-13.8504	10.2494
				}
				{VolumeView "rear_door_right.ply"}
			}
			{bone "upper_left_door_"
				{parameters "ID=body;"}
				{Matrix34
					0	0.867679	0.497126
					0	-0.497126	0.867679
					1	0	0
					10.1177	19.364	15.8358
				}
				{VolumeView "upper_left_door_.ply"}
			}
			{bone "left_door"
				{parameters "ID=body;"}
				{Matrix34
					0	0.898641	-0.438685
					0	0.438685	0.898641
					1	0	0
					10.1177	18.7513	7.38785
				}
				{VolumeView "left_door.ply"}
			}
			{bone "upper_right_door_"
				{parameters "ID=body;"}
				{Matrix34
					0	0.867679	-0.497126
					0	0.497126	0.867679
					1	0	0
					10.1177	-19.364	15.8358
				}
				{VolumeView "upper_right_door_.ply"}
			}
			{bone "right_door_"
				{parameters "ID=body;"}
				{Matrix34
					0	0.898641	0.438685
					0	-0.438685	0.898641
					1	0	0
					10.1177	-18.7513	7.38785
				}
				{VolumeView "right_door_.ply"}
			}
			{bone "hatch_left"
				{parameters "ID=body;"}
				{Matrix34
					0	1	0
					0	0	1
					1	0	0
					17.0043	13.972	25.1801
				}
				{VolumeView "hatch_left.ply"}
			}
			{bone "hatch_front_left"
				{parameters "ID=body;"}
				{Matrix34
					0	1	0
					0	0	1
					1	0	0
					23.2328	8.93355	24.7172
				}
				{VolumeView "hatch_front_left.ply"}
			}
			{bone "hatch_front_right"
				{parameters "ID=body;"}
				{Matrix34
					0	1	0
					0	0	1
					1	0	0
					23.2328	-9.98183	24.7172
				}
				{VolumeView "hatch_front_right.ply"}
			}
			{bone "mg_hatch"
				{parameters "ID=body;"}
				{Matrix34
					0	1	0
					-0.489991	0	0.871727
					0.871727	0	0.489991
					22.0742	-1.93455	26.6341
				}
				{VolumeView "mg_hatch.ply"}
			}
			{bone "hatch_right"
				{parameters "ID=body;"}
				{Matrix34
					0	1	0
					0	0	1
					1	0	0
					17.0043	-13.972	25.1801
				}
				{VolumeView "hatch_right.ply"}
			}
			{bone "seats"
				{parameters "ID=body;"}
				{Matrix34
					0	1	0
					0	0	1
					1	0	0
					-14.8151	-9.7257	8.69331
				}
				{VolumeView "seats.ply"}
			}
			{bone "seat_driver"
				{parameters "ID=body;"}
				{Matrix34
					1	0	0
					0	0	1
					0	-1	0
					15.605	8.03095	12.6278
				}
				{VolumeView "seat_driver.ply"}
			}
			{bone "seat_commander"
				{parameters "ID=body;"}
				{Matrix34
					0	1	0
					0	0	1
					1	0	0
					19.446	-12.8624	10.0236
				}
				{VolumeView "seat_commander.ply"}
			}
			{bone revolute "wheelr2"
				{parameters "ID=trackRight;Radius=0.45;"}
				{Matrix34
					-1	0	0
					0	0	1
					0	1	0
					20.1025	-16.9324	-6.20721
				}
				{VolumeView "wheelr2.ply"}
			}
			{bone revolute "wheelr7"
				{parameters "ID=trackRight;Radius=0.55;"}
				{Matrix34
					-1	0	0
					0	0	1
					0	1	0
					-60.8328	-17.0817	-5.25546
				}
				{VolumeView "wheelr7.ply"}
			}
			{bone revolute "wheelr8"
				{parameters "ID=trackLeft;Radius=0.25;"}
				{Matrix34
					-1	0	0
					0	0	1
					0	1	0
					-20.5561	-17.3294	-2.96796
				}
				{VolumeView "wheelr8.ply"}
			}
			{bone revolute "wheell2"
				{parameters "ID=trackLeft;Radius=0.45;"}
				{Matrix34
					-1	0	0
					0	0	1
					0	1	0
					20.1025	16.8575	-6.20725
				}
				{VolumeView "wheell2.ply"}
			}
			{bone revolute "wheell7"
				{parameters "ID=trackLeft;Radius=0.55;"}
				{Matrix34
					-1	0	0
					0	0	1
					0	1	0
					-60.8328	17.0066	-5.25538
				}
				{VolumeView "wheell7.ply"}
			}
			{bone revolute "wheell8"
				{parameters "ID=trackLeft;Radius=0.25;"}
				{Matrix34
					-1	0	0
					0	0	1
					0	1	0
					-20.5561	17.2546	-2.96796
				}
				{VolumeView "wheell8.ply"}
			}
		}
	}
}
{Volume "body1"
	{Polyhedron "body1.vol"}
	{Bone "body"}
	{Position -5.26581	-0.0514174	-4.8391}
}
{Volume "body2"
	{Polyhedron "body2.vol"}
	{Bone "body"}
	{Position 20.638	0.0190497	19.943}
}
{Volume "body3"
	{Polyhedron "body3.vol"}
	{Bone "body"}
	{Position -5.26581	-0.0514174	-4.8391}
}
{Volume "body4"
	{Polyhedron "body4.vol"}
	{Bone "body"}
	{Position -5.26581	-0.0514174	-4.8391}
}
{Volume "body5"
	{Box 27.0339 17.4788 0.75}
	{Bone "body"}
	{Matrix34
		0	-1	0
		0	0	1
		-1	0	0
		-68.6687	0.158113	11.5098
	}
}
{Volume "body6"
	{Box 103.398 31.1152 1}
	{Bone "body"}
	{Position -17.2197	-0.824973	2.92076}
}
{Volume "body7"
	{Polyhedron "body7.vol"}
	{Bone "body"}
	{Position 35.7071	0.295104	2.6687}
}
{Volume "engine"
	{Polyhedron "engine.vol"}
	{Bone "engine"}
	{Position -0.910892	-1.20579	-3.55682}
}
{Volume "sticky"
	{Box 78.9724 26 18}
	{Bone "body"}
	{Position -28.7223	0.0164194	12.3092}
}
{Volume "trackleft"
	{Polyhedron "trackleft.vol"}
	{Bone "wheelsl"}
	{Position 0.168316	0.421024	-9.87292}
}
{Volume "trackright"
	{Polyhedron "trackright.vol"}
	{Bone "wheelsr"}
	{Position 0.168316	0.337247	-9.87292}
}
{Volume "wheelleft1"
	{Polyhedron "wheelleft1.vol"}
	{Bone "wheell1"}
	{Matrix34
		-1	0	0
		0	1	0
		0	0	-1
		0.00479126	0.215178	-3.99213
	}
}
{Volume "wheelright1"
	{Polyhedron "wheelright1.vol"}
	{Bone "wheelr1"}
	{Matrix34
		-1	0	0
		0	1	0
		0	0	-1
		0.0235939	0.263566	4.20742
	}
}
