;Exported by: dpostnikov
;Date:        Fri May 03 23:06:09 2019
;File:        C:\Users\dpostnikov\Documents\3dsmax\scenes\citroen_xx.max
{Skeleton
	{bone "basis"
		{parameters "SteerMax=30;WheelRadius=0.20;"}
		{Orientation
			1	0	0
			0	-1	0
			0	0	1
		}
		{bone "pivot_back"
			{Position -23.9896	0.0824012	4.76283}
			{VolumeView "pivot_back.ply"}
			{bone revolute "wheelr2"
				{Matrix34
					-0.999848	0.0174523	0
					0.000304585	0.0174498	0.999848
					0.0174496	0.999695	-0.0174525
					0.378452	-16.5291	0.0435009
				}
				{VolumeView "wheelr2.ply"}
			}
			{bone revolute "wheell2"
				{Matrix34
					-0.999848	0.0174523	0
					0.000304585	0.0174498	0.999848
					0.0174496	0.999695	-0.0174525
					-0.0600319	16.2603	0.0182724
				}
				{VolumeView "wheell2.ply"}
			}
		}
		{bone "body"
			{parameters "ID=body;"}
			{Position 3.39361	0.0467366	12.564}
			{VolumeView "body.ply"}
			{bone "doorl2"
				{Position -6.56429	14.7934	0.324814}
				{VolumeView "doorl2.ply"}
			}
			{bone "doorr2"
				{Matrix34
					0.258353	0.965855	-0.0194566
					-0.962127	0.259065	0.0848365
					0.0869803	-0.00319804	0.996205
					-6.59039	-15.0909	-0.110134
				}
				{VolumeView "doorr2.ply"}
			}
			{bone "doorr1"
				{Matrix34
					0.160603	-0.986886	0.0161912
					0.981283	0.161414	0.105021
					-0.106257	-0.000978453	0.994338
					-6.58343	-15.0758	-0.0166759
				}
				{VolumeView "doorr1.ply"}
			}
			{bone "doorl1"
				{Matrix34
					0.152761	0.988191	0.0119028
					-0.982236	0.153147	-0.108435
					-0.108977	0.00487329	0.994032
					-6.56429	14.7934	0.324865
				}
				{VolumeView "doorl1.ply"}
			}
		}
		{bone "pivot_front"
			{Position 34.7467	-0.223828	4.64973}
			{VolumeView "pivot_front.ply"}
			{bone revolute "steer_l"
				{Matrix34
					-1	0	0
					0	1	0
					0	0	1
					-0.185318	13.5667	1.28905
				}
				{bone revolute "wheell1"
					{Matrix34
						0.999848	0.0174541	0
						-0.000304644	0.0174514	0.999848
						-0.0174514	0.999695	-0.0174541
						-0.101784	1.78797	-1.15594
					}
					{VolumeView "wheell1.ply"}
				}
			}
			{bone revolute "steer_r"
				{Matrix34
					-1	0	0
					0	1	0
					0	0	1
					-0.163704	-13.3773	1.28905
				}
				{bone revolute "wheelr1"
					{Matrix34
						0.999848	0.0174537	0
						-0.000304637	0.0174514	0.999848
						-0.017451	0.999695	-0.0174541
						-0.0801888	-1.85988	-1.15682
					}
					{VolumeView "wheelr1.ply"}
				}
			}
		}
	}
}
{Volume "body"
	{Box 65.8481 18 4}
	{Bone "body"}
	{Position 0.640476	0.28875	-7.53385}
}
{Volume "cabin"
	{Polyhedron "cabin.vol"}
	{Bone "body"}
	{Position -12.8647	0.137109	-10.9073}
}
{Volume "engine"
	{Polyhedron "engine.vol"}
	{Bone "body"}
	{Position 24.0601	0.225193	-9.64661}
}
{Volume "wheelleft1"
	{Cylinder 4.0 3.4}
	{Bone "wheell1"}
	{Matrix34
		-1	0	0
		0	1	0
		0	0	1
		-0.0012218	-0.0139193	0.35888
	}
}
{Volume "wheelleft2"
	{Cylinder 4.0 3.4}
	{Bone "wheell2"}
	{Matrix34
		-1	0	0
		0	1	0
		0	0	1
		0.0549439	-0.0139207	0.358884
	}
}
{Volume "wheelright1"
	{Cylinder 4.0 3.4}
	{Bone "wheelr1"}
	{Matrix34
		-1	0	0
		0	1	0
		0	0	1
		0.00287166	0.00983374	-0.239734
	}
}
{Volume "wheelright2"
	{Cylinder 4.0 3.4}
	{Bone "wheelr2"}
	{Matrix34
		-1	0	0
		0	1	0
		0	0	1
		0.0463459	0.00983421	-0.239732
	}
}