;Exported by: Normand
;Date:        Mon Mar 09 11:35:36 2020
;File:        C:\Users\Normand\pz2.max
{Skeleton
	{animation
		{sequence "start" {speed 0.7}}
		{sequence "stop" {speed 0.7}}
		{sequence "fire" {speed 0.7}}
		{sequence "hit" {speed 0.5}}
		{sequence "open" {speed 0.5}}
	}
	{bone revolute "basis"
		{parameters "WheelRadius=0.45;"}
		{limits -0 0}
		{Orientation
			1	0	0
			0	-1	0
			0	0	1
		}
		{Extension "/properties/damage_components.ext"}
		{bone "emit1"
			{Matrix34
				0	-1	0
				1	0	0
				0	0	1
				-25.7514	33.4724	0
			}
			{visibility 0}
		}
		{bone "emit2"
			{Matrix34
				0	1	0
				-1	0	0
				0	0	1
				-25.2919	-36.5814	0
			}
			{visibility 0}
		}
		{bone "wheelsl"
			{parameters "wheelsL;"}
			{Position 1.12638	-0.250788	17.2692}
			{VolumeView "wheelsl.ply"}
			{bone revolute "wheell2"
				{parameters "ID=trackleft;Radius=0.24;"}
				{Matrix34
					1	0	0
					0	0	-1
					0	1	0
					26.3303	18.9666	-11.2175
				}
				{VolumeView "wheell2.ply"}
			}
			{bone revolute "wheell3"
				{parameters "ID=trackleft;Radius=0.24;"}
				{Matrix34
					1	0	0
					0	0	-1
					0	1	0
					14.3988	18.9666	-11.2175
				}
				{VolumeView "wheell2.ply"}
			}
			{bone revolute "wheell4"
				{parameters "ID=trackleft;Radius=0.24;"}
				{Matrix34
					1	0	0
					0	0	-1
					0	1	0
					2.58477	18.8372	-11.2277
				}
				{VolumeView "wheell2.ply"}
			}
			{bone revolute "wheell5"
				{parameters "ID=trackleft;Radius=0.24;"}
				{Matrix34
					1	0	0
					0	0	-1
					0	1	0
					-9.21256	18.9666	-11.2175
				}
				{VolumeView "wheell2.ply"}
			}
			{bone revolute "wheell6"
				{parameters "ID=trackleft;Radius=0.24;"}
				{Matrix34
					1	0	0
					0	0	-1
					0	1	0
					-20.9611	18.9666	-11.2175
				}
				{VolumeView "wheell2.ply"}
			}
			{bone "fxtracel1"
				{Matrix34
					-1	0	0
					0	0	1
					0	1	0
					17.4237	18.4834	-17.5906
				}
			}
			{bone "fxtracel2"
				{Matrix34
					-1	0	0
					0	0	1
					0	1	0
					-14.7966	18.4834	-17.3896
				}
			}
			{bone "fxtracel3"
				{Matrix34
					-0.975452	0.145782	0.165048
					0.163235	-0.0243954	0.986286
					0.147809	0.989016	0
					-23.508	18.4834	-17.2893
				}
			}
			{bone "trackl"
				{parameters "ID=trackLeft;"}
				{Matrix34
					-1	0	0
					0	0	1
					0	1	0
					3.83576	18.6979	-3.69708
				}
				{VolumeView "trackl.ply"}
			}
		}
		{bone "wheelsr"
			{parameters "wheelsR;"}
			{Position 1.12638	-0.250788	17.2692}
			{VolumeView "wheelsr.ply"}
			{bone revolute "wheelr6"
				{parameters "ID=trackRight;Radius=0.24;"}
				{Matrix34
					1	0	0
					0	0	-1
					0	1	0
					-20.9612	-18.9535	-11.2175
				}
				{VolumeView "wheelr6.ply"}
			}
			{bone revolute "wheelr5"
				{parameters "ID=trackRight;Radius=0.24;"}
				{Matrix34
					1	0	0
					0	0	-1
					0	1	0
					-9.21258	-18.9535	-11.2175
				}
				{VolumeView "wheelr6.ply"}
			}
			{bone revolute "wheelr4"
				{parameters "ID=trackRight;Radius=0.24;"}
				{Matrix34
					1	0	0
					0	0	-1
					0	1	0
					2.5771	-18.9535	-11.2175
				}
				{VolumeView "wheelr6.ply"}
			}
			{bone revolute "wheelr3"
				{parameters "ID=trackRight;Radius=0.24;"}
				{Matrix34
					1	0	0
					0	0	-1
					0	1	0
					14.3988	-18.9535	-11.2175
				}
				{VolumeView "wheelr6.ply"}
			}
			{bone revolute "wheelr2"
				{parameters "ID=trackRight;Radius=0.24;"}
				{Matrix34
					1	0	0
					0	0	-1
					0	1	0
					26.3303	-19.2593	-11.2175
				}
				{VolumeView "wheelr6.ply"}
			}
			{bone "fxtracer3"
				{Matrix34
					-0.971302	-0.171267	0.165048
					0.16254	0.0286603	0.986286
					-0.173648	0.984808	0
					-23.508	-19.0675	-17.2893
				}
			}
			{bone "fxtracer2"
				{Matrix34
					-1	0	0
					0	0	1
					0	1	0
					-14.7966	-19.0675	-17.3896
				}
			}
			{bone "fxtracer1"
				{Matrix34
					-1	0	0
					0	0	1
					0	1	0
					17.4237	-19.0675	-17.5906
				}
			}
			{bone "trackr"
				{parameters "ID=trackRight;"}
				{Matrix34
					-1	0	0
					0	0	1
					0	1	0
					3.83577	-19.0403	-3.69708
				}
				{VolumeView "trackr.ply"}
			}
		}
		{bone "body"
			{parameters "ID=body;"}
			{animation
				{sequence "repair" {file "body_r.anm"} {speed 0.9}}
			}
			{Position 1.12638	-0.250788	17.2692}
			{bone "seat01"
				{Matrix34
					0.000117039	0.999999	-0.0013358
					-0.9962	0	-0.0871003
					-0.0871003	0.00134092	0.996199
					-14.33269	21.670488	3.86656
				}
			}
			{bone "seat02"
				{Matrix34
					-0.696528	0.696528	0.172328
					-0.7071	-0.707113	5.47897e-005
					0.121893	-0.121815	0.98504
					-29.19139	21.455688	4.30366
				}
			}
			{bone "seat03"
				{Matrix34
					-0.000117271	-0.999999	-0.00133586
					0.9962	0	-0.0871003
					0.0871003	-0.00134094	0.996199
					-19.54449	-21.045312	0.047966
				}
			}
			{bone "engine"
				{parameters "ID=engine;"}
				{Position -24.9178	-6.76507	8.54966}
			}
			{bone revolute "wheell1"
				{parameters "ID=trackleft;Radius=0.35;"}
				{Matrix34
					1	0	0
					0	0	-1
					0	1	0
					40.0545	19.5597	-5.30925
				}
				{VolumeView "wheell1.ply"}
			}
			{bone revolute "wheell10"
				{parameters "ID=trackleft;Radius=0.10;"}
				{Matrix34
					1	0	0
					0	0	-1
					0	1	0
					24.008	18.5458	-0.3582
				}
				{VolumeView "wheell10.ply"}
			}
			{bone revolute "wheell9"
				{parameters "ID=trackleft;Radius=0.10;"}
				{Matrix34
					1	0	0
					0	0	-1
					0	1	0
					2.56738	18.5458	-0.840935
				}
				{VolumeView "wheell10.ply"}
			}
			{bone revolute "wheell8"
				{parameters "ID=trackleft;Radius=0.10;"}
				{Matrix34
					1	0	0
					0	0	-1
					0	1	0
					-19.5033	18.5458	-1.25219
				}
				{VolumeView "wheell10.ply"}
			}
			{bone revolute "wheell7"
				{parameters "ID=trackleft;Radius=0.28;"}
				{Matrix34
					1	0	0
					0	0	-1
					0	1	0
					-35.6783	19.328	-5.18687
				}
				{VolumeView "wheell7.ply"}
			}
			{bone revolute "wheelr10"
				{parameters "ID=trackRight;Radius=0.10;"}
				{Matrix34
					1	0	0
					0	0	-1
					0	1	0
					24.008	-18.5327	-0.358194
				}
				{VolumeView "wheelr10.ply"}
			}
			{bone revolute "wheelr1"
				{parameters "ID=trackRight;Radius=0.35;"}
				{Matrix34
					1	0	0
					0	0	-1
					0	1	0
					40.0545	-19.5466	-5.30925
				}
				{VolumeView "wheelr1.ply"}
			}
			{bone revolute "wheelr9"
				{parameters "ID=trackRight;Radius=0.10;"}
				{Matrix34
					1	0	0
					0	0	-1
					0	1	0
					2.56739	-18.5327	-0.840929
				}
				{VolumeView "wheelr10.ply"}
			}
			{bone revolute "wheelr8"
				{parameters "ID=trackRight;Radius=0.10;"}
				{Matrix34
					1	0	0
					0	0	-1
					0	1	0
					-19.5033	-18.5327	-1.25219
				}
				{VolumeView "wheelr10.ply"}
			}
			{bone revolute "wheelr7"
				{parameters "ID=trackRight;Radius=0.28;"}
				{Matrix34
					1	0	0
					0	0	-1
					0	1	0
					-35.6783	-19.3166	-5.18687
				}
				{VolumeView "wheelr7.ply"}
			}
			{bone "hull"
				{Position 4.6	0	1.2}
				{VolumeView "hull.ply"}
				{bone "visor2"
					{Position 25.7964	3.41506	6.87024}
				}
				{bone "headlightl"
					{Position 34.4999	18.7047	6.84424}
				}
				{bone "headlightr"
					{Position 34.4999	-17.8534	6.84423}
				}
				{bone "fxlight"
					{Position 73.7432	0.0807333	4.65463}
				}
				{bone "fxsmoke1"
					{Matrix34
						-0.478616	0.100548	0.872248
						0.205592	0.978638	0
						-0.853615	0.179327	-0.489064
						-44.7384	-11.5401	3.83423
					}
				}
				{bone "fxsmoke2"
					{Matrix34
						-0.339376	-0.137178	0.930595
						0.0519497	0.985066	0.164152
						-0.939215	0.104054	-0.327181
						-44.7384	-11.5401	3.83423
					}
				}
				{bone "fxfire1"
					{Matrix34
						0.996446	0	0.0842334
						0	1	0
						-0.0842334	0	0.996446
						-23.5039	6.51413	3.70524
					}
				}
				{bone "fxfire3"
					{Position -32.961	2.87989	8.61081}
				}
				{bone "wh"
					{Matrix34
						0.976265	0	-0.216582
						0	1	0
						0.216581	0	0.976265
						32.1852	-7.24755	3.66985
					}
					{bone "wh2"
						{Matrix34
							0.95	0	0
							0	0.95	0
							0	0	0.95
							0	0	0
						}
						{VolumeView "wheell2.ply"}
					}
				}
				{bone "m2"
					{Matrix34
						0.999637	0	0.0269385
						0	1	0
						-0.0269385	0	0.999637
						10.7933	0.182391	19.3355
					}
					{VolumeView "m2.ply"}
					{bone "enumerator"
						{Matrix34
							0.999637	0	-0.0269385
							0	1	0
							0.0269385	0	0.999637
							-5.45923	2.6693	-7.55471
						}
						{VolumeView "enumerator.ply"}
					}
					{bone "label"
						{Matrix34
							0.999637	0	-0.0269385
							0.0269385	0	0.999637
							0	-1	0
							-12.7845	0.0683894	-5.88235
						}
						{VolumeView "label.ply"}
					}
					{bone "gunner"
						{Matrix34
							0.999637	0	-0.0269385
							0	1	0
							0.0269385	0	0.999637
							-16.998	10.8885	-25.1995
						}
					}
					{bone "charger"
						{Matrix34
							0.999637	0	-0.0269385
							0	1	0
							0.0269385	0	0.999637
							-10.404	-11.76493	-25.2423
						}
					}
					{bone "driver"
						{Matrix34
							0.999637	0	-0.0269385
							0	1	0
							0.0269385	0	0.999637
							1.46227	6.6688	-29.8467
						}
					}
					{bone "gun_support2"
						{Matrix34
							0.999534	0.0251276	-0.0173245
							-0.0251719	0.35768	-0.933505
							-0.0172601	0.933506	0.358147
							25.6983	-1.74489	-18.165
						}
						{VolumeView "gun_support2.ply"}
					}
					{bone "gun_support1"
						{Matrix34
							0.999526	-0.0252403	-0.017626
							0.0252856	0.346492	0.937712
							-0.0175609	-0.937713	0.346966
							25.6714	6.94726	-18.3821
						}
						{VolumeView "gun_support1.ply"}
					}
					{bone revolute "mgun_turret"
						{limits -30 30}
						{Matrix34
							0.99258	-0.118615	-0.0267484
							0.118572	0.99294	-0.0031948
							0.0269385	0	0.999637
							0.0162277	-14.2513	6.36529
						}
						{VolumeView "mgun_turret.ply"}
						{bone revolute "mgun"
							{limits -30 30}
							{Matrix34
								1	0	0
								0	0	1
								0	-1	0
								-4.35	-0.00	-0.7
							}
						}
					}
					{bone revolute "turret"
						{parameters "ID=turret;"}
						{limits -20 20}
						{Position -0.887732	1.72255	-9.28618}
						{VolumeView "turret.ply"}
						{bone revolute "gun_rot"
							{parameters "ID=gun;"}
							{limits -8 18}
							{Matrix34
								0.999637	0	-0.0269385
								0.0269385	0	0.999637
								0	-1	0
								-1.45658	0.32901	9.05167
							}
							{VolumeView "gun_rot.ply"}
							{bone "gun"
								{parameters "ID=gun;"}
								{Matrix34
									1	0	0
									0	0	-1
									0	1	0
									22.7017	0.326332	-0.3553
								}
								{VolumeView "gun.ply"}
								{bone "fx_invers"
									{Matrix34
										-1	0	0
										0	-1	0
										0	0	1
										-33.3384	-0.565064	0.185917
									}
								}
								{bone "visor1"
									{Position -6.51089	-0.542379	2.51091}
								}
								{bone "foresight1"
									{Position 34.0584	-0.565064	-0.0574875}
								}
							}
							{bone prizmatic "gun_cover"
								{Matrix34
									0.865824	0.499098	0.0353642
									0.0302113	0.0184027	-0.999374
									-0.499436	0.86635	0.000854366
									6.16749	2.52942	0.254398
								}
								{VolumeView "gun_cover.ply"}
							}
						}
					}
				}
			}
		}
	}
}
{Extension "/properties/damage_components_vol.ext"}
{Volume "ammo1"
	{Box 15.608 30.396 17.5948}
	{Bone "body"}
	{Position -7.88883	-0.01095	9.09254}
}
{Volume "body1"
	{Polyhedron "body.vol"}
	{Bone "body"}
	{Position 4.32472	-0.147455	1.86928}
}
{Volume "body2"
	{Polyhedron "body2.vol"}
	{Bone "body"}
	{Position 4.32472	-0.147448	-10.1246}
}
{Volume "body3"
	{Polyhedron "body3.vol"}
	{Bone "body"}
	{Position 43.3419	-0.147455	1.86928}
}
{Volume "body4"
	{Polyhedron "body4.vol"}
	{Bone "body"}
	{Position 0.0991077	-0.156764	5.27174}
}
{Volume "crew"
	{Box 15.66 27.0264 21.7793}
	{Bone "body"}
	{Position 2.61672	0.108622	-0.727725}
}
{Volume "engine2"
	{Polyhedron "engine2.vol"}
	{Bone "engine"}
	{Position 1.5251	0.212063	-3.23425}
}
{Volume "engine1"
	{Polyhedron "engine.vol"}
	{Bone "engine"}
	{Position 4.88683	6.61762	-6.68038}
}
{Volume "gun2"
	{Box 12.1666 5 3.5}
	{Bone "gun_rot"}
	{Matrix34
		1	0	0
		0	0	-1
		0	1	0
		12.8372	-3.98909	0.195088
	}
}
{Volume "gun"
	{Cylinder 1.8852 52.5}
	{Bone "gun"}
	{Matrix34
		0	-1	0
		0	0	1
		-1	0	0
		10.2201	-0.563405	-0.0796117
	}
}
{Volume "inventory"
	{Polyhedron "inventory.vol"}
	{Bone "body"}
	{Position -27.068	-0.177281	4.72064}
}
{Volume "sticky"
	{Box 29.5243 33.1463 20.5}
	{Bone "body"}
	{Position -1.9146	-0.0226426	14.8182}
}
{Volume "turret"
	{Polyhedron "turret.vol"}
	{Bone "turret"}
	{Matrix34
		0.999637	0	-0.0269385
		0	1	0
		0.0269385	0	0.999637
		2.25924	-0.0360234	0.966377
	}
}
{Volume "trackleft"
	{Polyhedron "trackleft.vol"}
	{Bone "wheelsl"}
	{Matrix34
		-1	0	0
		0	0	1
		0	1	0
		3.14949	16.3213	-7.39821
	}
}
{Volume "trackright"
	{Polyhedron "trackright.vol"}
	{Bone "wheelsr"}
	{Matrix34
		-1	0	0
		0	0	1
		0	1	0
		3.14949	-21.1511	-7.39822
	}
}
