;Exported by: Normand
;Date:        Thu Aug 16 12:59:55 2018
;File:        C:\Users\Normand\mle34_xx.max
{Skeleton
	{bone revolute "basis"
		{speed 0.01}
		{Orientation
			1	0	0
			0	-1	0
			0	0	1
		}
		{bone "body"
			{parameters "ID=body;"}
			{Matrix34
				0.997614	0	-0.069038
				0	1	0
				0.069038	0	0.997614
				-0.554839	-0.16832	4.3808
			}
			{VolumeView "body.ply"}
			{bone revolute "turret"
				{parameters "ID=turret;"}
				{limits -30 30}
				{Matrix34
					0.993647	0	-0.112543
					0.00926281	0.996607	0.0817819
					0.112161	-0.0823048	0.990276
					-1.93393	0.0633014	0.609691
				}
				{VolumeView "turret.ply"}
				{bone revolute "gun_rot"
					{Matrix34
						0.986872	0.154986	0.0454219
						0	-0.281244	0.959636
						0.161505	-0.947038	-0.277552
						0.322281	-0.213265	4.68441
					}
					{VolumeView "gun_rot.ply"}
					{bone "gun"
						{parameters "ID=gun;"}
						{Matrix34
							1	0	0
							0	0	-1
							0	1	0
							11.5645	0.433805	-0.0913823
						}
						{VolumeView "gun.ply"}
					}
				}
			}
			{bone "shield"
				{Position 2.54978	0.251083	5.41422}
				{VolumeView "shield.ply"}
				{bone "part1"
					{Position -1.5164	0.0192566	-9.4549}
					{VolumeView "shield2.ply"}
				}
				{bone "support"
					{Position 1.39582	-0.208389	-6.06136}
					{VolumeView "support.ply"}
				}
			}
			{bone "standr"
				{Position -3.18269	-3.75502	-1.83299}
				{VolumeView "standr.ply"}
				{bone "standr1"
					{Position -5.089	-1.48151	0.210166}
					{VolumeView "standr1.ply"}
				}
			}
			{bone "part2"
				{Position -3.18218	3.7646	-1.7682}
				{VolumeView "standl.ply"}
			}
		}
		{bone "pivot_front"
			{Position -0.550294	-0.168321	4.47118}
			{VolumeView "pivot_front.ply"}
			{bone revolute "wheell"
				{Matrix34
					-1	0	0
					0	0	1
					0	-1	0
					-0.0474027	9.63175	-0.0552373
				}
				{VolumeView "wheell.ply"}
			}
			{bone revolute "wheelr"
				{Matrix34
					-1	0	0
					0	0	1
					0	1	0
					-0.0473707	-9.36648	-0.055203
				}
				{bone "viewwheelr"
					{Matrix34
						0	1	0
						1	0	0
						0	0	-1
						0	0	0
					}
					{VolumeView "wheelr.ply"}
				}
			}
		}
	}
}
{Volume "body"
	{Box 4 2 14}
	{Bone "body"}
	{Matrix34
		1	0	0
		0	0	1
		0	-1	0
		-1.43075	0.1243	-0.967303
	}
}
{Volume "gun_rot"
	{Box 14 2 3}
	{Bone "gun_rot"}
	{Matrix34
		1	0	0
		0	0	-1
		0	1	0
		-0.421253	0.736881	-0.0827869
	}
}
{Volume "gun"
	{Cylinder 0.6 42.5}
	{Bone "gun"}
	{Matrix34
		0	-1	0
		0	0	1
		-1	0	0
		0.195324	0.0883301	0.832812
	}
}
{Volume "shield1"
	{Box 5.5 10.5 0.5}
	{Bone "shield"}
	{Matrix34
		0	-1	0
		0	0	1
		-1	0	0
		-0.191924	-7.53009	2.41962
	}
}
{Volume "part1"
	{Box 16 4 0.5}
	{Bone "part1"}
	{Matrix34
		0	-1	0
		0	0	1
		-1	0	0
		-0.0115993	-0.0601871	0.0693936
	}
}
{Volume "shield3"
	{Box 16.5 4.5 0.5}
	{Bone "shield"}
	{Matrix34
		0	-1	0
		0.248818	0	0.96855
		-0.96855	0	0.248818
		-0.759826	-0.0751323	-5.02307
	}
}
{Volume "shield"
	{Box 5.5 10.5 0.5}
	{Bone "shield"}
	{Matrix34
		0	-1	0
		0	0	1
		-1	0	0
		-0.191923	7.34926	2.41962
	}
}
{Volume "part2"
	{Box 35 2.5 2}
	{Bone "part2"}
	{Matrix34
		0.875407	-0.463959	0.135665
		0.470826	0.881953	-0.0219203
		-0.10948	0.083064	0.990512
		-16.0603	9.18557	-2.00078
	}
}
{Volume "standr"
	{Box 35 2.5 2}
	{Bone "standr"}
	{Matrix34
		0.849456	0.509692	0.136527
		-0.517075	0.855634	0.0228723
		-0.105159	-0.0900235	0.990372
		-15.5978	-9.51706	-1.92359
	}
}
{Volume "turret"
	{Polyhedron "turret.vol"}
	{Bone "turret"}
	{Position -0.0335712	-0.0218366	-0.0471058}
}
{Volume "wheelleft"
	{Cylinder 7 2}
	{Bone "wheell"}
	{Matrix34
		-1	0	0
		0	1	0
		0	0	-1
		-0.0217278	-0.0401022	-0.0148525
	}
}
{Volume "wheelright"
	{Cylinder 7 2}
	{Bone "wheelr"}
	{Matrix34
		-1	0	0
		0	1	0
		0	0	-1
		-0.0596041	-0.03244	0.0598822
	}
}
