;Exported by: andre
;Date:        Mon Sep 25 23:14:35 2023
;File:        C:\Users\andre\AppData\Local\Temp\Rar$DIa16956.48388\mtrhtrth.max
{Skeleton
	{animation
		{sequence "close" {speed 0.3}{resume}}
		{sequence "aim_h" {speed 0.5}{resume}}
		{sequence "aim_v" {speed 0.5}{resume}}
		{sequence "gun_b" {speed 0.7}{resume}}
		{sequence "gun_r" {speed 0.7}{resume}}
		{sequence "body_b" {speed 0.7}{resume}}
		{sequence "body_r" {speed 0.7}{resume}}
		{sequence "reload" {speed 0.3}{resume}}
	}
	{bone revolute "basis"
		{Orientation
			1	0	0
			0	-1	0
			0	0	1
		}
		{bone "body"
			{parameters "ID=body;"}
			{Matrix34
				0.982473	0	0.186407
				0	1	0
				-0.186407	0	0.982473
				1.43527	0	8.10933
			}
			{VolumeView "body.ply"}
			{bone "tug"
				{parameters "ID=body;"}
				{Matrix34
					0.999998	-0.00152159	-0.000721917
					0.00153311	0.999867	0.0162451
					0.000697106	-0.0162462	0.999868
					-10.2245	0	2.0679
				}
				{VolumeView "tug.ply"}
			}
			{bone revolute "wheell1"
				{parameters "ID=wheelleft1;Radius=0.60;"}
				{Matrix34
					-1	0	0
					0	0	1
					0	1	0
					0.0922599	13.1225	-0.0937567
				}
				{VolumeView "wheell1.ply"}
			}
			{bone revolute "wheelr1"
				{parameters "ID=wheelright1;Radius=0.60;"}
				{Matrix34
					-1	0	0
					0	0	1
					0	1	0
					0.0922585	-13.1224	-0.0937586
				}
				{VolumeView "wheelr1.ply"}
			}
			{bone "seat1"
				{Matrix34
					0.982473	0	-0.186407
					0	1	0
					0.186407	0	0.982473
					-15.3324	-7.83143	-5.34495
				}
			}
			{bone "seat4"
				{Matrix34
					0.982473	0	-0.186407
					0	1	0
					0.186407	0	0.982473
					-28.3938	6.25713	-2.8668
				}
			}
			{bone "seat2"
				{Matrix34
					0.982473	0	-0.186407
					0	1	0
					0.186407	0	0.982473
					-28.4521	-5.60706	-2.85571
				}
			}
			{bone "seat3"
				{Matrix34
					0.982473	0	-0.186407
					0	1	0
					0.186407	0	0.982473
					-15.3188	8.68956	-5.34752
				}
			}
			{bone "turret_lever_holder"
				{Matrix34
					-0.5	0.866025	0
					-0.866026	-0.5	0
					0	0	1
					-6.20896	-0.0101954	5.80435
				}
				{VolumeView "turret_lever_holder.ply"}
				{bone "turret_lever"
					{Position 9.57899	-0.0102034	0.0126839}
					{VolumeView "turret_lever.ply"}
				}
			}
			{bone "turret_holder"
				{Matrix34
					0	1	0
					-1	0	0
					0	0	1
					-5.46827	-3.16435	8.63979
				}
				{VolumeView "turret_holder.ply"}
				{visibility 0}
			}
			{bone revolute "turret"
				{parameters "ID=turret;"}
				{limits -5 5}
				{Position -0.308252	0	6.075}
				{VolumeView "turret.ply"}
				{bone revolute "gun"
					{parameters "ID=gun;"}
					{limits -5 20}
					{Matrix34
						0.999916	0	-0.01297
						0.0129689	0.0129699	0.999832
						0.000168113	-0.999916	0.0129688
						-1.38994	-0.923667	19.4992
					}
					{VolumeView "gun.ply"}
					{bone "ammo_rails"
						{Matrix34
							-0.00662127	0.652466	-0.757789
							-0.999913	-0.012955	-0.00241752
							-0.0113945	0.757707	0.652495
							-10.9561	0.928898	-6.59606
						}
						{VolumeView "ammo_rails.ply"}
					}
					{bone "object001"
						{Matrix34
							0.0100715	-0.632896	-0.774171
							-0.999913	-0.0129546	-0.00241763
							-0.00849901	0.774128	-0.632972
							-10.9559	0.765659	4.77056
						}
						{VolumeView "object001.ply"}
					}
					{bone "object002"
						{Matrix34
							-0.00758892	0.716022	-0.698037
							-0.999913	-0.0129549	-0.00241777
							-0.0107742	0.697958	0.716058
							-10.9323	-1.04899	4.74702
						}
						{VolumeView "object002.ply"}
					}
					{bone "object003"
						{Matrix34
							0.0107739	-0.697958	-0.716058
							-0.999913	-0.0129548	-0.0024175
							-0.00758906	0.716022	-0.698037
							-10.9315	-0.96278	-6.6206
						}
						{VolumeView "object003.ply"}
					}
					{bone "shooter00"
						{Matrix34
							0.999994	-2.10553e-05	0.00335693
							0.00335692	-0.000441741	-0.999994
							2.25157e-05	1	-0.000441756
							18.7358	3.70844	2.50633
						}
					}
					{bone "shooter01"
						{Matrix34
							0.999994	-2.10553e-05	0.00335693
							0.00335692	-0.000441741	-0.999994
							2.25157e-05	1	-0.000441756
							18.7358	3.7988	-4.45992
						}
					}
					{bone "shooter02"
						{Matrix34
							0.999994	-2.10553e-05	0.00335693
							0.00335692	-0.000441741	-0.999994
							2.25157e-05	1	-0.000441756
							18.8256	-3.12915	-4.54979
						}
					}
					{bone "shooter03"
						{Matrix34
							0.999994	-2.10553e-05	0.00335693
							0.00335692	-0.000441741	-0.999994
							2.25157e-05	1	-0.000441756
							18.8256	-3.21865	2.35067
						}
					}
					{bone "foresight"
						{Matrix34
							0.999994	-2.10553e-05	0.00335693
							0.00335692	-0.000441741	-0.999994
							2.25157e-05	1	-0.000441756
							18.7803	0.318733	-0.91015
						}
					}
					{bone "rocket02"
						{Matrix34
							0.999916	0.0129687	0.000168323
							-0.00335672	0.271304	-0.962488
							-0.0125278	0.962406	0.271324
							1.90979	-3.27767	-4.43574
						}
						{VolumeView "rocket02.ply"}
					}
					{bone "rocket01"
						{Matrix34
							1	0	0
							0	0	-1
							0	1	0
							2.31713	3.6305	-4.34614
						}
						{VolumeView "rocket01.ply"}
					}
					{bone "rocket00"
						{Matrix34
							1	0	0
							0	0	-1
							0	1	0
							2.31713	3.5416	2.50826
						}
						{VolumeView "rocket00.ply"}
					}
					{bone "rocket03"
						{Matrix34
							1	0	0
							0	0	-1
							0	1	0
							2.40666	-3.35999	2.40859
						}
						{VolumeView "rocket03.ply"}
					}
				}
				{bone "axis_handle_x_rotation"
					{Matrix34
						0	1	0
						-1	0	0
						0	0	1
						-3.10893	10.3426	9.66048
					}
					{VolumeView "axis_handle_x_rotation.ply"}
				}
				{bone "small_gear_axis"
					{Matrix34
						0	1	0
						-1	0	0
						0	0	1
						4.32125	4.43778	10.8882
					}
					{VolumeView "small_gear_axis.ply"}
				}
				{bone "small_gear"
					{Matrix34
						-1	0	0
						0	0	1
						0	1	0
						4.32126	-0.00451356	10.8882
					}
					{VolumeView "small_gear.ply"}
				}
			}
			{bone "link1"
			{Matrix34
				0	1	0
				-1	0	0
				0	0	1
				-49.7981	-0.30365	0
			}
			}
		}
		{bone "driver1"
			{Position -12.6321	-12	-0.289114}
		}
		{bone "driver2"
			{Position -12.6321	12	-0.289105}
		}
		{bone "driver3"
			{Position -25.9858	-11	-0.289095}
		}
		{bone "driver4"
			{Position -25.9858	11	-0.289102}
		}
		{bone "emit1"
			{Position -12.6321	-15.215	-0.289114}
		}
		{bone "emit2"
			{Position -25.9264	14.8694	-0.289105}
		}
		{bone "emit3"
			{Position -25.9858	-15.215	-0.289095}
		}
		{bone "emit4"
			{Position -12.6183	14.8694	-0.289101}
		}
		{bone "charger"
			{Position -14.3198	-18	-0.289108}
		}
		{bone "commander"
			{Position -33	-16.7416	-0.289108}
		}
		{bone "gunner"
			{Matrix34
				0.939693	-0.34202	0
				0.34202	0.939693	0
				0	0	1
				-19	14.4208	-0.289109
			}
		}
		{bone "charger2"
			{Position -35	14.3739	-0.289109}
		}
	}	
}
{Volume "barrel1"
	{Cylinder 5.28574 30.1761}
	{Bone "gun"}
	{Matrix34
		0	0.0084894	-0.654489
		-0.0114246	0.654389	0.00848808
		1.01665	0.017746	0.00022994
		2.98625	-3.4469	2.48379
	}
}
{Volume "barrel2"
	{Cylinder 5.28574 30.1761}
	{Bone "gun"}
	{Matrix34
		0	0.0084894	-0.654489
		-0.0114246	0.654389	0.00848808
		1.01665	0.017746	0.00022994
		2.86862	3.28976	2.57114
	}
}
{Volume "barrel3"
	{Cylinder 5.28574 30.1761}
	{Bone "gun"}
	{Matrix34
		0	0.0084894	-0.654489
		-0.0114246	0.654389	0.00848808
		1.01665	0.017746	0.00022994
		2.98621	-3.35792	-4.36331
	}
}
{Volume "barrel4"
	{Cylinder 5.28574 30.1761}
	{Bone "gun"}
	{Matrix34
		0	0.0084894	-0.654489
		-0.0114246	0.654389	0.00848808
		1.01665	0.017746	0.00022994
		2.86861	3.37854	-4.27605
	}
}
{Volume "barrel5"
	{Cylinder 1.61915 24.0657}
	{Bone "gun"}
	{Matrix34
		0.133583	0.757524	0.00982567
		-0.757588	0.133572	0.00173269
		0	-0.00997736	0.769211
		0.0758676	-0.186237	-0.993159
	}
}
{Volume "body1"
	{Box 15.59 18.4551 2.0312}
	{Bone "turret"}
	{Matrix34
		0	1.21563	0
		-0.932159	0	-0.00417873
		-0.0038119	0	0.850347
		0.099551	-0.20411	-1.45682
	}
}
{Volume "body10"
	{Cylinder 1.61915 24.0657}
	{Bone "turret"}
	{Matrix34
		0.0918542	0	0.484125
		-0.484125	0	0.0918542
		0	-0.690252	0
		3.5708	0.063652	9.04408
	}
}
{Volume "body2"
	{Box 15.59 18.4551 2.0312}
	{Bone "body"}
	{Matrix34
		0	1.43947	0
		-0.932159	0	-0.00417872
		-0.00381193	0	0.850347
		-4.55115	-0.040853	1.90374
	}
}
{Volume "body3"
	{Cylinder 7.82414 1.71217}
	{Bone "body"}
	{Matrix34
		0	0.811556	0
		-0.811548	0	-0.003638
		-0.003638	0	0.811548
		-0.78501	-0.0273474	3.19004
	}
}
{Volume "body4"
	{Cylinder 1.74856 29.7604}
	{Bone "turret"}
	{Matrix34
		0	0.448837	0
		-0.435612	0	0.108152
		0.16198	0	0.652425
		-4.87663	8.34925	8.91687
	}
}
{Volume "body5"
	{Cylinder 1.74856 29.7604}
	{Bone "turret"}
	{Matrix34
		0	0.448837	0
		-0.435612	0	0.108152
		0.16198	0	0.652425
		-4.87672	-8.30655	8.91682
	}
}
{Volume "body6"
	{Cylinder 1.74856 29.7604}
	{Bone "turret"}
	{Matrix34
		0	0.448837	0
		-0.415987	0	-0.168551
		-0.282917	0	0.698248
		3.50397	-8.37405	9.35015
	}
}
{Volume "body7"
	{Cylinder 1.74856 29.7604}
	{Bone "turret"}
	{Matrix34
		0	0.448837	0
		-0.415987	0	-0.168551
		-0.282917	0	0.698248
		3.50406	8.36205	9.35015
	}
}
{Volume "body8"
	{Cylinder 1.74856 29.7604}
	{Bone "turret"}
	{Matrix34
		-0.00499358	0.306196	-0.0263191
		-0.307301	-0.0046518	0.00418611
		0.00779931	0.0545511	0.633166
		-1.35625	7.79973	8.75188
	}
}
{Volume "body9"
	{Cylinder 1.74856 29.7604}
	{Bone "turret"}
	{Matrix34
		0.00499352	0.306196	0.0263191
		-0.307301	0.00465174	0.00418611
		0.00779933	-0.054551	0.633166
		-1.35632	-7.82983	8.75183
	}
}
{Volume "hole1"
	{Cylinder 5.28574 30.1761}
	{Bone "gun"}
	{Matrix34
		0	0.00662091	-0.510434
		-0.00890984	0.510356	0.00661989
		1.1367	0.0198414	0.000257024
		2.83039	3.43598	-4.35192
	}
}
{Volume "hole2"
	{Cylinder 5.28574 30.1761}
	{Bone "gun"}
	{Matrix34
		0	0.00662091	-0.510434
		-0.00890984	0.510356	0.00661989
		1.1367	0.0198414	0.000257024
		2.94861	-3.42562	2.39228
	}
}
{Volume "hole3"
	{Cylinder 5.28574 30.1761}
	{Bone "gun"}
	{Matrix34
		0	0.00662091	-0.510434
		-0.00890984	0.510356	0.00661989
		1.1367	0.0198414	0.000257024
		2.83038	3.34736	2.48014
	}
}
{Volume "hole4"
	{Cylinder 5.28574 30.1761}
	{Bone "gun"}
	{Matrix34
		0	0.00662091	-0.510434
		-0.00890984	0.510356	0.00661989
		1.1367	0.0198414	0.000257024
		2.94861	-3.337	-4.43977
	}
}
{Volume "rocket00"
	{Cylinder 5.28574 30.1761}
	{Bone "rocket00"}
	{Matrix34
		0	0.452579	0.00587049
		-0.00789884	-0.00586958	0.45251
		1.00786	-0.000227879	0.0175901
		0.0266581	-0.0305226	0.0214501
	}
}
{Volume "rocket01"
	{Cylinder 5.28574 30.1761}
	{Bone "rocket01"}
	{Matrix34
		0	0.452579	0.00587049
		-0.00789884	-0.00586958	0.45251
		1.00786	-0.000227879	0.0175901
		0.0266838	-0.00134017	0.0218278
	}
}
{Volume "rocket02"
	{Cylinder 5.28574 30.1761}
	{Bone "rocket02"}
	{Matrix34
		0	0.437194	-0.117146
		-0.00202877	0.117145	0.43719
		1.00801	0.00116979	0.00436423
		0.555044	-0.0098045	-0.0326363
	}
}
{Volume "rocket03"
	{Cylinder 5.28574 30.1761}
	{Bone "rocket03"}
	{Matrix34
		0	0.452579	0.00587049
		-0.00789884	-0.00586958	0.45251
		1.00786	-0.000227879	0.0175901
		0.0586414	0.00466774	-0.0331954
	}
}
{Volume "tow1"
	{Cylinder 1.08254 41.677}
	{Bone "tug"}
	{Matrix34
		0.157066	0.729438	-0.0362196
		-0.0110513	-0.0346696	-0.746149
		-0.884478	0.19066	0.00424113
		-20.9732	-4.25084	0.100539
	}
}
{Volume "tow2"
	{Cylinder 1.08254 41.677}
	{Bone "tug"}
	{Matrix34
		0.159286	-0.729749	-0.01251
		-0.0111194	0.0103766	-0.74688
		-0.883894	-0.193112	0.0104764
		-20.9859	4.11788	-0.035461
	}
}
{Volume "wheelleft"
	{Cylinder 6.74461 1.58161}
	{Bone "wheell1"}
	{Matrix34
		0.213459	-1.12505	0
		1.12505	0.213459	0
		0	0	1.3619
		0.0306608	0.0180001	-0.383843
	}
}
{Volume "wheelright"
	{Cylinder 6.74461 1.58161}
	{Bone "wheelr1"}
	{Matrix34
		0.213459	-1.12505	0
		1.12505	0.213459	0
		0	0	1.3619
		0.0306129	0.0180125	0.495063
	}
}
