;Exported by: Normand
;Date:        Mon Mar 04 23:21:38 2024
;File:        C:\Users\Normand\re2000.max
{Skeleton
	{animation
		{sequence "open" {speed 0.2}}
		{sequence "wheels" {speed 0.2}}
		{sequence "engine_start" {speed 1}}
		{sequence "engine_work" {speed 1}}
		{sequence "engine_stop" {speed 1}}
	}
	{bone "basis"
		{parameters "SteerMax=20;"}
		{Orientation
			1	0	0
			0	-1	0
			0	0	1
		}
		{bone "pivot_front"
			{Matrix34
				0.967925	0	0.251239
				0	1	0
				-0.251239	0	0.967925
				30.9684	0.172808	20.6989
			}
			{bone "gearl2"
				{Matrix34
					1	0	0
					0	0	1
					0	-1	0
					14.9959	30.3098	4.64584
				}
				{bone revolute "wheell2"
					{parameters "id=retract_wheelL;Radius=0.25;support;"}
					{Matrix34
						-0.967925	0.251239	0
						0.251239	0.967925	0
						0	0	-1
						-0.074707	-23.547	-1.07849
					}
				}
			}
			{bone "gearr2"
				{Matrix34
					1	0	0
					0	0	-1
					0	1	0
					14.9918	-30.5056	4.63629
				}
				{bone revolute "wheelr2"
					{parameters "id=retract_wheelR;Radius=0.25;support;"}
					{Matrix34
						-0.967925	-0.251239	0
						0.251239	-0.967925	0
						0	0	1
						-0.0767174	23.5278	-0.926825
					}
				}
			}
			{bone "wingl"
				{Position -4.75765	56.8396	5.16036}
			}
			{bone "wingr"
				{Position -4.75765	-53.9163	5.16036}
			}
		}
		{bone "pivot_back"
			{Matrix34
				0.967925	0	0.251239
				0	1	0
				-0.251239	0	0.967925
				-69.4488	0.172808	7.47437
			}
			{bone "gear_back2"
				{Position -0.146347	-0.179858	-1.40672}
				{bone revolute "wheelback2"
					{parameters "Radius=0.1;support;"}
					{Matrix34
						-0.967925	0	0.251239
						0.251239	0	0.967925
						0	1	0
						-1.96104	-0.0025171	-3.29241
					}
				}
			}
		}
		{bone "body"
			{parameters "ID=body;"}
			{Matrix34
				0.951587	0	0.30738
				0	1	0
				-0.30738	0	0.951587
				-22.759	0.115052	34.8381
			}
			{VolumeView "body.ply"}
			{bone revolute "aileron1"
				{parameters "ID=body;"}
				{limits -30 30}
				{Matrix34
					-0.939021	0.343471	0.0163529
					0.00134078	-0.0438992	0.999035
					0.343858	0.938137	0.0407617
					18.8271	83.0686	-15.6142
				}
				{VolumeView "aileron1.ply"}
			}
			{bone revolute "aileron2"
				{parameters "ID=body;"}
				{limits -30 30}
				{Matrix34
					0.947491	0.319504	-0.0133591
					-0.0058496	0.059085	0.998236
					0.31973	-0.945741	0.0578515
					18.9875	-83.4429	-15.6396
				}
				{VolumeView "aileron2.ply"}
			}
			{bone revolute "rudder"
				{parameters "ID=body;"}
				{limits -30 30}
				{Position -62.1959	-0.0625458	7.99924}
				{VolumeView "rudder.ply"}
			}
			{bone revolute "elevator1"
				{parameters "ID=body;"}
				{limits -30 30}
				{Matrix34
					1	0	0
					0	0	1
					0	-1	0
					-63.6747	18.3328	-7.59424
				}
				{VolumeView "elevator1.ply"}
			}
			{bone revolute "elevator2"
				{parameters "ID=body;"}
				{limits -30 30}
				{Matrix34
					1	0	0
					0	0	1
					0	-1	0
					-63.655	-18.4356	-7.59405
				}
				{VolumeView "elevator2.ply"}
			}
			{bone "gearr"
				{parameters "ID=body;"}
				{Matrix34
					0	0	1
					0	1	0
					-1	0	0
					41.5904	-23.9774	-21.9252
				}
				{VolumeView "gearr.ply"}
				{bone "gearr_sup"
					{parameters "ID=body;"}
					{Matrix34
						1	0	0
						0	0	1
						0	-1	0
						-16.4742	0	0
					}
					{VolumeView "gearr_sup.ply"}
					{bone revolute "wheelr"
						{Matrix34
							0.30738	0.951587	0
							0.951587	-0.30738	0
							0	0	-1
							-5.79459	0.150282	2.20473
						}
						{VolumeView "wheelr.ply"}
					}
				}
			}
			{bone "gearl"
				{parameters "ID=body;"}
				{Matrix34
					0	0	1
					0	1	0
					-1	0	0
					41.5065	24.0782	-21.9252
				}
				{VolumeView "gearl.ply"}
				{bone "gearl_sup"
					{parameters "ID=body;"}
					{Matrix34
						1	0	0
						0	0	-1
						0	1	0
						-16.4742	6.86646e-005	0
					}
					{VolumeView "gearl_sup.ply"}
					{bone revolute "wheell"
						{Matrix34
							0.30738	-0.951587	0
							0.951587	0.30738	0
							0	0	1
							-5.79801	-0.0694408	2.20469
						}
						{VolumeView "wheell.ply"}
					}
				}
			}
			{bone "rope"
				{parameters "ID=body;"}
				{Position -30.6039	-0.158133	17.182}
				{VolumeView "rope.ply"}
			}
			{bone "glass"
				{parameters "ID=glass;"}
				{Position 25.6889	0.0353105	8.269}
				{VolumeView "glass.ply"}
			}
			{bone "engine1"
				{Matrix34
					0	-1	0
					0	0	1
					-1	0	0
					68.0721	0.135565	-8.30397
				}
				{VolumeView "engine1.ply"}
				{bone "fx_fire2_1"
					{Matrix34
						-1	0	0
						0	-1	0
						0	0	1
						-9.15768	7.9359	17.7188
					}
				}
				{bone "fx_smoke2_1"
					{Matrix34
						-1	0	0
						0	-1	0
						0	0	1
						7.89048	-12.5724	16.091
					}
				}
				{bone "fx_smoke2_2"
					{Matrix34
						-1	0	0
						0	-1	0
						0	0	1
						-7.94666	-12.5657	16.1145
					}
				}
				{bone "fx_smoke1"
					{Matrix34
						-1	0	0
						0	-1	0
						0	0	1
						-0.122469	-14.6494	23.3499
					}
				}
			}
			{bone "gear_back"
				{parameters "ID=body;"}
				{Matrix34
					0.969147	0	-0.246484
					0	1	0
					0.246484	0	0.969147
					-54.7867	-0.122102	-12.3586
				}
				{VolumeView "gear_back.ply"}
				{bone revolute "wheelback"
					{Matrix34
						-0.997992	0	0.063345
						0.063345	0	0.997992
						0	1	0
						-1.96107	-0.00251711	-3.29241
					}
					{VolumeView "wheelback.ply"}
				}
			}
			{bone "propeller1"
				{parameters "CommonMesh;"}
				{Position 75.0766	0.143799	-8.2846}
				{VolumeView "propeller1.ply"}
			}
			{bone "propeller1_work"
				{parameters "CommonMesh;"}
				{Position 78.8838	0.210751	-8.29032}
				{VolumeView "propeller1_work.ply"}
			}
			{bone "cover"
				{parameters "ID=body;"}
				{Position 20.8521	0.0363951	8.36781}
				{VolumeView "cover.ply"}
				{bone "glass2"
					{parameters "ID=glass;"}
					{Position 4.83676	-0.0010846	-0.0988007}
					{VolumeView "glass2.ply"}
				}
			}
			{bone "driver"
				{Matrix34
					0.965215	0	0.261459
					0	1	0
					-0.261459	0	0.965215
					30.8019	-0.0688254	-14.6369
				}
			}
			{bone "shooter01"
				{Matrix34
					0	1	0
					0	0	1
					1	0	0
					72.7525	-5.89461	2.14034
				}
			}
			{bone "shooter00"
				{Matrix34
					0	1	0
					0	0	1
					1	0	0
					72.7528	5.88946	2.14132
				}
			}
			{bone "fx_fire4_1"
				{Matrix34
					-1	0	0
					0	-1	0
					0	0	1
					-57.652	-0.383681	-7.70608
				}
			}
			{bone "fx_smoke4_2"
				{Matrix34
					-0.999307	0.0372323	0
					-0.0372323	-0.999307	0
					0	0	1
					-63.7569	8.055	-1.02685
				}
			}
			{bone "fx_smoke4_1"
				{Matrix34
					-0.999565	-0.0295044	0
					0.0295044	-0.999565	0
					0	0	1
					-63.7569	-7.07939	-1.02686
				}
			}
			{bone "fx_smoke2_3"
				{Matrix34
					-1	0	0
					0	-1	0
					0	0	1
					5.12006	-73.4068	-17.8734
				}
			}
			{bone "fx_smoke3_3"
				{Matrix34
					-1	0	0
					0	-1	0
					0	0	1
					5.11961	73.2316	-17.8738
				}
			}
			{bone "visor"
				{Position 41.7404	-0.0364827	10.8498}
			}
			{bone "foresight1"
				{Position 102.651	-0.0364822	-0.369862}
			}
		}
		{bone "emit1"
			{Matrix34
				0	-1	0
				1	0	0
				0	0	1
				-34.9478	30.5913	0
			}
		}
	}
}
{Area "obstacle1"
	{Obb2
		{Center -14.3223 0.0824099}
		{Extent 75 8.54701}
		{Axis 1 0}
	}
	{Rotate}
}
{Area "obstacle2"
	{Obb2
		{Center 5.15852 -2.05473}
		{Extent 16 111.111}
		{Axis 1 0}
	}
	{Rotate}
}
{Volume "body2"
	{Polyhedron "body2.vol"}
	{Bone "body"}
	{Position -52.1155	-0.100412	-8.65214}
}
{Volume "body"
	{Polyhedron "body.vol"}
	{Bone "body"}
	{Position 6.3395	-0.0894454	-20.4674}
}
{Volume "engine1"
	{Cylinder 13.9088 21.5}
	{Bone "body"}
	{Matrix34
		0	-1	0
		0	0	1
		-1	0	0
		62.4714	0.242834	-7.97799
	}
}
{Volume "rudder"
	{Polyhedron "rudder.vol"}
	{Bone "body"}
	{Matrix34
		1	0	0
		0	0	1
		0	-1	0
		-55.8458	1.46383	8.76674
	}
}
{Volume "spin1"
	{Polyhedron "spin1.vol"}
	{Bone "propeller1"}
	{Matrix34
		0	-1	0
		0	0	1
		-1	0	0
		3.44209	-0.345252	-6.49613
	}
}
{Volume "wingl1"
	{Box 40.6729 97.6149 4}
	{Bone "body"}
	{Matrix34
		1	0	0
		0	0.998909	0.0466972
		0	-0.0466972	0.998909
		24.5783	60.1318	-16.0176
	}
}
{Volume "wingr1"
	{Box 40.6729 97.6149 4}
	{Bone "body"}
	{Matrix34
		1	0	0
		0	0.998909	-0.0467054
		0	0.0467054	0.998909
		24.5783	-59.6515	-16.0176
	}
}
