;Exported by: Normand
;Date:        Fri May 03 21:40:35 2019
;File:        C:\Users\Normand\citroen.max
{Skeleton
	{animation
		{sequence "doorright1" {speed 0.35}}
		{sequence "doorleft1" {speed 0.35}}
		{sequence "doorright2" {speed 0.35}}
		{sequence "doorleft2" {speed 0.35}}
		{sequence "stop" {speed 0.3}}
		{sequence "start" {speed 0.3}}
	}
	{bone "basis"
		{parameters "SteerMax=30;WheelRadius=0.37;"}
		{Orientation
			1	0	0
			0	-1	0
			0	0	1
		}
		{bone "emit1"
			{Matrix34
				0	-1	0
				1	0	0
				0	0	1
				12.80011	25.8211	0
			}
		}
		{bone "emit2"
			{Matrix34
				0	1	0
				-1	0	0
				0	0	1
				12.79722	-25.8665	0
			}
		}
		{bone "emit4"
			{Matrix34
				0	1	0
				-1	0	0
				0	0	1
				-16.811	-25.8665	0
			}
		}
		{bone "emit3"
			{Matrix34
				0	-1	0
				1	0	0
				0	0	1
				-16.8358	25.8211	0
			}
		}
		{bone "pivot_back"
			{Position -23.9896	0.0824012	7.01939}
			{VolumeView "pivot_back.ply"}
			{bone prizmatic "suspension_r2"
				{limits -0.07 0.06}
				{speed2 0.5}
				{Matrix34
					1   0   0
					0   1   0
					0   0   1
					0.378452	-16.5291	0.0435009
				}
			{bone revolute "wheelr2"
				{Matrix34
					-0.999848	0.0174523	0
					0.000304585	0.0174498	0.999848
					0.0174496	0.999695	-0.0174525
					0   0   0
				}
				{VolumeView "wheelr2.ply"}
			}
			}
			{bone prizmatic "suspension_l2"
				{limits -0.07 0.06}
				{speed2 0.5}
				{Matrix34
					1   0   0
					0   1   0
					0   0   1
					-0.0600319	16.2603	0.0182724
				}
			{bone revolute "wheell2"
				{Matrix34
					-0.999848	0.0174523	0
					0.000304585	0.0174498	0.999848
					0.0174496	0.999695	-0.0174525
					0   0   0
				}
				{VolumeView "wheell2.ply"}
			}
			}
			{bone "fxtracel2"
				{Matrix34
					-1	0	0
					0	0	-1
					0	-1	0
					0.180269	16.4007	-7.04387
				}
			}
			{bone "fxtracer2"
				{Matrix34
					-1	0	0
					0	0	-1
					0	-1	0
					0.157137	-16.5193	-7.02017
				}
			}
		}
		{bone "body"
			{parameters "ID=body;"}
			{animation
				{sequence "repair" {file "body_r.anm"} {speed 0.4}}
			}
			{Position 3.39361	0.0467366	15.4445}
			{VolumeView "body.ply"}
			{bone "headlightr"
				{Position 37.1033	-9.74414	2.52906}
			}
			{bone "fxlight"
				{Position 92.9692	-0.0357794	-9.94554}
			}
			{bone "fxstop1"
				{Matrix34
					-1	0	0
					0	-1	0
					0	0	1
					-38.4097	-14.8559	-5.15109
				}
			}
			{bone "fxfire1"
				{Position 21.8454	-0.00427263	1.63397}
			}
			{bone "fxsmoke1"
				{Matrix34
					-0.894035	0.409863	-0.180868
					-0.401725	-0.912147	-0.0812707
					-0.198288	0	0.980144
					-42.7468	5.80197	-10.2387
				}
			}
			{bone "fxstop2"
				{Matrix34
					-1	0	0
					0	-1	0
					0	0	1
					-38.4126	14.9283	-5.15109
				}
			}
			{bone "headlightl"
				{Position 37.0923	9.82969	2.5191}
			}
			{bone "seat01"
				{Matrix34
					0.9704	0	0.241502
					0	1	0
					-0.241502	0	0.9704
					-11.2914	5.85523	-10.4339
				}
			}
			{bone "seat02"
				{Matrix34
					0.9704	0	0.241502
					0	1	0
					-0.241502	0	0.9704
					-11.2914	-5.7526	-10.4339
				}
			}
			{bone "driver"
				{Matrix34
					0.908465	0	0.417961
					0	1	0
					-0.417961	0	0.908465
					8.0461	6.53024	-10.67596
				}
			}
			{bone "commander"
				{Matrix34
					0.908465	0	0.417961
					0	1	0
					-0.417961	0	0.908465
					8.0461	-6.86229	-10.67596
				}
			}
			{bone "glass_front"
				{Position 8.38071	0	9.17241}
				{VolumeView "glass_front.ply"}
			}
			{bone "glass_back"
				{Position -29.4921	-0.12092	8.37549}
				{VolumeView "glass_back.ply"}
			}
			{bone "doorl2"
				{Position -6.56429	14.7934	0.324814}
				{VolumeView "doorl2.ply"}
				{bone "glass_doorl2"
					{Position -7.67239	-1.48065	8.10983}
					{VolumeView "glass_doorl2.ply"}
				}
			}
			{bone "doorr2"
				{Position -6.59039	-15.0909	-0.110134}
				{VolumeView "doorr2.ply"}
				{bone "glass_doorr2"
					{Position -7.6463	1.77818	8.54478}
					{VolumeView "glass_doorr2.ply"}
				}
			}
			{bone "doorr1"
				{Position -6.58436	-15.0836	-0.0166759}
				{VolumeView "doorr1.ply"}
				{bone "glass_doorr1"
					{Position 8.10599	2.29638	8.45133}
					{VolumeView "glass_doorr1.ply"}
				}
			}
			{bone "doorl1"
				{Position -6.56429	14.7934	0.324814}
				{VolumeView "doorl1.ply"}
				{bone "glass_doorl1"
					{Position 8.08592	-2.0044	8.10983}
					{VolumeView "glass_doorl1.ply"}
				}
			}
		}
		{bone "pivot_front"
			{Position 34.7467	-0.223828	6.90629}
			{VolumeView "pivot_front.ply"}
			{bone revolute "steer_l"
				{Matrix34
					-1	0	0
					0	1	0
					0	0	1
					-0.185318	13.5667	1.28905
				}
			{bone prizmatic "suspension_l1"
				{limits -0.07 0.06}
				{speed2 0.5}
				{Matrix34
					1   0   0
					0   1   0
					0   0   1
						-0.101784	1.78797	-1.15594
				}
				{bone revolute "wheell1"
					{Matrix34
						0.999848	0.0174541	0
						-0.000304644	0.0174514	0.999848
						-0.0174514	0.999695	-0.0174541
					0   0   0
					}
					{VolumeView "wheell1.ply"}
				}
			}
				{bone "fxtracel1"
					{Matrix34
						1	0	0
						0	-1	0
						0	0	1
						0.026619	1.85876	-8.17883
					}
				}
			}
			{bone revolute "steer_r"
				{Matrix34
					-1	0	0
					0	1	0
					0	0	1
					-0.163704	-13.3773	1.28905
				}
			{bone prizmatic "suspension_r1"
				{limits -0.07 0.06}
				{speed2 0.5}
				{Matrix34
					1   0   0
					0   1   0
					0   0   1
						-0.0801888	-1.85988	-1.15682
				}
				{bone revolute "wheelr1"
					{Matrix34
						0.999848	0.0174537	0
						-0.000304637	0.0174514	0.999848
						-0.017451	0.999695	-0.0174541
					0   0   0
					}
					{VolumeView "wheelr1.ply"}
				}
			}
				{bone "fxtracer1"
					{Matrix34
						1	0	0
						0	-1	0
						0	0	1
						0.0192375	-1.96397	-8.17884
					}
				}
			}
		}
	}
}
{Volume "body"
	{Box 65.8481 18 4}
	{Bone "body"}
	{Position 0.640476	0.28875	-7.53385}
}
{Volume "cabin"
	{Polyhedron "cabin.vol"}
	{Bone "body"}
	{Position -12.8647	0.137109	-10.9073}
}
{Volume "engine"
	{Polyhedron "engine.vol"}
	{Bone "body"}
	{Position 24.0601	0.225193	-9.64661}
}
{Volume "glass_back"
	{Box 14.3119 4.60684 0.5}
	{Bone "glass_back"}
	{Matrix34
		0	-1	0
		0.460641	0	0.887586
		-0.887586	0	0.460641
		0.0470777	-0.0147905	0.122774
	}
}
{Volume "glass_doorleft1"
	{Box 11.0549 7.86602 0.5}
	{Bone "glass_doorl1"}
	{Matrix34
		0.997081	-0.0760829	-0.00645319
		0	-0.0845141	0.996422
		-0.0763561	-0.993513	-0.0842674
		-0.801416	-0.0605217	-0.0514128
	}
}
{Volume "glass_doorleft2"
	{Box 12.4411 7.41682 0.5}
	{Bone "glass_doorl2"}
	{Matrix34
		0.998972	-0.0449174	-0.00609625
		0	-0.134488	0.990915
		-0.0453292	-0.989897	-0.13435
		0.851365	-0.0334688	-0.1324
	}
}
{Volume "glass_doorright1"
	{Box 11.0549 7.86602 0.5}
	{Bone "glass_doorr1"}
	{Matrix34
		0.99708	0.0758389	-0.00894678
		0	0.117209	0.993107
		0.0763648	-0.990207	0.116868
		-0.763237	-0.257626	-0.00113666
	}
}
{Volume "glass_doorright2"
	{Box 12.4411 7.41682 0.5}
	{Bone "glass_doorr2"}
	{Matrix34
		0.998713	0.0369743	-0.0347057
		0.0293413	0.136865	0.990155
		0.0413603	-0.989899	0.135604
		0.87304	-0.0530197	-0.0649188
	}
}
{Volume "glass_front"
	{Box 22.5 7 0.5}
	{Bone "glass_front"}
	{Matrix34
		0	-1	0
		-0.369484	0	0.929237
		-0.929237	0	-0.369484
		-0.0053844	-0.0879618	0.0669575
	}
}
{Volume "wheelleft1"
	{Cylinder 7.2 3.4}
	{Bone "wheell1"}
	{Matrix34
		-1	0	0
		0	1	0
		0	0	1
		-0.0012218	-0.0139193	0.35888
	}
}
{Volume "wheelleft2"
	{Cylinder 7.2 3.4}
	{Bone "wheell2"}
	{Matrix34
		-1	0	0
		0	1	0
		0	0	1
		0.0549439	-0.0139207	0.358884
	}
}
{Volume "wheelright1"
	{Cylinder 7.2 3.4}
	{Bone "wheelr1"}
	{Matrix34
		-1	0	0
		0	1	0
		0	0	1
		0.00287166	0.00983374	-0.239734
	}
}
{Volume "wheelright2"
	{Cylinder 7.2 3.4}
	{Bone "wheelr2"}
	{Matrix34
		-1	0	0
		0	1	0
		0	0	1
		0.0463459	0.00983421	-0.239732
	}
}
