;Exported by: Shinelon
;Date:        Fri Feb 28 23:13:17 2020
;File:        E:\SteamLibrary\steamapps\common\Men of War Assault Squad 2\mods\max\r35_xx.max
{Skeleton
	{bone "basis"
		{Orientation
			1	0	0
			0	-1	0
			0	0	1
		}
		;{Extension "/properties/damage_components.ext"}
		{bone "emit2"
			{Matrix34
				0.25882	0.965926	0
				-0.965926	0.25882	0
				0	0	1
				-17.6448	-25.3294	0
			}
		}
		{bone "emit1"
			{Matrix34
				-1	0	0
				0	-1	0
				0	0	1
				41.6635	3.89519	-1.23189e-005
			}
		}
		{bone "body"
			{parameters "ID=body;"}
			{Position -0.0984239	0	14}
			{VolumeView "body.ply"}
			{bone revolute "turret"
				{parameters "ID=turret;"}
				{animation
					{sequence "break" {file "turret_r.anm"}}
				}
				{speed 0.008}
				{Matrix34
					0.960276	0.258819	-0.104319
					-0.257305	0.965926	0.0279523
					0.107999	0	0.994151
					-2.26274	0.255906	8.36853
				}
				{VolumeView "turret.ply"}
				{bone revolute "gun_rot"
					{parameters "ID=gun;"}
					{limits -10 13}
					{speed 0.01}
					{Matrix34
						1	0	0
						0	0.0871558	0.996195
						0	-0.996195	0.0871558
						8.46457	-2.25394	4.96063
					}
					{VolumeView "gun_rot.ply"}
					{bone "mgun"
						{parameters "ID=gun;"}
						{Matrix34
							1	0	0
							0	0.087156	-0.996195
							0	0.996195	0.087156
							6.00394	-1.38139	1.786
						}
						{VolumeView "mgun.ply"}
						{bone "foresight3"
							{Matrix34
								1	0	0
								0	1	0
								0	0	1
								0.649598	0	0
							}
						}
					}
					{bone "gun"
						{parameters "ID=gun;"}
						{Matrix34
							1	0	0
							0	0.087156	-0.996195
							0	0.996195	0.087156
							4.0748	0.353106	-0.196354
						}
						{VolumeView "gun.ply"}
						{bone "foresight1"
							{Matrix34
								1	0	0
								0	1	0
								0	0	1
								3.46457	0	0
							}
						}
					}
				}
				{bone "visor1"
					{Matrix34
						1	0	0
						0	1	0
						0	0	1
						7.66322	5.91092	3.92507
					}
				}
				{bone "fxfire2"
					{Matrix34
						-1	0	0
						0	-1	0
						0	0	1
						-0.895233	2.59779	11.472
					}
				}
			}
			{bone "shieldl2"
				{parameters "ID=shieldL2;"}
				{Matrix34
					0.999781	0	-0.0209424
					0	1	0
					0.0209424	0	0.999781
					23.0478	2.98228	0.608543
				}
				{VolumeView "shieldl2.ply"}
			}
			{bone "fxfire1"
				{Matrix34
					-0.999781	0	0.0209423
					0	-1	0
					0.0209423	0	0.999781
					-22.0442	1.3374	9.09684
				}
			}
			{bone "fxsmoke2"
				{Matrix34
					-0.866473	0	0.499224
					0	-1	0
					0.499224	0	0.866473
					-32.2179	17.295	5.63507
				}
			}
			{bone "fxsmoke1"
				{Matrix34
					-0.866473	0	0.499224
					0	-1	0
					0.499224	0	0.866473
					-31.9026	17.2074	5.62849
				}
			}
			{bone "visor2"
				{Matrix34
					0.999781	0	-0.0209424
					0	1	0
					0.0209424	0	0.999781
					16.017	2.87662	6.61583
				}
			}
		}
		{bone "wheelsr"
			{parameters "ID=trackright;"}
			{Position -4.77364	-15.0984	8.50394}
			{VolumeView "wheelsr.ply"}
			{bone revolute "wheelr5"
				{parameters "ID=trackright;"}
				{Matrix34
					-1	0	0
					0	0	1
					0	1	0
					-17.7362	-0.177166	-3.80905
				}
				{VolumeView "wheelr5.ply"}
			}
			{bone revolute "wheelr4"
				{parameters "ID=trackright;"}
				{Matrix34
					-1	0	0
					0	0	1
					0	1	0
					-6.43701	-0.177166	-3.80905
				}
				{VolumeView "wheelr4.ply"}
			}
			{bone revolute "wheelr3"
				{parameters "ID=trackright;"}
				{Matrix34
					-1	0	0
					0	0	1
					0	1	0
					3.83858	-0.177166	-3.80905
				}
				{VolumeView "wheelr3.ply"}
			}
			{bone revolute "wheelr2"
				{parameters "ID=trackright;"}
				{Matrix34
					-1	0	0
					0	0	1
					0	1	0
					15.1772	-0.177166	-3.80905
				}
				{VolumeView "wheelr2.ply"}
			}
			{bone revolute "wheelr1"
				{parameters "ID=trackright;"}
				{Matrix34
					-1	0	0
					0	0	1
					0	1	0
					24.813	-0.177166	-3.80905
				}
				{VolumeView "wheelr1.ply"}
			}
			{bone "trackr"
				{Position 4.77364	-0.157618	0.728584}
				{VolumeView "trackr.ply"}
				{bone "fxtracer2"
					{Matrix34
						-0.985528	0	0.169514
						0	-1	0
						0.169514	0	0.985528
						-21.8018	-0.0766621	-9.23254
					}
				}
				{bone "fxtracer1"
					{Matrix34
						-1	0	0
						0	-1	0
						0	0	1
						16.6075	-0.0766563	-9.23253
					}
				}
			}
		}
		{bone "wheelsl"
			{parameters "ID=trackleft;"}
			{Position -4.77364	15.6103	8.50394}
			{VolumeView "wheelsl.ply"}
			{bone revolute "wheell5"
				{parameters "ID=trackleft;"}
				{Matrix34
					-1	0	0
					0	0	1
					0	1	0
					-17.7362	0.17717	-3.80905
				}
				{VolumeView "wheell5.ply"}
			}
			{bone revolute "wheell4"
				{parameters "ID=trackleft;"}
				{Matrix34
					-1	0	0
					0	0	1
					0	1	0
					-6.43701	0.177166	-3.80905
				}
				{VolumeView "wheell4.ply"}
			}
			{bone revolute "wheell3"
				{parameters "ID=trackleft;"}
				{Matrix34
					-1	0	0
					0	0	1
					0	1	0
					3.83858	0.177166	-3.80905
				}
				{VolumeView "wheell3.ply"}
			}
			{bone revolute "wheell2"
				{parameters "ID=trackleft;"}
				{Matrix34
					-1	0	0
					0	0	1
					0	1	0
					15.1772	0.177166	-3.80905
				}
				{VolumeView "wheell2.ply"}
			}
			{bone revolute "wheell1"
				{parameters "ID=trackleft;"}
				{Matrix34
					-1	0	0
					0	0	1
					0	1	0
					24.813	0.177166	-3.80905
				}
				{VolumeView "wheell1.ply"}
			}
		}
		{bone "trackl"
			{parameters "ID=body;"}
			{Position 0	15.768	9.23252}
			{VolumeView "trackl.ply"}
			{bone "fxtracel1"
				{Matrix34
					-1	0	0
					0	-1	0
					0	0	1
					16.6074	-0.163277	-9.23255
				}
			}
			{bone "fxtracel2"
				{Matrix34
					-0.985528	0	0.169514
					0	-1	0
					0.169514	0	0.985528
					-21.8019	-0.163441	-9.23256
				}
			}
		}
	}
}
;{Extension "/properties/damage_components_vol.ext"}
{Volume "body1"
	{Polyhedron "body1.vol"}
	{Bone "body"}
	{Matrix34
		0.999781	0	-0.0209424
		0	1	0
		0.0209424	0	0.999781
		-7.22408e-005	0	-1.10451
	}
}
{Volume "gun"
	{Polyhedron "gun.vol"}
	{Bone "gun"}
	{Matrix34
		0	1	0
		-1	0	0
		0	0	1
		-4.12581	0.00611883	-0.60544
	}
}
{Volume "shieldl2"
	{Polyhedron "shieldl2.vol"}
	{Bone "shieldl2"}
	{Matrix34
		0.999781	0	0.0209426
		0	1	0
		-0.0209426	0	0.999781
		-4.68279	0.0268173	3.45812
	}
}
{Volume "trackleft"
	{Polyhedron "trackleft.vol"}
	{Bone "trackl"}
	{Position 0.177002	0	-0.324172}
}
{Volume "trackright"
	{Polyhedron "trackright.vol"}
	{Bone "trackr"}
	{Position 0.177002	0	-0.324167}
}
{Volume "turret"
	{Polyhedron "turret.vol"}
	{Bone "turret"}
	{Matrix34
		0	1	0
		-1	0	0
		0	0	1
		-0.0205431	0.0290906	0.291975
	}
}
