;Exported by: Normand
;Date:        Fri May 14 16:46:48 2021
;File:        C:\Users\Normand\type38_120mm_xx.max
{Skeleton
	{bone revolute "basis"
		{speed 0.002}
		{Orientation
			1	0	0
			0	-1	0
			0	0	1
		}
		{bone "pivot_front"
			{Position 0.0237266	-0.0507106	10.0085}
			{bone revolute "wheelright"
				{Matrix34
					-1	0	0
					0	0	1
					0	1	0
					-0.0223427	-12.6802	1.54489
				}
				{bone "part2"
					{Matrix34
						1	0	0
						0	0.834203	0.551458
						0	-0.551458	0.834203
						-0.000200904	-1.86228	0.127706
					}
					{VolumeView "wheelr.ply"}
				}
			}
			{bone revolute "wheelleft"
				{Matrix34
					-1	0	0
					0	0	1
					0	1	0
					-0.0223427	12.7673	1.54489
				}
				{bone "part1"
					{Matrix34
						1	0	0
						0	0.9887	-0.149909
						0	0.149909	0.9887
						-0.000199009	0.150848	-0.0135975
					}
					{VolumeView "wheell.ply"}
				}
			}
		}
		{bone "body"
			{parameters "ID=body;"}
			{Matrix34
				1	0	0
				0	0.996025	0.0890688
				0	-0.0890688	0.996025
				0.00211078	-0.0072576	10.7228
			}
			{VolumeView "body.ply"}
			{bone revolute "turret"
				{parameters "ID=body;"}
				{limits -1 1}
				{Position -48.6405	-0.0399482	-8.70759}
				{VolumeView "turret.ply"}
				{bone revolute "gun_rot"
					{parameters "ID=gun;"}
					{limits -5 45}
					{Matrix34
						0.997764	-0.056008	-0.0364619
						0.0337407	-0.0487946	0.998239
						-0.0576885	-0.997237	-0.0467958
						47.047	0.0285995	16.6562
					}
					{VolumeView "gun_rot.ply"}
					{bone "gun"
						{parameters "ID=gun;"}
						{Matrix34
							1	0	0
							0	0	-1
							0	1	0
							-1.12723	2.92295	0.386766
						}
						{VolumeView "gun.ply"}
						{bone "lock"
							{Position -13.6666	-2.48188	0.238098}
							{VolumeView "lock.ply"}
						}
					}
				}
			}
		}
	}
}
{Volume "body"
	{Box 3 21 3}
	{Bone "body"}
	{Position 0.0085107	-0.0318909	0.00444758}
}
{Volume "gun2"
	{Box 24.5452 4.5568 4}
	{Bone "gun_rot"}
	{Matrix34
		1	0	0
		0	0	-1
		0	1	0
		0.916017	-1.85767	0.0126083
	}
}
{Volume "gun"
	{Cylinder 2.55274 29.5}
	{Bone "gun"}
	{Matrix34
		0	-1	0
		0	0	1
		-1	0	0
		-0.0465918	0.422633	0.00469146
	}
}
{Volume "turret"
	{Polyhedron "turret.vol"}
	{Bone "turret"}
	{Position 20.9796	-0.116289	-1.38915}
}
{Volume "part1"
	{Cylinder 12.2593 2.46407}
	{Bone "part1"}
	{Matrix34
		-1	0	0
		0	1	0
		0	0	-1
		-0.0107473	-0.0348706	-0.0672804
	}
}
{Volume "part2"
	{Cylinder 12.2593 2.46407}
	{Bone "part2"}
	{Matrix34
		-1	0	0
		0	1	0
		0	0	-1
		-0.0107443	-0.034873	0.0401216
	}
}
